0 3
1 31
2 314
3 3141
4 31415
5 314159
6 3141592
7 31415926
8 314159265
9 3141592653
10 31415926535
11 314159265358
12 3141592653589
13 31415926535897
14 314159265358979
15 3141592653589793
16 31415926535897932
17 314159265358979323
18 3141592653589793238
19 31415926535897932384
20 314159265358979323846
21 3141592653589793238462
22 31415926535897932384626
23 314159265358979323846264
24 3141592653589793238462643
25 31415926535897932384626433
26 314159265358979323846264338
27 3141592653589793238462643383
28 31415926535897932384626433832
29 314159265358979323846264338327
30 3141592653589793238462643383279
31 31415926535897932384626433832795
32 314159265358979323846264338327950
33 3141592653589793238462643383279502
34 31415926535897932384626433832795028
35 314159265358979323846264338327950288
36 3141592653589793238462643383279502884
37 31415926535897932384626433832795028841
38 314159265358979323846264338327950288419
39 3141592653589793238462643383279502884197
40 31415926535897932384626433832795028841971
41 314159265358979323846264338327950288419716
42 3141592653589793238462643383279502884197169
43 31415926535897932384626433832795028841971693
44 314159265358979323846264338327950288419716939
45 3141592653589793238462643383279502884197169399
46 31415926535897932384626433832795028841971693993
47 314159265358979323846264338327950288419716939937
48 3141592653589793238462643383279502884197169399375
49 31415926535897932384626433832795028841971693993751
50 314159265358979323846264338327950288419716939937510
51 3141592653589793238462643383279502884197169399375105
52 31415926535897932384626433832795028841971693993751058
53 314159265358979323846264338327950288419716939937510582
54 3141592653589793238462643383279502884197169399375105820
55 31415926535897932384626433832795028841971693993751058209
56 314159265358979323846264338327950288419716939937510582097
57 3141592653589793238462643383279502884197169399375105820974
58 31415926535897932384626433832795028841971693993751058209749
59 314159265358979323846264338327950288419716939937510582097494
60 3141592653589793238462643383279502884197169399375105820974944
61 31415926535897932384626433832795028841971693993751058209749445
62 314159265358979323846264338327950288419716939937510582097494459
63 3141592653589793238462643383279502884197169399375105820974944592
64 31415926535897932384626433832795028841971693993751058209749445923
65 314159265358979323846264338327950288419716939937510582097494459230
66 3141592653589793238462643383279502884197169399375105820974944592307
67 31415926535897932384626433832795028841971693993751058209749445923078
68 314159265358979323846264338327950288419716939937510582097494459230781
69 3141592653589793238462643383279502884197169399375105820974944592307816
70 31415926535897932384626433832795028841971693993751058209749445923078164
71 314159265358979323846264338327950288419716939937510582097494459230781640
72 3141592653589793238462643383279502884197169399375105820974944592307816406
73 31415926535897932384626433832795028841971693993751058209749445923078164062
74 314159265358979323846264338327950288419716939937510582097494459230781640628
75 3141592653589793238462643383279502884197169399375105820974944592307816406286
76 31415926535897932384626433832795028841971693993751058209749445923078164062862
77 314159265358979323846264338327950288419716939937510582097494459230781640628620
78 3141592653589793238462643383279502884197169399375105820974944592307816406286208
79 31415926535897932384626433832795028841971693993751058209749445923078164062862089
80 314159265358979323846264338327950288419716939937510582097494459230781640628620899
81 3141592653589793238462643383279502884197169399375105820974944592307816406286208998
82 31415926535897932384626433832795028841971693993751058209749445923078164062862089986
83 314159265358979323846264338327950288419716939937510582097494459230781640628620899862
84 3141592653589793238462643383279502884197169399375105820974944592307816406286208998628
85 31415926535897932384626433832795028841971693993751058209749445923078164062862089986280
86 314159265358979323846264338327950288419716939937510582097494459230781640628620899862803
87 3141592653589793238462643383279502884197169399375105820974944592307816406286208998628034
88 31415926535897932384626433832795028841971693993751058209749445923078164062862089986280348
89 314159265358979323846264338327950288419716939937510582097494459230781640628620899862803482
90 3141592653589793238462643383279502884197169399375105820974944592307816406286208998628034825
91 31415926535897932384626433832795028841971693993751058209749445923078164062862089986280348253
92 314159265358979323846264338327950288419716939937510582097494459230781640628620899862803482534
93 3141592653589793238462643383279502884197169399375105820974944592307816406286208998628034825342
94 31415926535897932384626433832795028841971693993751058209749445923078164062862089986280348253421
95 314159265358979323846264338327950288419716939937510582097494459230781640628620899862803482534211
96 3141592653589793238462643383279502884197169399375105820974944592307816406286208998628034825342117
97 31415926535897932384626433832795028841971693993751058209749445923078164062862089986280348253421170
98 314159265358979323846264338327950288419716939937510582097494459230781640628620899862803482534211706
99 3141592653589793238462643383279502884197169399375105820974944592307816406286208998628034825342117067
100 31415926535897932384626433832795028841971693993751058209749445923078164062862089986280348253421170679

