0 1
1 2
2 4
3 8
4 16
5 32
6 64
7 128
8 256
9 512
10 9765625
11 177147
12 531441
13 8192
14 16384
15 32768
16 65536
17 17179869184
18 262144
19 524288
20 3833759992447475122176
21 1582794342217312156827221746448942623537121214738891981
22 341427877364219557396646723584
23 94143178827
24 16777216
25 33554432
26 2541865828329
27 134217728
28 268435456
29 36845653286788892983296
30 931322574615478515625
31 2147483648
32 4294967296
33 8589934592
34 17179869184
35 34359738368
36 68719476736
37 137438953472
38 75557863725914323419136
39 549755813888
