# Computed by Robert Israel, November 17 2019
# using Maple 2019.2, X86 64 WINDOWS, Oct 30 2019, Build ID 1430966
0 0
1 0
2 0
3 0
4 0
5 1
6 1
7 1
8 2
9 2
10 1
11 1
12 1
13 4
14 1
15 0
16 4
17 2
18 3
19 3
20 3
21 3
22 3
23 7
24 7
25 9
26 5
27 6
28 6
29 4
30 4
31 3
32 5
33 6
34 7
35 9
36 9
37 10
38 6
39 6
40 9
41 9
42 8
43 9
44 8
45 7
46 13
47 12
48 13
49 9
50 5
51 9
52 8
53 6
54 16
55 13
56 9
57 10
58 11
59 11
60 7
61 14
62 13
63 13
64 9
65 12
66 14
67 15
68 15
69 11
70 11
71 17
72 15
73 19
74 14
75 19
76 12
77 18
78 15
79 11
80 10
81 16
82 15
83 14
84 14
85 13
86 17
87 14
88 20
89 14
90 19
91 20
92 18
93 18
94 13
95 18
96 17
97 19
98 8
99 21
100 23
101 18
102 20
103 19
104 21
105 20
106 11
107 23
108 21
109 30
110 32
111 32
112 29
113 28
114 25
115 24
116 19
117 27
118 23
119 26
120 28
121 25
122 29
123 23
124 25
125 23
126 30
127 33
128 27
129 18
130 30
131 25
132 29
133 34
134 32
135 31
136 35
137 24
138 24
139 24
140 30
141 22
142 22
143 18
144 28
145 29
146 30
147 30
148 25
149 33
150 32
151 34
152 27
153 32
154 30
155 32
156 30
157 30
158 34
159 31
160 25
161 32
162 37
163 42
164 36
165 31
166 31
167 27
168 25
169 36
170 27
171 31
172 28
173 35
174 30
175 35
176 35
177 38
178 33
179 32
180 37
181 33
182 42
183 35
184 36
185 36
186 39
187 37
188 49
189 43
190 42
191 46
192 37
193 40
194 31
195 41
196 45
197 43
198 40
199 47
200 51
201 44
202 42
203 43
204 44
205 49
206 48
207 44
208 50
209 43
210 46
211 41
212 45
213 44
214 47
215 50
216 47
217 40
218 47
219 51
220 42
221 52
222 44
223 50
224 42
225 34
226 41
227 48
228 43
229 44
230 41
231 42
232 48
233 50
234 55
235 54
236 55
237 45
238 56
239 51
240 51
241 49
242 51
243 40
244 41
245 38
246 51
247 47
248 44
249 50
250 62
251 55
252 61
253 50
254 48
255 41
256 51
257 50
258 60
259 58
260 52
261 55
262 58
263 59
264 64
265 65
266 53
267 54
268 68
269 52
270 64
271 62
272 65
273 62
274 55
275 52
276 54
277 65
278 61
279 63
280 57
281 66
282 54
283 57
284 59
285 63
286 58
287 58
288 59
289 61
290 58
291 63
292 69
293 63
294 74
295 79
296 71
297 60
298 71
299 71
300 71
301 61
302 63
303 60
304 62
305 58
306 67
307 70
308 72
309 67
310 60
311 59
312 66
313 79
314 73
315 66
316 69
317 68
318 72
319 67
320 62
321 76
322 65
323 79
324 81
325 71
326 69
327 63
328 76
329 65
330 72
331 64
332 76
333 84
334 87
335 67
336 68
337 72
338 70
339 69
340 69
341 59
342 76
343 66
344 70
345 86
346 84
347 84
348 85
349 81
350 60
351 76
352 73
353 82
354 69
355 78
356 81
357 72
358 71
359 73
360 75
361 83
362 77
363 79
364 69
365 72
366 66
367 81
368 75
369 93
370 75
371 85
372 75
373 78
374 76
375 77
376 77
377 86
378 81
379 77
380 74
381 81
382 85
383 75
384 78
385 73
386 85
387 80
388 84
389 68
390 77
391 76
392 78
393 81
394 95
395 88
396 90
397 102
398 86
399 85
400 83
401 97
402 89
403 79
404 90
405 86
406 94
407 104
408 92
409 82
410 69
411 65
412 87
413 79
414 79
415 71
416 96
417 94
418 84
419 92
420 89
421 86
422 81
423 82
424 81
425 93
426 88
427 91
428 86
429 86
430 80
431 91
432 76
433 86
434 93
435 86
436 89
437 94
438 87
439 86
440 90
441 97
442 75
443 96
444 86
445 93
446 97
447 90
448 104
449 100
450 88
451 92
452 93
453 76
454 94
455 97
456 104
457 92
458 98
459 84
460 82
461 88
462 89
463 96
464 95
465 101
466 102
467 104
468 99
469 96
470 103
471 89
472 103
473 95
474 92
475 89
476 87
477 107
478 97
479 105
480 113
481 113
482 102
483 93
484 87
485 100
486 104
487 101
488 101
489 111
490 104
491 109
492 97
493 85
494 100
495 95
496 104
497 97
498 100
499 112
500 107
501 103
502 101
503 102
504 98
505 113
506 107
507 98
508 102
509 116
510 112
511 105
512 107
513 117
514 105
515 92
516 113
517 105
518 101
519 110
520 91
521 105
522 99
523 105
524 102
525 116
526 113
527 111
528 127
529 116
530 114
531 112
532 117
533 113
534 106
535 108
536 95
537 110
538 103
539 120
540 110
541 119
542 122
543 129
544 121
545 119
546 134
547 112
548 114
549 122
550 117
551 107
552 125
553 118
554 111
555 116
556 112
557 122
558 137
559 122
560 104
561 122
562 111
563 123
564 118
565 125
566 120
567 128
568 123
569 126
570 119
571 122
572 110
573 114
574 107
575 109
576 135
577 125
578 123
579 126
580 131
581 123
582 126
583 132
584 133
585 135
586 128
587 119
588 125
589 123
590 110
591 104
592 110
593 118
594 121
595 134
596 126
597 130
598 122
599 141
600 135
601 132
602 125
603 126
604 129
605 134
606 130
607 129
608 129
609 147
610 133
611 150
612 130
613 138
614 128
615 128
616 122
617 132
618 122
619 119
620 117
621 121
622 121
623 132
624 125
625 121
626 123
627 134
628 133
629 138
630 151
631 154
632 133
633 138
634 146
635 126
636 131
637 130
638 138
639 140
640 133
641 123
642 127
643 116
644 143
645 132
646 138
647 125
648 147
649 130
650 147
651 136
652 136
653 138
654 131
655 135
656 149
657 162
658 155
659 165
660 137
661 164
662 142
663 146
664 135
665 133
666 144
667 144
668 140
669 123
670 148
671 137
672 146
673 159
674 156
675 166
676 149
677 159
678 148
679 146
680 120
681 133
682 145
683 129
684 129
685 144
686 147
687 144
688 146
689 143
690 152
691 164
692 143
693 154
694 160
695 156
696 163
697 154
698 147
699 148
700 151
701 153
702 144
703 149
704 160
705 159
706 159
707 161
708 137
709 166
710 155
711 164
712 158
713 151
714 149
715 163
716 136
717 138
718 155
719 164
720 160
721 153
722 151
723 154
724 157
725 157
726 167
727 156
728 140
729 165
730 157
731 155
732 140
733 145
734 144
735 150
736 145
737 154
738 166
739 147
740 162
741 148
742 155
743 157
744 142
745 151
746 142
747 144
748 152
749 163
750 169
751 169
752 163
753 165
754 161
755 160
756 155
757 161
758 147
759 141
760 158
761 154
762 156
763 147
764 159
765 173
766 180
767 158
768 161
769 157
770 167
771 165
772 168
773 169
774 158
775 165
776 168
777 172
778 145
779 184
780 182
781 174
782 176
783 162
784 174
785 163
786 163
787 156
788 158
789 157
790 186
791 164
792 163
793 157
794 173
795 169
796 162
797 164
798 156
799 161
800 156
801 143
802 172
803 167
804 163
805 166
806 172
807 166
808 149
809 163
810 164
811 175
812 175
813 172
814 178
815 162
816 163
817 152
818 180
819 192
820 180
821 176
822 184
823 153
824 170
825 168
826 155
827 157
828 173
829 184
830 179
831 183
832 177
833 181
834 168
835 174
836 165
837 197
838 168
839 183
840 169
841 195
842 180
843 176
844 187
845 182
846 177
847 168
848 166
849 188
850 183
851 175
852 171
853 177
854 182
855 173
856 198
857 191
858 190
859 204
860 197
861 190
862 191
863 180
864 184
865 172
866 185
867 199
868 206
869 187
870 191
871 177
872 190
873 184
874 176
875 187
876 195
877 196
878 180
879 189
880 191
881 177
882 195
883 168
884 203
885 203
886 198
887 186
888 185
889 198
890 167
891 181
892 174
893 179
894 188
895 194
896 192
897 195
898 197
899 184
900 188
901 183
902 197
903 190
904 193
905 175
906 196
907 192
908 185
909 185
910 191
911 211
912 178
913 188
914 195
915 194
916 199
917 183
918 199
919 184
920 201
921 195
922 190
923 180
924 190
925 200
926 197
927 219
928 187
929 183
930 183
931 191
932 195
933 205
934 182
935 197
936 193
937 200
938 200
939 201
940 197
941 198
942 206
943 195
944 216
945 200
946 223
947 192
948 200
949 189
950 201
951 199
952 191
953 198
954 202
955 204
956 199
957 198
958 194
959 215
960 206
961 217
962 209
963 215
964 212
965 201
966 208
967 204
968 189
969 215
970 220
971 201
972 210
973 195
974 202
975 203
976 213
977 192
978 222
979 205
980 224
981 183
982 189
983 220
984 203
985 227
986 220
987 209
988 203
989 202
990 209
991 196
992 185
993 203
994 207
995 230
996 222
997 208
998 203
999 192
1000 213
1001 202
1002 223
1003 207
1004 227
1005 225
1006 218
1007 206
1008 213
1009 228
1010 198
1011 205
1012 219
1013 216
1014 220
1015 232
1016 218
1017 212
1018 206
1019 218
1020 211
1021 203
1022 201
1023 203
1024 223
1025 224
1026 235
1027 215
1028 214
1029 222
1030 229
1031 218
1032 217
1033 227
1034 221
1035 234
1036 220
1037 213
1038 224
1039 203
1040 227
1041 206
1042 215
1043 193
1044 227
1045 213
1046 208
1047 207
1048 202
1049 204
1050 220
1051 208
1052 235
1053 226
1054 229
1055 208
1056 210
1057 209
1058 213
1059 210
1060 242
1061 223
1062 237
1063 226
1064 210
1065 210
1066 196
1067 223
1068 216
1069 227
1070 219
1071 222
1072 200
1073 218
1074 240
1075 239
1076 237
1077 201
1078 209
1079 217
1080 236
1081 232
1082 219
1083 208
1084 214
1085 212
1086 233
1087 233
1088 239
1089 216
1090 241
1091 246
1092 244
1093 226
1094 227
1095 218
1096 204
1097 232
1098 227
1099 233
1100 231
1101 241
1102 223
1103 227
1104 248
1105 225
1106 231
1107 212
1108 251
1109 244
1110 236
1111 245
1112 246
1113 247
1114 262
1115 253
1116 262
1117 234
1118 238
1119 223
1120 233
1121 226
1122 236
1123 213
1124 237
1125 230
1126 246
1127 225
1128 237
1129 250
1130 227
1131 241
1132 237
1133 247
1134 226
1135 219
1136 225
1137 249
1138 253
1139 234
1140 258
1141 248
1142 255
1143 246
1144 245
1145 252
1146 257
1147 263
1148 248
1149 255
1150 268
1151 258
1152 295
1153 261
1154 268
1155 257
1156 247
1157 247
1158 273
1159 253
1160 251
1161 245
1162 234
1163 234
1164 233
1165 248
1166 246
1167 233
1168 230
1169 230
1170 240
1171 234
1172 268
1173 261
1174 255
1175 230
1176 262
1177 258
1178 264
1179 252
1180 233
1181 236
1182 261
1183 221
1184 259
1185 261
1186 258
1187 237
1188 244
1189 230
1190 247
1191 231
1192 250
1193 245
1194 250
1195 236
1196 272
1197 257
1198 241
1199 237
1200 234
1201 224
1202 246
1203 222
1204 261
1205 250
1206 240
1207 226
1208 267
1209 250
1210 254
1211 279
1212 258
1213 250
1214 242
1215 248
1216 234
1217 235
1218 245
1219 255
1220 256
1221 249
1222 234
1223 261
1224 288
1225 277
1226 273
1227 274
1228 283
1229 272
1230 254
1231 255
1232 234
1233 274
1234 273
1235 265
1236 254
1237 250
1238 264
1239 269
1240 263
1241 263
1242 261
1243 270
1244 258
1245 276
1246 270
1247 267
1248 262
1249 237
1250 264
1251 237
1252 244
1253 262
1254 266
1255 279
1256 262
1257 242
1258 258
1259 264
1260 271
1261 287
1262 266
1263 268
1264 260
1265 261
1266 263
1267 255
1268 247
1269 279
1270 246
1271 290
1272 287
1273 280
1274 260
1275 265
1276 258
1277 256
1278 255
1279 279
1280 289
1281 254
1282 247
1283 303
1284 281
1285 270
1286 282
1287 266
1288 278
1289 269
1290 285
1291 274
1292 261
1293 279
1294 249
1295 281
1296 273
1297 273
1298 270
1299 254
1300 264
1301 263
1302 288
1303 280
1304 290
1305 284
1306 307
1307 281
1308 268
1309 266
1310 287
1311 277
1312 278
1313 285
1314 293
1315 278
1316 260
1317 295
1318 272
1319 286
1320 302
1321 281
1322 288
1323 271
1324 281
1325 266
1326 287
1327 249
1328 263
1329 271
1330 303
1331 275
1332 268
1333 281
1334 269
1335 273
1336 262
1337 267
1338 274
1339 267
1340 291
1341 286
1342 296
1343 282
1344 295
1345 265
1346 271
1347 276
1348 280
1349 274
1350 288
1351 276
1352 292
1353 298
1354 294
1355 282
1356 278
1357 277
1358 285
1359 290
1360 261
1361 281
1362 278
1363 273
1364 287
1365 278
1366 285
1367 293
1368 291
1369 290
1370 281
1371 289
1372 287
1373 296
1374 312
1375 304
1376 288
1377 280
1378 286
1379 267
1380 290
1381 280
1382 291
1383 290
1384 269
1385 299
1386 301
1387 301
1388 278
1389 317
1390 316
1391 314
1392 305
1393 289
1394 280
1395 288
1396 305
1397 298
1398 277
1399 308
1400 296
1401 307
1402 276
1403 276
1404 280
1405 303
1406 286
1407 283
1408 280
1409 309
1410 303
1411 280
1412 293
1413 296
1414 317
1415 304
1416 287
1417 286
1418 301
1419 301
1420 324
1421 281
1422 304
1423 321
1424 318
1425 310
1426 306
1427 311
1428 310
1429 308
1430 302
1431 315
1432 312
1433 299
1434 295
1435 273
1436 301
1437 294
1438 288
1439 300
1440 293
1441 278
1442 307
1443 303
1444 308
1445 303
1446 310
1447 316
1448 291
1449 294
1450 302
1451 295
1452 312
1453 289
1454 299
1455 302
1456 333
1457 289
1458 296
1459 295
1460 302
1461 294
1462 301
1463 319
1464 323
1465 320
1466 297
1467 280
1468 296
1469 305
1470 314
1471 330
1472 294
1473 299
1474 307
1475 288
1476 314
1477 308
1478 314
1479 290
1480 301
1481 307
1482 321
1483 318
1484 300
1485 315
1486 302
1487 304
1488 334
1489 320
1490 316
1491 307
1492 336
1493 320
1494 329
1495 339
1496 330
1497 322
1498 321
1499 335
1500 332
1501 319
1502 295
1503 287
1504 309
1505 340
1506 303
1507 331
1508 316
1509 311
1510 330
1511 301
1512 336
1513 326
1514 325
1515 341
1516 320
1517 327
1518 328
1519 332
1520 341
1521 333
1522 337
1523 326
1524 333
1525 323
1526 338
1527 313
1528 308
1529 314
1530 335
1531 320
1532 309
1533 322
1534 345
1535 317
1536 332
1537 326
1538 337
1539 342
1540 313
1541 338
1542 318
1543 312
1544 310
1545 322
1546 330
1547 316
1548 315
1549 343
1550 306
1551 343
1552 314
1553 351
1554 348
1555 331
1556 314
1557 321
1558 341
1559 316
1560 340
1561 328
1562 336
1563 338
1564 333
1565 348
1566 344
1567 348
1568 326
1569 313
1570 320
1571 327
1572 308
1573 345
1574 329
1575 351
1576 346
1577 322
1578 335
1579 347
1580 335
1581 338
1582 330
1583 321
1584 317
1585 306
1586 352
1587 339
1588 345
1589 366
1590 337
1591 355
1592 327
1593 325
1594 327
1595 328
1596 322
1597 330
1598 330
1599 337
1600 349
1601 304
1602 330
1603 331
1604 342
1605 357
1606 353
1607 383
1608 332
1609 340
1610 342
1611 329
1612 341
1613 333
1614 342
1615 342
1616 351
1617 349
1618 327
1619 339
1620 354
1621 358
1622 359
1623 339
1624 333
1625 320
1626 344
1627 327
1628 350
1629 335
1630 328
1631 357
1632 366
1633 324
1634 338
1635 335
1636 350
1637 348
1638 379
1639 331
1640 340
1641 337
1642 325
1643 349
1644 330
1645 340
1646 347
1647 346
1648 347
1649 350
1650 340
1651 337
1652 342
1653 337
1654 334
1655 347
1656 338
1657 318
1658 360
1659 321
1660 370
1661 349
1662 354
1663 349
1664 352
1665 358
1666 351
1667 331
1668 337
1669 371
1670 349
1671 357
1672 359
1673 340
1674 360
1675 348
1676 368
1677 362
1678 348
1679 350
1680 370
1681 361
1682 372
1683 359
1684 361
1685 341
1686 363
1687 324
1688 348
1689 384
1690 355
1691 368
1692 354
1693 359
1694 381
1695 347
1696 360
1697 351
1698 360
1699 351
1700 325
1701 370
1702 342
1703 363
1704 347
1705 364
1706 371
1707 371
1708 320
1709 382
1710 365
1711 372
1712 361
1713 353
1714 343
1715 360
1716 389
1717 391
1718 362
1719 383
1720 372
1721 342
1722 362
1723 356
1724 364
1725 351
1726 368
1727 374
1728 360
1729 395
1730 360
1731 370
1732 351
1733 364
1734 364
1735 361
1736 350
1737 379
1738 390
1739 359
1740 359
1741 349
1742 366
1743 374
1744 377
1745 380
1746 361
1747 378
1748 339
1749 355
1750 357
1751 353
1752 358
1753 362
1754 370
1755 346
1756 352
1757 384
1758 362
1759 390
1760 383
1761 387
1762 368
1763 364
1764 398
1765 381
1766 364
1767 394
1768 365
1769 355
1770 380
1771 403
1772 402
1773 397
1774 344
1775 363
1776 335
1777 388
1778 347
1779 406
1780 388
1781 379
1782 370
1783 373
1784 393
1785 380
1786 369
1787 374
1788 365
1789 365
1790 358
1791 378
1792 418
1793 404
1794 399
1795 387
1796 375
1797 380
1798 359
1799 365
1800 426
1801 388
1802 364
1803 360
1804 400
1805 353
1806 369
1807 361
1808 405
1809 384
1810 409
1811 387
1812 380
1813 406
1814 383
1815 391
1816 379
1817 399
1818 396
1819 390
1820 381
1821 386
1822 374
1823 409
1824 377
1825 386
1826 383
1827 348
1828 376
1829 363
1830 407
1831 405
1832 401
1833 401
1834 403
1835 370
1836 400
1837 408
1838 396
1839 424
1840 405
1841 387
1842 376
1843 395
1844 355
1845 363
1846 372
1847 396
1848 392
1849 390
1850 377
1851 404
1852 383
1853 385
1854 396
1855 399
1856 411
1857 394
1858 419
1859 409
1860 417
1861 375
1862 419
1863 389
1864 385
1865 353
1866 368
1867 369
1868 382
1869 391
1870 427
1871 424
1872 430
1873 426
1874 418
1875 426
1876 386
1877 409
1878 371
1879 392
1880 391
1881 359
1882 376
1883 399
1884 401
1885 389
1886 375
1887 383
1888 418
1889 396
1890 419
1891 394
1892 417
1893 405
1894 409
1895 404
1896 373
1897 387
1898 418
1899 404
1900 420
1901 426
1902 427
1903 403
1904 392
1905 388
1906 404
1907 422
1908 419
1909 405
1910 413
1911 399
1912 419
1913 414
1914 383
1915 423
1916 401
1917 444
1918 425
1919 429
1920 399
1921 431
1922 404
1923 407
1924 433
1925 395
1926 407
1927 443
1928 408
1929 425
1930 396
1931 409
1932 400
1933 411
1934 431
1935 407
1936 406
1937 397
1938 399
1939 387
1940 432
1941 402
1942 417
1943 391
1944 387
1945 397
1946 410
1947 405
1948 383
1949 387
1950 385
1951 414
1952 425
1953 425
1954 410
1955 411
1956 388
1957 429
1958 431
1959 432
1960 398
1961 410
1962 407
1963 417
1964 415
1965 417
1966 430
1967 407
1968 409
1969 393
1970 426
1971 433
1972 436
1973 410
1974 416
1975 415
1976 425
1977 427
1978 439
1979 436
1980 419
1981 421
1982 375
1983 407
1984 425
1985 437
1986 406
1987 423
1988 415
1989 403
1990 387
1991 418
1992 425
1993 422
1994 450
1995 384
1996 433
1997 423
1998 439
1999 430
2000 418
2001 423
2002 427
2003 403
2004 397
2005 452
2006 431
2007 411
2008 428
2009 412
2010 410
2011 424
2012 433
2013 415
2014 441
2015 419
2016 410
2017 432
2018 435
2019 424
2020 428
2021 435
2022 421
2023 451
2024 419
2025 408
2026 447
2027 437
2028 449
2029 419
2030 428
2031 426
2032 439
2033 456
2034 435
2035 415
2036 376
2037 439
2038 406
2039 429
2040 411
2041 424
2042 406
2043 429
2044 421
2045 418
2046 410
2047 427
2048 411
2049 417
2050 436
2051 406
2052 453
2053 441
2054 430
2055 437
2056 414
2057 441
2058 458
2059 436
2060 430
2061 440
2062 417
2063 435
2064 434
2065 436
2066 421
2067 425
2068 426
2069 410
2070 416
2071 419
2072 436
2073 412
2074 408
2075 442
2076 424
2077 457
2078 435
2079 452
2080 439
2081 424
2082 418
2083 467
2084 451
2085 467
2086 472
2087 456
2088 463
2089 440
2090 462
2091 434
2092 432
2093 442
2094 441
2095 452
2096 406
2097 409
2098 420
2099 435
2100 401
2101 460
2102 455
2103 448
2104 453
2105 416
2106 449
2107 425
2108 416
2109 457
2110 463
2111 452
2112 434
2113 458
2114 412
2115 444
2116 412
2117 450
2118 404
2119 425
2120 442
2121 450
2122 416
2123 431
2124 414
2125 440
2126 423
2127 456
2128 434
2129 422
2130 462
2131 457
2132 428
2133 468
2134 452
2135 418
2136 474
2137 450
2138 444
2139 420
2140 458
2141 423
2142 452
2143 458
2144 464
2145 441
2146 447
2147 456
2148 474
2149 463
2150 478
2151 454
2152 463
2153 477
2154 466
2155 456
2156 426
2157 465
2158 430
2159 453
2160 477
2161 454
2162 450
2163 440
2164 444
2165 453
2166 466
2167 485
2168 460
2169 439
2170 477
2171 473
2172 464
2173 474
2174 438
2175 451
2176 464
2177 426
2178 444
2179 471
2180 446
2181 449
2182 465
2183 473
2184 449
2185 461
2186 458
2187 444
2188 447
2189 479
2190 473
2191 473
2192 446
2193 463
2194 473
2195 458
2196 475
2197 421
2198 457
2199 462
2200 464
2201 458
2202 466
2203 458
2204 483
2205 464
2206 484
2207 439
2208 470
2209 462
2210 453
2211 438
2212 455
2213 441
2214 481
2215 447
2216 457
2217 470
2218 476
2219 488
2220 481
2221 453
2222 479
2223 484
2224 472
2225 480
2226 472
2227 464
2228 461
2229 414
2230 476
2231 474
2232 486
2233 471
2234 458
2235 470
2236 482
2237 488
2238 469
2239 483
2240 468
2241 467
2242 490
2243 524
2244 457
2245 465
2246 486
2247 499
2248 459
2249 470
2250 456
2251 438
2252 466
2253 480
2254 455
2255 472
2256 489
2257 505
2258 471
2259 448
2260 486
2261 474
2262 475
2263 466
2264 451
2265 446
2266 499
2267 468
2268 461
2269 499
2270 504
2271 480
2272 466
2273 453
2274 452
2275 457
2276 504
2277 490
2278 492
2279 493
2280 474
2281 490
2282 462
2283 475
2284 468
2285 463
2286 470
2287 477
2288 473
2289 460
2290 486
2291 479
2292 461
2293 471
2294 488
2295 497
2296 468
2297 503
2298 490
2299 488
2300 507
2301 467
2302 466
2303 484
2304 499
2305 471
2306 513
2307 462
2308 467
2309 461
2310 481
2311 489
2312 483
2313 449
2314 488
2315 459
2316 476
2317 490
2318 480
2319 480
2320 486
2321 511
2322 497
2323 493
2324 516
2325 507
2326 487
2327 504
2328 504
2329 501
2330 502
2331 513
2332 532
2333 491
2334 476
2335 490
2336 502
2337 511
2338 539
2339 497
2340 523
2341 461
2342 508
2343 480
2344 469
2345 468
2346 484
2347 478
2348 456
2349 498
2350 526
2351 506
2352 498
2353 526
2354 499
2355 518
2356 538
2357 498
2358 500
2359 499
2360 488
2361 489
2362 490
2363 480
2364 484
2365 490
2366 484
2367 505
2368 503
2369 524
2370 503
2371 478
2372 479
2373 467
2374 472
2375 509
2376 488
2377 495
2378 513
2379 489
2380 526
2381 502
2382 538
2383 504
2384 500
2385 476
2386 490
2387 498
2388 508
2389 487
2390 487
2391 483
2392 487
2393 489
2394 543
2395 533
2396 522
2397 534
2398 508
2399 531
2400 529
2401 496
2402 532
2403 498
2404 546
2405 526
2406 507
2407 516
2408 500
2409 506
2410 517
2411 518
2412 494
2413 502
2414 499
2415 504
2416 488
2417 507
2418 495
2419 523
2420 488
2421 520
2422 517
2423 502
2424 564
2425 520
2426 526
2427 493
2428 518
2429 498
2430 518
2431 522
2432 511
2433 488
2434 535
2435 511
2436 524
2437 496
2438 478
2439 531
2440 547
2441 520
2442 540
2443 531
2444 510
2445 509
2446 525
2447 527
2448 529
2449 543
2450 533
2451 520
2452 513
2453 528
2454 531
2455 527
2456 514
2457 531
2458 491
2459 530
2460 490
2461 503
2462 471
2463 514
2464 526
2465 553
2466 523
2467 522
2468 505
2469 484
2470 489
2471 524
2472 495
2473 516
2474 514
2475 516
2476 506
2477 510
2478 514
2479 549
2480 500
2481 501
2482 518
2483 517
2484 539
2485 575
2486 529
2487 552
2488 507
2489 515
2490 506
2491 492
2492 508
2493 516
2494 503
2495 509
2496 536
2497 510
2498 540
2499 516
2500 513
2501 547
2502 540
2503 540
2504 526
2505 568
2506 513
2507 510
2508 519
2509 523
2510 510
2511 521
2512 528
2513 537
2514 532
2515 561
2516 536
2517 542
2518 546
2519 536
2520 549
2521 531
2522 505
2523 517
2524 498
2525 506
2526 487
2527 534
2528 530
2529 531
2530 537
2531 543
2532 553
2533 533
2534 533
2535 497
2536 511
2537 506
2538 531
2539 546
2540 540
2541 522
2542 548
2543 551
2544 582
2545 571
2546 550
2547 537
2548 513
2549 537
2550 534
2551 523
2552 555
2553 558
2554 563
2555 537
2556 533
2557 535
2558 558
2559 535
2560 524
2561 549
2562 541
2563 565
2564 543
2565 527
2566 559
2567 520
2568 541
2569 520
2570 564
2571 531
2572 542
2573 543
2574 535
2575 533
2576 506
2577 558
2578 528
2579 532
2580 548
2581 531
2582 530
2583 531
2584 532
2585 525
2586 532
2587 532
2588 542
2589 508
2590 512
2591 559
2592 534
2593 568
2594 583
2595 538
2596 539
2597 554
2598 583
2599 542
2600 559
2601 550
2602 587
2603 563
2604 512
2605 520
2606 546
2607 552
2608 581
2609 570
2610 551
2611 539
2612 566
2613 552
2614 578
2615 558
2616 544
2617 565
2618 573
2619 543
2620 527
2621 528
2622 536
2623 537
2624 550
2625 561
2626 565
2627 554
2628 573
2629 562
2630 557
2631 546
2632 568
2633 562
2634 561
2635 529
2636 554
2637 560
2638 550
2639 568
2640 555
2641 565
2642 550
2643 546
2644 511
2645 567
2646 586
2647 563
2648 569
2649 564
2650 564
2651 571
2652 544
2653 557
2654 503
2655 536
2656 531
2657 573
2658 552
2659 555
2660 528
2661 559
2662 553
2663 588
2664 587
2665 534
2666 596
2667 554
2668 572
2669 576
2670 564
2671 570
2672 593
2673 587
2674 562
2675 595
2676 572
2677 579
2678 554
2679 570
2680 572
2681 545
2682 550
2683 567
2684 589
2685 580
2686 569
2687 560
2688 550
2689 570
2690 563
2691 574
2692 546
2693 563
2694 542
2695 564
2696 592
2697 561
2698 574
2699 563
2700 601
2701 539
2702 547
2703 533
2704 579
2705 608
2706 574
2707 588
2708 586
2709 574
2710 620
2711 566
2712 579
2713 529
2714 533
2715 566
2716 578
2717 584
2718 575
2719 582
2720 545
2721 539
2722 557
2723 555
2724 556
2725 587
2726 540
2727 581
2728 575
2729 582
2730 601
2731 586
2732 543
2733 561
2734 567
2735 539
2736 545
2737 547
2738 559
2739 572
2740 575
2741 580
2742 621
2743 611
2744 577
2745 569
2746 603
2747 583
2748 589
2749 576
2750 582
2751 578
2752 595
2753 575
2754 601
2755 591
2756 589
2757 589
2758 588
2759 563
2760 548
2761 573
2762 589
2763 624
2764 539
2765 582
2766 574
2767 588
2768 568
2769 548
2770 592
2771 570
2772 579
2773 608
2774 570
2775 558
2776 600
2777 562
2778 573
2779 582
2780 583
2781 611
2782 581
2783 607
2784 602
2785 577
2786 583
2787 582
2788 596
2789 597
2790 563
2791 582
2792 603
2793 610
2794 603
2795 586
2796 604
2797 584
2798 582
2799 605
2800 605
2801 587
2802 553
2803 582
2804 546
2805 604
2806 582
2807 591
2808 597
2809 581
2810 569
2811 587
2812 611
2813 638
2814 596
2815 609
2816 580
2817 628
2818 623
2819 594
2820 636
2821 592
2822 626
2823 612
2824 648
2825 609
2826 626
2827 620
2828 592
2829 608
2830 644
2831 611
2832 610
2833 579
2834 606
2835 570
2836 558
2837 577
2838 568
2839 560
2840 581
2841 601
2842 566
2843 609
2844 615
2845 605
2846 581
2847 612
2848 628
2849 631
2850 602
2851 555
2852 594
2853 594
2854 609
2855 593
2856 630
2857 623
2858 618
2859 642
2860 636
2861 614
2862 624
2863 602
2864 619
2865 601
2866 576
2867 607
2868 624
2869 581
2870 607
2871 587
2872 599
2873 596
2874 619
2875 639
2876 605
2877 604
2878 572
2879 596
2880 590
2881 604
2882 633
2883 599
2884 610
2885 626
2886 615
2887 624
2888 599
2889 595
2890 614
2891 599
2892 594
2893 593
2894 601
2895 585
2896 601
2897 586
2898 601
2899 652
2900 607
2901 615
2902 625
2903 626
2904 631
2905 643
2906 650
2907 672
2908 644
2909 618
2910 621
2911 616
2912 607
2913 640
2914 612
2915 603
2916 616
2917 584
2918 582
2919 588
2920 611
2921 615
2922 614
2923 625
2924 643
2925 622
2926 634
2927 598
2928 622
2929 606
2930 637
2931 617
2932 603
2933 614
2934 609
2935 631
2936 631
2937 611
2938 611
2939 594
2940 587
2941 609
2942 614
2943 652
2944 607
2945 615
2946 591
2947 600
2948 548
2949 611
2950 605
2951 615
2952 627
2953 611
2954 628
2955 627
2956 608
2957 616
2958 625
2959 636
2960 674
2961 626
2962 643
2963 621
2964 667
2965 628
2966 637
2967 611
2968 604
2969 584
2970 634
2971 627
2972 670
2973 702
2974 643
2975 657
2976 614
2977 655
2978 653
2979 648
2980 677
2981 639
2982 636
2983 597
2984 591
2985 613
2986 619
2987 626
2988 610
2989 600
2990 632
2991 632
2992 635
2993 636
2994 644
2995 646
2996 628
2997 635
2998 638
2999 622
3000 626
3001 619
3002 651
3003 608
3004 599
3005 582
3006 628
3007 611
3008 612
3009 607
3010 624
3011 639
3012 621
3013 625
3014 617
3015 649
3016 600
3017 624
3018 661
3019 639
3020 637
3021 631
3022 622
3023 631
3024 627
3025 628
3026 643
3027 637
3028 637
3029 622
3030 623
3031 629
3032 644
3033 632
3034 650
3035 629
3036 642
3037 667
3038 654
3039 639
3040 670
3041 639
3042 646
3043 661
3044 656
3045 616
3046 648
3047 633
3048 681
3049 640
3050 665
3051 625
3052 651
3053 648
3054 665
3055 626
3056 637
3057 635
3058 623
3059 648
3060 642
3061 666
3062 694
3063 650
3064 653
3065 634
3066 666
3067 662
3068 652
3069 673
3070 662
3071 638
3072 628
3073 672
3074 659
3075 674
3076 641
3077 648
3078 706
3079 652
3080 672
3081 627
3082 624
3083 646
3084 659
3085 609
3086 629
3087 646
3088 680
3089 688
3090 667
3091 650
3092 644
3093 625
3094 667
3095 662
3096 681
3097 688
3098 672
3099 675
3100 662
3101 661
3102 675
3103 653
3104 636
3105 619
3106 640
3107 629
3108 676
3109 678
3110 639
3111 617
3112 668
3113 644
3114 678
3115 682
3116 623
3117 667
3118 655
3119 658
3120 656
3121 692
3122 655
3123 647
3124 710
3125 647
3126 690
3127 636
3128 643
3129 627
3130 655
3131 702
3132 693
3133 680
3134 688
3135 659
3136 663
3137 673
3138 670
3139 653
3140 636
3141 662
3142 677
3143 639
3144 638
3145 689
3146 690
3147 655
3148 651
3149 664
3150 658
3151 689
3152 656
3153 713
3154 693
3155 673
3156 692
3157 706
3158 667
3159 686
3160 684
3161 701
3162 669
3163 658
3164 662
3165 651
3166 650
3167 650
3168 694
3169 671
3170 683
3171 669
3172 645
3173 694
3174 655
3175 634
3176 642
3177 680
3178 676
3179 665
3180 705
3181 660
3182 635
3183 664
3184 659
3185 673
3186 660
3187 669
3188 668
3189 636
3190 662
3191 667
3192 649
3193 675
3194 672
3195 707
3196 643
3197 670
3198 678
3199 674
3200 692
3201 694
3202 665
3203 661
3204 676
3205 641
3206 640
3207 646
3208 693
3209 699
3210 715
3211 714
3212 665
3213 674
3214 663
3215 697
3216 673
3217 715
3218 708
3219 692
3220 654
3221 650
3222 672
3223 671
3224 669
3225 692
3226 652
3227 708
3228 685
3229 692
3230 635
3231 705
3232 690
3233 710
3234 689
3235 680
3236 663
3237 669
3238 673
3239 702
3240 686
3241 686
3242 685
3243 675
3244 680
3245 689
3246 648
3247 706
3248 659
3249 679
3250 662
3251 690
3252 687
3253 688
3254 712
3255 704
3256 690
3257 703
3258 704
3259 713
3260 706
3261 680
3262 668
3263 724
3264 729
3265 693
3266 672
3267 689
3268 671
3269 697
3270 666
3271 681
3272 683
3273 674
3274 694
3275 674
3276 669
3277 681
3278 723
3279 667
3280 689
3281 699
3282 723
3283 705
3284 671
3285 700
3286 719
3287 721
3288 710
3289 724
3290 747
3291 705
3292 715
3293 686
3294 714
3295 671
3296 736
3297 736
3298 702
3299 726
3300 700
3301 695
3302 672
3303 676
3304 694
3305 713
3306 701
3307 697
3308 708
3309 759
3310 725
3311 718
3312 732
3313 667
3314 710
3315 756
3316 713
3317 729
3318 671
3319 739
3320 750
3321 722
3322 727
3323 667
3324 720
3325 699
3326 725
3327 705
3328 693
3329 717
3330 745
3331 734
3332 714
3333 719
3334 746
3335 699
3336 717
3337 711
3338 725
3339 700
3340 673
3341 707
3342 695
3343 691
3344 723
3345 693
3346 733
3347 724
3348 717
3349 720
3350 710
3351 691
3352 700
3353 686
3354 696
3355 709
3356 694
3357 659
3358 671
3359 694
3360 711
3361 679
3362 720
3363 738
3364 727
3365 771
3366 696
3367 751
3368 693
3369 739
3370 715
3371 712
3372 712
3373 711
3374 725
3375 731
3376 675
3377 705
3378 745
3379 721
3380 776
3381 725
3382 708
3383 672
3384 742
3385 709
3386 726
3387 699
3388 716
3389 707
3390 715
3391 737
3392 709
3393 695
3394 731
3395 721
3396 743
3397 747
3398 753
3399 693
3400 724
3401 702
3402 691
3403 695
3404 695
3405 680
3406 700
3407 740
3408 727
3409 742
3410 711
3411 701
3412 692
3413 719
3414 696
3415 738
3416 711
3417 723
3418 667
3419 708
3420 701
3421 687
3422 724
3423 731
3424 744
3425 724
3426 749
3427 702
3428 696
3429 703
3430 754
3431 719
3432 766
3433 740
3434 728
3435 748
3436 733
3437 768
3438 726
3439 750
3440 724
3441 758
3442 739
3443 807
3444 747
3445 694
3446 756
3447 694
3448 726
3449 733
3450 690
3451 720
3452 719
3453 702
3454 699
3455 737
3456 698
3457 714
3458 733
3459 745
3460 719
3461 729
3462 722
3463 737
3464 739
3465 739
3466 745
3467 708
3468 745
3469 708
3470 744
3471 745
3472 726
3473 706
3474 723
3475 748
3476 747
3477 714
3478 708
3479 718
3480 742
3481 708
3482 707
3483 696
3484 713
3485 732
3486 710
3487 715
3488 710
3489 708
3490 708
3491 740
3492 740
3493 741
3494 725
3495 732
3496 766
3497 728
3498 720
3499 718
3500 713
3501 718
3502 722
3503 759
3504 735
3505 727
3506 714
3507 723
3508 703
3509 738
3510 710
3511 719
3512 716
3513 742
3514 669
3515 707
3516 671
3517 713
3518 715
3519 738
3520 715
3521 715
3522 728
3523 747
3524 756
3525 759
3526 764
3527 741
3528 742
3529 752
3530 715
3531 710
3532 702
3533 724
3534 747
3535 763
3536 686
3537 751
3538 758
3539 774
3540 753
3541 787
3542 773
3543 767
3544 727
3545 768
3546 777
3547 784
3548 769
3549 764
3550 764
3551 752
3552 739
3553 706
3554 710
3555 720
3556 746
3557 717
3558 726
3559 759
3560 767
3561 749
3562 750
3563 766
3564 752
3565 731
3566 766
3567 752
3568 759
3569 745
3570 736
3571 733
3572 740
3573 788
3574 725
3575 764
3576 778
3577 771
3578 784
3579 796
3580 769
3581 753
3582 777
3583 729
3584 786
3585 724
3586 734
3587 755
3588 756
3589 744
3590 793
3591 763
3592 790
3593 755
3594 734
3595 756
3596 738
3597 756
3598 742
3599 786
3600 782
3601 794
3602 752
3603 742
3604 721
3605 786
3606 799
3607 808
3608 768
3609 804
3610 773
3611 774
3612 746
3613 734
3614 714
3615 726
3616 731
3617 748
3618 746
3619 766
3620 766
3621 787
3622 730
3623 736
3624 750
3625 768
3626 728
3627 731
3628 764
3629 770
3630 771
3631 805
3632 748
3633 767
3634 764
3635 770
3636 769
3637 808
3638 771
3639 781
3640 768
3641 752
3642 799
3643 737
3644 751
3645 772
3646 747
3647 762
3648 767
3649 768
3650 696
3651 777
3652 777
3653 761
3654 769
3655 782
3656 794
3657 776
3658 786
3659 763
3660 784
3661 770
3662 775
3663 736
3664 765
3665 752
3666 749
3667 766
3668 766
3669 826
3670 765
3671 753
3672 754
3673 799
3674 755
3675 769
3676 774
3677 809
3678 752
3679 835
3680 772
3681 755
3682 767
3683 748
3684 759
3685 757
3686 800
3687 802
3688 805
3689 816
3690 800
3691 730
3692 789
3693 744
3694 744
3695 764
3696 761
3697 759
3698 733
3699 774
3700 743
3701 785
3702 787
3703 758
3704 798
3705 817
3706 815
3707 806
3708 805
3709 795
3710 785
3711 785
3712 763
3713 794
3714 771
3715 754
3716 809
3717 735
3718 795
3719 738
3720 735
3721 771
3722 768
3723 755
3724 773
3725 748
3726 760
3727 773
3728 741
3729 772
3730 756
3731 777
3732 749
3733 796
3734 762
3735 774
3736 791
3737 814
3738 777
3739 807
3740 778
3741 777
3742 774
3743 779
3744 784
3745 773
3746 758
3747 739
3748 752
3749 748
3750 724
3751 811
3752 768
3753 767
3754 749
3755 815
3756 770
3757 779
3758 809
3759 767
3760 808
3761 811
3762 777
3763 801
3764 835
3765 806
3766 781
3767 788
3768 802
3769 797
3770 800
3771 785
3772 760
3773 745
3774 773
3775 789
3776 742
3777 813
3778 762
3779 780
3780 782
3781 777
3782 774
3783 786
3784 806
3785 770
3786 777
3787 794
3788 827
3789 816
3790 797
3791 808
3792 818
3793 838
3794 856
3795 786
3796 798
3797 770
3798 815
3799 862
3800 852
3801 829
3802 798
3803 785
3804 792
3805 781
3806 782
3807 811
3808 804
3809 813
3810 822
3811 824
3812 766
3813 839
3814 770
3815 826
3816 798
3817 799
3818 799
3819 798
3820 815
3821 816
3822 794
3823 827
3824 794
3825 823
3826 850
3827 817
3828 795
3829 768
3830 776
3831 817
3832 805
3833 814
3834 825
3835 815
3836 821
3837 809
3838 751
3839 781
3840 780
3841 746
3842 769
3843 781
3844 837
3845 817
3846 803
3847 831
3848 818
3849 840
3850 837
3851 857
3852 843
3853 849
3854 819
3855 827
3856 814
3857 828
3858 829
3859 807
3860 816
3861 802
3862 848
3863 850
3864 817
3865 847
3866 803
3867 803
3868 798
3869 825
3870 809
3871 814
3872 784
3873 807
3874 810
3875 822
3876 805
3877 801
3878 799
3879 821
3880 856
3881 823
3882 826
3883 813
3884 836
3885 844
3886 818
3887 837
3888 857
3889 807
3890 831
3891 814
3892 781
3893 792
3894 832
3895 821
3896 837
3897 836
3898 805
3899 774
3900 802
3901 808
3902 829
3903 813
3904 834
3905 851
3906 847
3907 852
3908 793
3909 826
3910 850
3911 814
3912 842
3913 892
3914 863
3915 841
3916 811
3917 830
3918 787
3919 793
3920 839
3921 833
3922 855
3923 813
3924 858
3925 853
3926 818
3927 833
3928 825
3929 830
3930 807
3931 813
3932 796
3933 824
3934 840
3935 828
3936 816
3937 820
3938 766
3939 794
3940 787
3941 883
3942 852
3943 858
3944 846
3945 825
3946 824
3947 794
3948 821
3949 811
3950 803
3951 837
3952 826
3953 790
3954 808
3955 856
3956 826
3957 831
3958 843
3959 819
3960 832
3961 838
3962 809
3963 793
3964 807
3965 839
3966 818
3967 804
3968 805
3969 808
3970 805
3971 834
3972 843
3973 792
3974 831
3975 829
3976 852
3977 845
3978 802
3979 826
3980 853
3981 843
3982 837
3983 813
3984 839
3985 809
3986 838
3987 838
3988 862
3989 816
3990 796
3991 841
3992 855
3993 863
3994 830
3995 822
3996 864
3997 885
3998 790
3999 851
4000 822
4001 866
4002 829
4003 847
4004 815
4005 851
4006 841
4007 858
4008 829
4009 888
4010 820
4011 823
4012 811
4013 878
4014 841
4015 867
4016 806
4017 857
4018 820
4019 847
4020 866
4021 839
4022 834
4023 787
4024 812
4025 831
4026 824
4027 849
4028 878
4029 844
4030 835
4031 856
4032 875
4033 850
4034 851
4035 835
4036 794
4037 823
4038 828
4039 838
4040 872
4041 850
4042 849
4043 859
4044 819
4045 839
4046 830
4047 833
4048 841
4049 828
4050 854
4051 841
4052 847
4053 862
4054 867
4055 888
4056 857
4057 841
4058 802
4059 826
4060 799
4061 839
4062 876
4063 856
4064 821
4065 842
4066 803
4067 848
4068 784
4069 844
4070 845
4071 881
4072 874
4073 839
4074 902
4075 842
4076 851
4077 862
4078 818
4079 826
4080 834
4081 814
4082 878
4083 855
4084 869
4085 862
4086 813
4087 856
4088 854
4089 827
4090 836
4091 814
4092 830
4093 842
4094 857
4095 846
4096 884
4097 876
4098 857
4099 857
4100 858
4101 901
4102 869
4103 859
4104 848
4105 886
4106 859
4107 869
4108 851
4109 841
4110 852
4111 846
4112 838
4113 879
4114 863
4115 878
4116 895
4117 879
4118 827
4119 884
4120 884
4121 891
4122 854
4123 893
4124 859
4125 844
4126 924
4127 879
4128 905
4129 924
4130 895
4131 868
4132 904
4133 888
4134 878
4135 873
4136 855
4137 828
4138 868
4139 874
4140 892
4141 865
4142 826
4143 877
4144 875
4145 835
4146 838
4147 871
4148 870
4149 861
4150 858
4151 861
4152 859
4153 874
4154 824
4155 877
4156 875
4157 851
4158 870
4159 858
4160 878
4161 896
4162 891
4163 878
4164 812
4165 876
4166 843
4167 862
4168 818
4169 843
4170 840
4171 908
4172 861
4173 883
4174 845
4175 889
4176 889
4177 861
4178 836
4179 895
4180 896
4181 846
4182 854
4183 879
4184 891
4185 903
4186 878
4187 916
4188 899
4189 943
4190 848
4191 870
4192 850
4193 841
4194 847
4195 816
4196 863
4197 863
4198 918
4199 942
4200 955
4201 935
4202 931
4203 902
4204 867
4205 894
4206 875
4207 830
4208 865
4209 878
4210 892
4211 886
4212 909
4213 886
4214 952
4215 886
4216 888
4217 875
4218 900
4219 872
4220 913
4221 899
4222 898
4223 856
4224 901
4225 858
4226 840
4227 885
4228 856
4229 874
4230 874
4231 898
4232 885
4233 921
4234 916
4235 942
4236 925
4237 902
4238 899
4239 907
4240 881
4241 901
4242 906
4243 924
4244 940
4245 898
4246 895
4247 900
4248 906
4249 890
4250 921
4251 925
4252 938
4253 959
4254 937
4255 906
4256 893
4257 883
4258 873
4259 882
4260 887
4261 841
4262 852
4263 901
4264 905
4265 879
4266 887
4267 898
4268 884
4269 885
4270 899
4271 916
4272 901
4273 900
4274 849
4275 876
4276 885
4277 852
4278 878
4279 880
4280 900
4281 936
4282 888
4283 877
4284 904
4285 888
4286 907
4287 873
4288 919
4289 858
4290 926
4291 864
4292 906
4293 890
4294 926
4295 930
4296 905
4297 881
4298 911
4299 879
4300 886
4301 905
4302 883
4303 902
4304 872
4305 918
4306 871
4307 883
4308 927
4309 902
4310 913
4311 874
4312 946
4313 866
4314 907
4315 887
4316 946
4317 879
4318 928
4319 916
4320 895
4321 922
4322 919
4323 925
4324 928
4325 941
4326 896
4327 891
4328 900
4329 897
4330 885
4331 860
4332 847
4333 877
4334 915
4335 910
4336 899
4337 881
4338 895
4339 900
4340 887
4341 907
4342 932
4343 922
4344 938
4345 917
4346 961
4347 952
4348 953
4349 943
4350 945
4351 955
4352 962
4353 889
4354 887
4355 892
4356 911
4357 892
4358 941
4359 910
4360 932
4361 977
4362 967
4363 986
4364 916
4365 932
4366 900
4367 908
4368 918
4369 892
4370 906
4371 903
4372 930
4373 926
4374 930
4375 950
4376 937
4377 928
4378 923
4379 949
4380 920
4381 917
4382 913
4383 925
4384 932
4385 940
4386 954
4387 948
4388 920
4389 964
4390 934
4391 936
4392 926
4393 920
4394 868
4395 900
4396 924
4397 966
4398 923
4399 899
4400 894
4401 934
4402 939
4403 928
4404 936
4405 916
4406 890
4407 921
4408 945
4409 926
4410 940
4411 929
4412 932
4413 921
4414 898
4415 866
4416 923
4417 938
4418 927
4419 922
4420 937
4421 900
4422 915
4423 917
4424 972
4425 994
4426 953
4427 926
4428 901
4429 924
4430 924
4431 907
4432 931
4433 931
4434 924
4435 968
4436 942
4437 951
4438 965
4439 975
4440 929
4441 953
4442 909
4443 949
4444 950
4445 970
4446 952
4447 1001
4448 963
4449 964
4450 945
4451 907
4452 909
4453 953
4454 940
4455 902
4456 967
4457 941
4458 985
4459 961
4460 932
4461 933
4462 929
4463 931
4464 947
4465 951
4466 1000
4467 945
4468 961
4469 941
4470 949
4471 946
4472 949
4473 941
4474 920
4475 925
4476 960
4477 905
4478 920
4479 929
4480 938
4481 899
4482 990
4483 945
4484 946
4485 932
4486 903
4487 901
4488 990
4489 969
4490 967
4491 955
4492 923
4493 912
4494 920
4495 938
4496 979
4497 930
4498 946
4499 957
4500 956
4501 930
4502 952
4503 961
4504 971
4505 928
4506 950
4507 942
4508 943
4509 946
4510 905
4511 997
4512 932
4513 995
4514 934
4515 955
4516 925
4517 939
4518 917
4519 876
4520 962
4521 924
4522 940
4523 990
4524 932
4525 926
4526 918
4527 922
4528 997
4529 948
4530 985
4531 950
4532 987
4533 948
4534 976
4535 938
4536 925
4537 947
4538 948
4539 921
4540 977
4541 986
4542 935
4543 966
4544 957
4545 976
4546 933
4547 954
4548 978
4549 934
4550 938
4551 961
4552 1001
4553 951
4554 961
4555 959
4556 967
4557 920
4558 939
4559 947
4560 983
4561 973
4562 970
4563 996
4564 1025
4565 1010
4566 977
4567 951
4568 976
4569 963
4570 990
4571 945
4572 949
4573 929
4574 881
4575 972
4576 943
4577 972
4578 943
4579 975
4580 969
4581 959
4582 993
4583 996
4584 953
4585 944
4586 960
4587 943
4588 976
4589 955
4590 980
4591 973
4592 985
4593 928
4594 967
4595 980
4596 992
4597 989
4598 967
4599 938
4600 1001
4601 990
4602 1012
4603 981
4604 1024
4605 979
4606 1011
4607 982
4608 972
4609 988
4610 993
4611 993
4612 943
4613 997
4614 976
4615 976
4616 992
4617 966
4618 923
4619 1008
4620 942
4621 968
4622 968
4623 992
4624 985
4625 998
4626 962
4627 949
4628 910
4629 928
4630 943
4631 945
4632 1007
4633 937
4634 953
4635 955
4636 950
4637 980
4638 952
4639 978
4640 947
4641 1010
4642 979
4643 983
4644 975
4645 993
4646 987
4647 959
4648 1005
4649 999
4650 989
4651 993
4652 972
4653 1005
4654 961
4655 1009
4656 994
4657 1043
4658 997
4659 988
4660 1035
4661 996
4662 1010
4663 993
4664 995
4665 1004
4666 982
4667 969
4668 976
4669 1010
4670 1027
4671 976
4672 1026
4673 970
4674 955
4675 968
4676 1005
4677 962
4678 959
4679 949
4680 979
4681 982
4682 962
4683 942
4684 973
4685 978
4686 979
4687 990
4688 983
4689 930
4690 970
4691 1000
4692 1018
4693 989
4694 990
4695 1005
4696 977
4697 1020
4698 974
4699 975
4700 978
4701 1012
4702 989
4703 973
4704 991
4705 950
4706 1012
4707 1026
4708 983
4709 985
4710 985
4711 1043
4712 991
4713 1009
4714 975
4715 1008
4716 1007
4717 1012
4718 980
4719 1014
4720 990
4721 947
4722 1022
4723 1000
4724 1007
4725 1003
4726 1013
4727 1017
4728 1012
4729 1050
4730 1000
4731 1014
4732 986
4733 1038
4734 960
4735 997
4736 989
4737 1002
4738 999
4739 971
4740 1022
4741 981
4742 966
4743 978
4744 1024
4745 1032
4746 1028
4747 1003
4748 995
4749 1026
4750 1004
4751 972
4752 955
4753 949
4754 940
4755 1023
4756 1006
4757 1002
4758 972
4759 976
4760 1015
4761 1014
4762 1043
4763 1035
4764 1002
4765 1038
4766 1028
4767 1023
4768 1030
4769 1047
4770 1010
4771 966
4772 1013
4773 990
4774 954
4775 962
4776 995
4777 1011
4778 989
4779 1009
4780 997
4781 998
4782 1003
4783 1005
4784 1020
4785 1013
4786 991
4787 995
4788 1013
4789 1023
4790 1001
4791 1013
4792 1005
4793 1007
4794 988
4795 1028
4796 985
4797 1012
4798 987
4799 1029
4800 995
4801 959
4802 962
4803 983
4804 996
4805 1009
4806 1035
4807 1024
4808 1003
4809 1020
4810 1014
4811 993
4812 1006
4813 1021
4814 1052
4815 1039
4816 1053
4817 1008
4818 1040
4819 1051
4820 1012
4821 1008
4822 1021
4823 999
4824 1028
4825 1007
4826 986
4827 1029
4828 1027
4829 1031
4830 1030
4831 1039
4832 953
4833 974
4834 979
4835 1001
4836 957
4837 976
4838 1023
4839 1007
4840 1024
4841 992
4842 993
4843 974
4844 985
4845 988
4846 1068
4847 1036
4848 1031
4849 969
4850 1023
4851 969
4852 1025
4853 1014
4854 984
4855 965
4856 1035
4857 973
4858 1066
4859 1005
4860 1044
4861 1021
4862 1057
4863 1003
4864 1028
4865 1047
4866 1061
4867 1017
4868 1052
4869 1016
4870 986
4871 1010
4872 1031
4873 1025
4874 1004
4875 1013
4876 987
4877 998
4878 1031
4879 1019
4880 995
4881 994
4882 1043
4883 1050
4884 1013
4885 997
4886 997
4887 988
4888 1025
4889 1008
4890 1014
4891 1025
4892 1043
4893 1041
4894 1080
4895 1029
4896 1038
4897 1057
4898 1036
4899 1047
4900 1001
4901 1026
4902 1000
4903 1053
4904 1038
4905 1052
4906 1014
4907 1047
4908 1016
4909 1032
4910 1042
4911 1004
4912 1016
4913 966
4914 1060
4915 1007
4916 1033
4917 1016
4918 1045
4919 1078
4920 1055
4921 1020
4922 1047
4923 1019
4924 1040
4925 1002
4926 1030
4927 1018
4928 1035
4929 1044
4930 1015
4931 1035
4932 994
4933 1012
4934 1033
4935 1036
4936 1033
4937 1062
4938 1020
4939 1030
4940 1046
4941 1038
4942 1013
4943 1067
4944 1072
4945 1086
4946 1046
4947 1028
4948 1061
4949 1042
4950 1094
4951 1031
4952 1030
4953 1055
4954 1011
4955 1047
4956 1027
4957 1006
4958 1001
4959 1004
4960 1006
4961 1025
4962 1032
4963 1022
4964 1032
4965 1070
4966 1053
4967 1040
4968 1037
4969 1044
4970 1052
4971 1048
4972 1084
4973 1034
4974 1070
4975 1093
4976 1051
4977 1020
4978 1049
4979 1065
4980 1047
4981 1064
4982 1045
4983 1023
4984 1015
4985 1043
4986 1007
4987 1056
4988 1063
4989 1055
4990 1097
4991 1036
4992 1051
4993 1061
4994 1012
4995 1018
4996 1070
4997 1006
4998 1091
4999 1089
5000 1057
5001 1031
5002 1066
5003 1071
5004 1016
5005 1106
5006 1027
5007 1040
5008 1000
5009 993
5010 1055
5011 1044
5012 1087
5013 1072
5014 1065
5015 1120
5016 1076
5017 1056
5018 1067
5019 1047
5020 1076
5021 1037
5022 1054
5023 1055
5024 1056
5025 1036
5026 1077
5027 1051
5028 1090
5029 1067
5030 1043
5031 1087
5032 1084
5033 1020
5034 1073
5035 1067
5036 1075
5037 1050
5038 1037
5039 1026
5040 1043
5041 1075
5042 1051
5043 1063
5044 1070
5045 1080
5046 1078
5047 1076
5048 1039
5049 1004
5050 1032
5051 1064
5052 1099
5053 1081
5054 1089
5055 1056
5056 1069
5057 1062
5058 1061
5059 1025
5060 1045
5061 1106
5062 1041
5063 1116
5064 1038
5065 1094
5066 1023
5067 1094
5068 1076
5069 1035
5070 1017
5071 1066
5072 1075
5073 1068
5074 1081
5075 1045
5076 1065
5077 1079
5078 1076
5079 1109
5080 1099
5081 1072
5082 1094
5083 1023
5084 1077
5085 1028
5086 1078
5087 1050
5088 1111
5089 1101
5090 1092
5091 1050
5092 1062
5093 1015
5094 1072
5095 1045
5096 1066
5097 1108
5098 1113
5099 1068
5100 1074
5101 1090
5102 1070
5103 1054
5104 1107
5105 1059
5106 1075
5107 1058
5108 1085
5109 1052
5110 1087
5111 1073
5112 1067
5113 1086
5114 1083
5115 1062
5116 1076
5117 1069
5118 1065
5119 1092
5120 1099
5121 1071
5122 1097
5123 1063
5124 1079
5125 1060
5126 1065
5127 1058
5128 1066
5129 1106
5130 1120
5131 1081
5132 1122
5133 1130
5134 1042
5135 1062
5136 1050
5137 1057
5138 1066
5139 1066
5140 1092
5141 1096
5142 1056
5143 1081
5144 1108
5145 1092
5146 1072
5147 1071
5148 1093
5149 1077
5150 1108
5151 1126
5152 1138
5153 1114
5154 1078
5155 1090
5156 1083
5157 1034
5158 1154
5159 1040
5160 1108
5161 1119
5162 1053
5163 1099
5164 1054
5165 1060
5166 1036
5167 1081
5168 1080
5169 1050
5170 1067
5171 1069
5172 1077
5173 1056
5174 1160
5175 1078
5176 1106
5177 1083
5178 1107
5179 1114
5180 1047
5181 1086
5182 1088
5183 1052
5184 1106
5185 1080
5186 1125
5187 1051
5188 1098
5189 1074
5190 1091
5191 1109
5192 1113
5193 1089
5194 1128
5195 1099
5196 1071
5197 1056
5198 1100
5199 1119
5200 1087
5201 1120
5202 1069
5203 1080
5204 1076
5205 1083
5206 1059
5207 1090
5208 1097
5209 1086
5210 1094
5211 1014
5212 1087
5213 1075
5214 1086
5215 1113
5216 1118
5217 1118
5218 1093
5219 1060
5220 1089
5221 1102
5222 1093
5223 1097
5224 1085
5225 1083
5226 1110
5227 1102
5228 1093
5229 1123
5230 1081
5231 1093
5232 1087
5233 1090
5234 1093
5235 1108
5236 1094
5237 1131
5238 1109
5239 1111
5240 1100
5241 1102
5242 1076
5243 1142
5244 1097
5245 1084
5246 1124
5247 1104
5248 1133
5249 1087
5250 1092
5251 1113
5252 1091
5253 1031
5254 1101
5255 1058
5256 1083
5257 1113
5258 1086
5259 1108
5260 1102
5261 1119
5262 1106
5263 1040
5264 1081
5265 1085
5266 1070
5267 1116
5268 1101
5269 1121
5270 1160
5271 1125
5272 1156
5273 1115
5274 1110
5275 1135
5276 1128
5277 1079
5278 1120
5279 1090
5280 1121
5281 1108
5282 1134
5283 1089
5284 1144
5285 1029
5286 1146
5287 1120
5288 1156
5289 1120
5290 1138
5291 1078
5292 1102
5293 1114
5294 1108
5295 1140
5296 1117
5297 1123
5298 1146
5299 1148
5300 1156
5301 1088
5302 1108
5303 1105
5304 1119
5305 1098
5306 1109
5307 1104
5308 1115
5309 1140
5310 1093
5311 1132
5312 1046
5313 1127
5314 1042
5315 1082
5316 1079
5317 1136
5318 1157
5319 1122
5320 1108
5321 1153
5322 1121
5323 1125
5324 1115
5325 1141
5326 1172
5327 1141
5328 1145
5329 1117
5330 1103
5331 1148
5332 1147
5333 1151
5334 1135
5335 1161
5336 1128
5337 1180
5338 1126
5339 1090
5340 1145
5341 1122
5342 1152
5343 1098
5344 1129
5345 1068
5346 1137
5347 1104
5348 1113
5349 1139
5350 1163
5351 1176
5352 1148
5353 1116
5354 1088
5355 1090
5356 1117
5357 1100
5358 1168
5359 1117
5360 1120
5361 1139
5362 1139
5363 1107
5364 1151
5365 1105
5366 1087
5367 1084
5368 1109
5369 1066
5370 1101
5371 1082
5372 1114
5373 1103
5374 1102
5375 1121
5376 1076
5377 1099
5378 1099
5379 1114
5380 1089
5381 1123
5382 1129
5383 1173
5384 1131
5385 1162
5386 1128
5387 1127
5388 1111
5389 1166
5390 1077
5391 1094
5392 1102
5393 1178
5394 1163
5395 1123
5396 1128
5397 1137
5398 1133
5399 1148
5400 1147
5401 1098
5402 1130
5403 1152
5404 1127
5405 1071
5406 1098
5407 1097
5408 1121
5409 1113
5410 1149
5411 1151
5412 1135
5413 1150
5414 1121
5415 1159
5416 1141
5417 1132
5418 1141
5419 1158
5420 1144
5421 1147
5422 1088
5423 1118
5424 1102
5425 1134
5426 1148
5427 1155
5428 1165
5429 1135
5430 1157
5431 1135
5432 1131
5433 1133
5434 1129
5435 1183
5436 1201
5437 1121
5438 1149
5439 1167
5440 1121
5441 1224
5442 1185
5443 1156
5444 1149
5445 1129
5446 1109
5447 1131
5448 1113
5449 1130
5450 1165
5451 1180
5452 1145
5453 1172
5454 1164
5455 1168
5456 1188
5457 1152
5458 1178
5459 1114
5460 1183
5461 1199
5462 1148
5463 1180
5464 1166
5465 1135
5466 1155
5467 1128
5468 1146
5469 1173
5470 1129
5471 1168
5472 1140
5473 1185
5474 1154
5475 1164
5476 1140
5477 1203
5478 1157
5479 1185
5480 1213
5481 1170
5482 1211
5483 1206
5484 1204
5485 1195
5486 1178
5487 1162
5488 1198
5489 1155
5490 1120
5491 1158
5492 1148
5493 1115
5494 1150
5495 1143
5496 1163
5497 1183
5498 1165
5499 1165
5500 1155
5501 1135
5502 1153
5503 1139
5504 1136
5505 1154
5506 1140
5507 1167
5508 1153
5509 1132
5510 1130
5511 1176
5512 1173
5513 1147
5514 1175
5515 1169
5516 1152
5517 1176
5518 1150
5519 1165
5520 1171
5521 1169
5522 1183
5523 1169
5524 1194
5525 1119
5526 1160
5527 1150
5528 1143
5529 1164
5530 1166
5531 1171
5532 1221
5533 1155
5534 1148
5535 1134
5536 1149
5537 1124
5538 1133
5539 1130
5540 1113
5541 1173
5542 1186
5543 1153
5544 1161
5545 1177
5546 1210
5547 1188
5548 1154
5549 1151
5550 1157
5551 1213
5552 1172
5553 1171
5554 1220
5555 1215
5556 1180
5557 1168
5558 1211
5559 1187
5560 1173
5561 1186
5562 1169
5563 1167
5564 1195
5565 1224
5566 1189
5567 1246
5568 1164
5569 1237
5570 1171
5571 1170
5572 1169
5573 1126
5574 1163
5575 1155
5576 1164
5577 1165
5578 1181
5579 1215
5580 1187
5581 1203
5582 1176
5583 1172
5584 1182
5585 1203
5586 1202
5587 1141
5588 1177
5589 1114
5590 1181
5591 1151
5592 1150
5593 1183
5594 1170
5595 1185
5596 1146
5597 1139
5598 1142
5599 1104
5600 1153
5601 1141
5602 1193
5603 1183
5604 1137
5605 1135
5606 1176
5607 1146
5608 1166
5609 1201
5610 1188
5611 1189
5612 1154
5613 1161
5614 1160
5615 1218
5616 1176
5617 1254
5618 1201
5619 1217
5620 1165
5621 1183
5622 1163
5623 1186
5624 1092
5625 1161
5626 1153
5627 1149
5628 1155
5629 1197
5630 1191
5631 1177
5632 1136
5633 1185
5634 1143
5635 1180
5636 1158
5637 1196
5638 1212
5639 1196
5640 1182
5641 1224
5642 1186
5643 1191
5644 1174
5645 1227
5646 1212
5647 1248
5648 1246
5649 1191
5650 1181
5651 1153
5652 1194
5653 1167
5654 1193
5655 1197
5656 1156
5657 1141
5658 1128
5659 1139
5660 1208
5661 1174
5662 1153
5663 1183
5664 1161
5665 1179
5666 1179
5667 1188
5668 1196
5669 1133
5670 1187
5671 1154
5672 1226
5673 1171
5674 1203
5675 1205
5676 1152
5677 1240
5678 1199
5679 1232
5680 1187
5681 1202
5682 1174
5683 1180
5684 1147
5685 1233
5686 1235
5687 1231
5688 1247
5689 1225
5690 1226
5691 1241
5692 1233
5693 1215
5694 1215
5695 1216
5696 1232
5697 1222
5698 1230
5699 1197
5700 1243
5701 1190
5702 1201
5703 1169
5704 1226
5705 1170
5706 1238
5707 1223
5708 1219
5709 1181
5710 1167
5711 1165
5712 1211
5713 1235
5714 1220
5715 1224
5716 1235
5717 1177
5718 1209
5719 1168
5720 1172
5721 1196
5722 1212
5723 1147
5724 1175
5725 1210
5726 1232
5727 1163
5728 1172
5729 1176
5730 1187
5731 1215
5732 1181
5733 1208
5734 1175
5735 1169
5736 1184
5737 1139
5738 1154
5739 1184
5740 1234
5741 1205
5742 1251
5743 1244
5744 1260
5745 1243
5746 1198
5747 1192
5748 1188
5749 1225
5750 1220
5751 1223
5752 1231
5753 1199
5754 1189
5755 1198
5756 1194
5757 1180
5758 1225
5759 1229
5760 1242
5761 1231
5762 1249
5763 1243
5764 1194
5765 1157
5766 1152
5767 1125
5768 1189
5769 1184
5770 1234
5771 1226
5772 1231
5773 1221
5774 1202
5775 1195
5776 1223
5777 1202
5778 1180
5779 1229
5780 1228
5781 1246
5782 1185
5783 1232
5784 1230
5785 1222
5786 1192
5787 1251
5788 1232
5789 1195
5790 1234
5791 1227
5792 1198
5793 1209
5794 1179
5795 1234
5796 1165
5797 1219
5798 1235
5799 1253
5800 1243
5801 1208
5802 1207
5803 1216
5804 1208
5805 1215
5806 1220
5807 1213
5808 1208
5809 1232
5810 1244
5811 1229
5812 1224
5813 1242
5814 1199
5815 1183
5816 1214
5817 1260
5818 1238
5819 1252
5820 1203
5821 1234
5822 1199
5823 1266
5824 1205
5825 1211
5826 1206
5827 1202
5828 1185
5829 1231
5830 1212
5831 1276
5832 1211
5833 1231
5834 1234
5835 1211
5836 1223
5837 1252
5838 1214
5839 1252
5840 1183
5841 1210
5842 1193
5843 1205
5844 1254
5845 1229
5846 1225
5847 1255
5848 1268
5849 1162
5850 1197
5851 1201
5852 1219
5853 1156
5854 1228
5855 1208
5856 1222
5857 1278
5858 1236
5859 1207
5860 1283
5861 1271
5862 1274
5863 1217
5864 1220
5865 1188
5866 1259
5867 1241
5868 1252
5869 1230
5870 1237
5871 1244
5872 1224
5873 1238
5874 1170
5875 1222
5876 1236
5877 1258
5878 1260
5879 1249
5880 1172
5881 1194
5882 1221
5883 1258
5884 1240
5885 1193
5886 1150
5887 1217
5888 1219
5889 1187
5890 1175
5891 1212
5892 1191
5893 1212
5894 1232
5895 1293
5896 1243
5897 1245
5898 1270
5899 1236
5900 1272
5901 1271
5902 1270
5903 1250
5904 1265
5905 1284
5906 1265
5907 1257
5908 1246
5909 1308
5910 1249
5911 1244
5912 1225
5913 1269
5914 1215
5915 1260
5916 1231
5917 1214
5918 1231
5919 1272
5920 1245
5921 1242
5922 1262
5923 1288
5924 1297
5925 1250
5926 1202
5927 1273
5928 1182
5929 1263
5930 1264
5931 1285
5932 1255
5933 1272
5934 1222
5935 1212
5936 1226
5937 1221
5938 1264
5939 1251
5940 1278
5941 1302
5942 1302
5943 1246
5944 1251
5945 1210
5946 1215
5947 1223
5948 1264
5949 1242
5950 1282
5951 1249
5952 1225
5953 1254
5954 1225
5955 1230
5956 1238
5957 1216
5958 1265
5959 1227
5960 1269
5961 1301
5962 1276
5963 1252
5964 1247
5965 1219
5966 1248
5967 1254
5968 1259
5969 1224
5970 1268
5971 1231
5972 1246
5973 1257
5974 1241
5975 1247
5976 1277
5977 1232
5978 1290
5979 1254
5980 1291
5981 1274
5982 1241
5983 1285
5984 1261
5985 1281
5986 1253
5987 1272
5988 1305
5989 1253
5990 1233
5991 1253
5992 1275
5993 1289
5994 1271
5995 1250
5996 1247
5997 1260
5998 1236
5999 1273
6000 1203
6001 1240
6002 1255
6003 1241
6004 1247
6005 1250
6006 1244
6007 1243
6008 1285
6009 1252
6010 1246
6011 1225
6012 1263
6013 1250
6014 1309
6015 1283
6016 1306
6017 1255
6018 1265
6019 1251
6020 1246
6021 1290
6022 1274
6023 1251
6024 1258
6025 1304
6026 1271
6027 1331
6028 1282
6029 1292
6030 1219
6031 1292
6032 1281
6033 1266
6034 1251
6035 1272
6036 1228
6037 1270
6038 1271
6039 1271
6040 1244
6041 1253
6042 1251
6043 1278
6044 1256
6045 1285
6046 1300
6047 1234
6048 1248
6049 1263
6050 1276
6051 1250
6052 1258
6053 1309
6054 1250
6055 1287
6056 1296
6057 1282
6058 1259
6059 1274
6060 1273
6061 1257
6062 1238
6063 1274
6064 1250
6065 1290
6066 1287
6067 1316
6068 1262
6069 1254
6070 1290
6071 1307
6072 1313
6073 1278
6074 1225
6075 1267
6076 1271
6077 1257
6078 1262
6079 1261
6080 1261
6081 1270
6082 1243
6083 1252
6084 1272
6085 1249
6086 1295
6087 1248
6088 1251
6089 1304
6090 1306
6091 1261
6092 1308
6093 1302
6094 1303
6095 1283
6096 1272
6097 1286
6098 1339
6099 1279
6100 1256
6101 1268
6102 1248
6103 1260
6104 1197
6105 1260
6106 1236
6107 1304
6108 1310
6109 1277
6110 1262
6111 1266
6112 1308
6113 1290
6114 1291
6115 1235
6116 1274
6117 1242
6118 1251
6119 1249
6120 1286
6121 1251
6122 1320
6123 1322
6124 1283
6125 1351
6126 1273
6127 1277
6128 1274
6129 1299
6130 1309
6131 1308
6132 1341
6133 1324
6134 1333
6135 1293
6136 1304
6137 1293
6138 1243
6139 1267
6140 1324
6141 1298
6142 1361
6143 1343
6144 1366
6145 1354
6146 1362
6147 1339
6148 1322
6149 1321
6150 1323
6151 1328
6152 1313
6153 1295
6154 1329
6155 1281
6156 1281
6157 1272
6158 1286
6159 1284
6160 1252
6161 1292
6162 1259
6163 1267
6164 1274
6165 1332
6166 1329
6167 1308
6168 1273
6169 1303
6170 1242
6171 1219
6172 1205
6173 1290
6174 1268
6175 1354
6176 1265
6177 1289
6178 1311
6179 1290
6180 1278
6181 1265
6182 1279
6183 1256
6184 1284
6185 1258
6186 1316
6187 1308
6188 1255
6189 1264
6190 1271
6191 1297
6192 1276
6193 1356
6194 1284
6195 1294
6196 1276
6197 1304
6198 1294
6199 1274
6200 1281
6201 1304
6202 1288
6203 1338
6204 1308
6205 1336
6206 1318
6207 1313
6208 1326
6209 1338
6210 1293
6211 1291
6212 1307
6213 1281
6214 1269
6215 1283
6216 1260
6217 1324
6218 1341
6219 1295
6220 1235
6221 1339
6222 1306
6223 1326
6224 1382
6225 1274
6226 1326
6227 1294
6228 1351
6229 1325
6230 1331
6231 1285
6232 1273
6233 1262
6234 1295
6235 1282
6236 1352
6237 1316
6238 1261
6239 1282
6240 1345
6241 1315
6242 1354
6243 1323
6244 1317
6245 1301
6246 1335
6247 1295
6248 1280
6249 1354
6250 1315
6251 1317
6252 1300
6253 1311
6254 1324
6255 1230
6256 1319
6257 1258
6258 1321
6259 1320
6260 1292
6261 1390
6262 1358
6263 1363
6264 1301
6265 1347
6266 1275
6267 1301
6268 1328
6269 1307
6270 1350
6271 1297
6272 1303
6273 1311
6274 1277
6275 1294
6276 1293
6277 1290
6278 1281
6279 1283
6280 1328
6281 1276
6282 1319
6283 1313
6284 1364
6285 1292
6286 1298
6287 1306
6288 1311
6289 1264
6290 1303
6291 1330
6292 1306
6293 1317
6294 1289
6295 1288
6296 1318
6297 1283
6298 1311
6299 1298
6300 1297
6301 1311
6302 1321
6303 1311
6304 1285
6305 1346
6306 1325
6307 1379
6308 1341
6309 1328
6310 1309
6311 1311
6312 1343
6313 1340
6314 1326
6315 1348
6316 1350
6317 1313
6318 1272
6319 1333
6320 1292
6321 1340
6322 1310
6323 1301
6324 1323
6325 1319
6326 1341
6327 1387
6328 1328
6329 1445
6330 1391
6331 1346
6332 1301
6333 1334
6334 1307
6335 1315
6336 1317
6337 1300
6338 1324
6339 1257
6340 1308
6341 1344
6342 1353
6343 1360
6344 1301
6345 1337
6346 1318
6347 1329
6348 1334
6349 1322
6350 1307
6351 1299
6352 1310
6353 1297
6354 1297
6355 1293
6356 1341
6357 1304
6358 1349
6359 1333
6360 1317
6361 1323
6362 1330
6363 1309
6364 1347
6365 1317
6366 1355
6367 1359
6368 1328
6369 1382
6370 1369
6371 1383
6372 1332
6373 1369
6374 1357
6375 1380
6376 1341
6377 1314
6378 1325
6379 1339
6380 1289
6381 1356
6382 1326
6383 1310
6384 1362
6385 1368
6386 1323
6387 1358
6388 1326
6389 1349
6390 1419
6391 1355
6392 1377
6393 1347
6394 1335
6395 1369
6396 1309
6397 1322
6398 1362
6399 1343
6400 1374
6401 1354
6402 1376
6403 1325
6404 1346
6405 1344
6406 1322
6407 1336
6408 1345
6409 1322
6410 1350
6411 1375
6412 1354
6413 1272
6414 1366
6415 1300
6416 1343
6417 1288
6418 1348
6419 1303
6420 1353
6421 1350
6422 1333
6423 1297
6424 1336
6425 1359
6426 1373
6427 1395
6428 1359
6429 1364
6430 1323
6431 1314
6432 1361
6433 1345
6434 1355
6435 1398
6436 1365
6437 1383
6438 1395
6439 1375
6440 1342
6441 1295
6442 1285
6443 1330
6444 1329
6445 1342
6446 1337
6447 1372
6448 1359
6449 1347
6450 1350
6451 1327
6452 1341
6453 1319
6454 1316
6455 1320
6456 1296
6457 1363
6458 1326
6459 1333
6460 1368
6461 1304
6462 1371
6463 1299
6464 1317
6465 1336
6466 1338
6467 1340
6468 1378
6469 1378
6470 1375
6471 1372
6472 1418
6473 1343
6474 1362
6475 1334
6476 1353
6477 1345
6478 1354
6479 1321
6480 1352
6481 1325
6482 1374
6483 1321
6484 1311
6485 1343
6486 1348
6487 1395
6488 1343
6489 1397
6490 1409
6491 1383
6492 1366
6493 1395
6494 1358
6495 1359
6496 1349
6497 1377
6498 1335
6499 1399
6500 1355
6501 1411
6502 1368
6503 1371
6504 1388
6505 1382
6506 1381
6507 1397
6508 1383
6509 1395
6510 1386
6511 1371
6512 1403
6513 1359
6514 1361
6515 1410
6516 1389
6517 1384
6518 1351
6519 1367
6520 1378
6521 1381
6522 1402
6523 1369
6524 1358
6525 1350
6526 1347
6527 1321
6528 1342
6529 1377
6530 1378
6531 1320
6532 1337
6533 1337
6534 1354
6535 1286
6536 1362
6537 1326
6538 1398
6539 1385
6540 1415
6541 1404
6542 1390
6543 1383
6544 1423
6545 1346
6546 1365
6547 1356
6548 1369
6549 1383
6550 1377
6551 1435
6552 1353
6553 1382
6554 1364
6555 1387
6556 1380
6557 1396
6558 1381
6559 1426
6560 1374
6561 1366
6562 1377
6563 1360
6564 1365
6565 1346
6566 1357
6567 1369
6568 1320
6569 1398
6570 1386
6571 1381
6572 1403
6573 1404
6574 1384
6575 1363
6576 1359
6577 1414
6578 1395
6579 1384
6580 1454
6581 1439
6582 1377
6583 1426
6584 1400
6585 1411
6586 1360
6587 1392
6588 1389
6589 1406
6590 1388
6591 1385
6592 1351
6593 1341
6594 1391
6595 1411
6596 1392
6597 1356
6598 1406
6599 1372
6600 1413
6601 1366
6602 1398
6603 1407
6604 1406
6605 1416
6606 1351
6607 1418
6608 1402
6609 1382
6610 1376
6611 1383
6612 1416
6613 1430
6614 1383
6615 1445
6616 1416
6617 1422
6618 1443
6619 1386
6620 1421
6621 1427
6622 1363
6623 1405
6624 1412
6625 1375
6626 1346
6627 1414
6628 1315
6629 1397
6630 1329
6631 1366
6632 1351
6633 1415
6634 1400
6635 1401
6636 1431
6637 1419
6638 1445
6639 1436
6640 1382
6641 1364
6642 1394
6643 1417
6644 1431
6645 1405
6646 1375
6647 1416
6648 1437
6649 1447
6650 1368
6651 1402
6652 1342
6653 1377
6654 1380
6655 1408
6656 1381
6657 1403
6658 1425
6659 1416
6660 1427
6661 1461
6662 1419
6663 1426
6664 1392
6665 1431
6666 1423
6667 1403
6668 1420
6669 1363
6670 1421
6671 1375
6672 1400
6673 1345
6674 1369
6675 1392
6676 1401
6677 1378
6678 1468
6679 1456
6680 1400
6681 1381
6682 1365
6683 1374
6684 1396
6685 1381
6686 1378
6687 1455
6688 1345
6689 1422
6690 1412
6691 1413
6692 1450
6693 1389
6694 1380
6695 1412
6696 1445
6697 1382
6698 1419
6699 1416
6700 1427
6701 1439
6702 1454
6703 1433
6704 1395
6705 1445
6706 1436
6707 1405
6708 1375
6709 1400
6710 1350
6711 1358
6712 1415
6713 1425
6714 1400
6715 1448
6716 1435
6717 1419
6718 1344
6719 1412
6720 1379
6721 1436
6722 1413
6723 1404
6724 1418
6725 1391
6726 1443
6727 1398
6728 1457
6729 1395
6730 1397
6731 1451
6732 1446
6733 1460
6734 1414
6735 1355
6736 1352
6737 1359
6738 1383
6739 1384
6740 1395
6741 1401
6742 1372
6743 1370
6744 1403
6745 1438
6746 1416
6747 1421
6748 1434
6749 1435
6750 1422
6751 1403
6752 1374
6753 1411
6754 1419
6755 1407
6756 1421
6757 1411
6758 1411
6759 1391
6760 1416
6761 1473
6762 1376
6763 1440
6764 1434
6765 1430
6766 1445
6767 1433
6768 1412
6769 1373
6770 1366
6771 1353
6772 1384
6773 1442
6774 1460
6775 1442
6776 1437
6777 1427
6778 1356
6779 1446
6780 1422
6781 1471
6782 1435
6783 1477
6784 1426
6785 1430
6786 1442
6787 1446
6788 1397
6789 1405
6790 1448
6791 1433
6792 1450
6793 1373
6794 1440
6795 1414
6796 1360
6797 1346
6798 1331
6799 1373
6800 1372
6801 1431
6802 1415
6803 1393
6804 1398
6805 1406
6806 1439
6807 1405
6808 1390
6809 1462
6810 1442
6811 1397
6812 1408
6813 1488
6814 1454
6815 1375
6816 1443
6817 1481
6818 1434
6819 1461
6820 1441
6821 1429
6822 1403
6823 1446
6824 1429
6825 1430
6826 1455
6827 1490
6828 1402
6829 1411
6830 1420
6831 1405
6832 1437
6833 1447
6834 1446
6835 1455
6836 1477
6837 1495
6838 1443
6839 1470
6840 1464
6841 1471
6842 1409
6843 1463
6844 1471
6845 1437
6846 1507
6847 1472
6848 1475
6849 1430
6850 1438
6851 1496
6852 1443
6853 1492
6854 1456
6855 1488
6856 1435
6857 1442
6858 1442
6859 1462
6860 1398
6861 1446
6862 1478
6863 1428
6864 1469
6865 1482
6866 1461
6867 1452
6868 1448
6869 1486
6870 1464
6871 1465
6872 1486
6873 1458
6874 1471
6875 1448
6876 1528
6877 1463
6878 1493
6879 1401
6880 1480
6881 1386
6882 1428
6883 1458
6884 1441
6885 1491
6886 1469
6887 1480
6888 1478
6889 1444
6890 1489
6891 1418
6892 1452
6893 1432
6894 1495
6895 1459
6896 1444
6897 1510
6898 1451
6899 1460
6900 1462
6901 1476
6902 1491
6903 1507
6904 1491
6905 1496
6906 1492
6907 1471
6908 1432
6909 1469
6910 1424
6911 1479
6912 1410
6913 1446
6914 1425
6915 1449
6916 1436
6917 1426
6918 1458
6919 1444
6920 1469
6921 1466
6922 1467
6923 1427
6924 1519
6925 1433
6926 1493
6927 1439
6928 1421
6929 1461
6930 1471
6931 1413
6932 1484
6933 1453
6934 1432
6935 1391
6936 1452
6937 1470
6938 1491
6939 1428
6940 1480
6941 1433
6942 1476
6943 1471
6944 1433
6945 1490
6946 1454
6947 1474
6948 1480
6949 1509
6950 1497
6951 1454
6952 1456
6953 1479
6954 1479
6955 1507
6956 1465
6957 1479
6958 1463
6959 1541
6960 1480
6961 1510
6962 1479
6963 1448
6964 1470
6965 1455
6966 1469
6967 1463
6968 1484
6969 1438
6970 1433
6971 1471
6972 1486
6973 1476
6974 1472
6975 1484
6976 1472
6977 1466
6978 1483
6979 1508
6980 1467
6981 1482
6982 1475
6983 1505
6984 1473
6985 1490
6986 1433
6987 1430
6988 1417
6989 1447
6990 1481
6991 1539
6992 1508
6993 1477
6994 1448
6995 1456
6996 1456
6997 1461
6998 1448
6999 1452
7000 1475
7001 1509
7002 1427
7003 1493
7004 1469
7005 1509
7006 1490
7007 1454
7008 1429
7009 1437
7010 1471
7011 1401
7012 1454
7013 1473
7014 1500
7015 1502
7016 1520
7017 1516
7018 1460
7019 1479
7020 1489
7021 1484
7022 1415
7023 1438
7024 1441
7025 1467
7026 1478
7027 1446
7028 1447
7029 1543
7030 1476
7031 1519
7032 1444
7033 1446
7034 1437
7035 1416
7036 1496
7037 1464
7038 1445
7039 1441
7040 1465
7041 1458
7042 1495
7043 1508
7044 1513
7045 1446
7046 1523
7047 1485
7048 1499
7049 1476
7050 1520
7051 1523
7052 1456
7053 1472
7054 1414
7055 1459
7056 1532
7057 1494
7058 1457
7059 1468
7060 1469
7061 1496
7062 1434
7063 1467
7064 1458
7065 1484
7066 1459
7067 1489
7068 1501
7069 1477
7070 1458
7071 1503
7072 1469
7073 1463
7074 1456
7075 1492
7076 1497
7077 1519
7078 1467
7079 1500
7080 1426
7081 1483
7082 1473
7083 1483
7084 1460
7085 1528
7086 1459
7087 1426
7088 1512
7089 1455
7090 1515
7091 1481
7092 1515
7093 1529
7094 1528
7095 1537
7096 1610
7097 1491
7098 1506
7099 1461
7100 1474
7101 1479
7102 1529
7103 1496
7104 1540
7105 1490
7106 1474
7107 1447
7108 1432
7109 1463
7110 1512
7111 1539
7112 1556
7113 1546
7114 1542
7115 1543
7116 1541
7117 1540
7118 1507
7119 1535
7120 1526
7121 1485
7122 1501
7123 1472
7124 1468
7125 1527
7126 1521
7127 1515
7128 1464
7129 1517
7130 1478
7131 1515
7132 1490
7133 1505
7134 1454
7135 1527
7136 1552
7137 1507
7138 1549
7139 1501
7140 1482
7141 1483
7142 1476
7143 1499
7144 1483
7145 1473
7146 1522
7147 1533
7148 1521
7149 1468
7150 1495
7151 1497
7152 1506
7153 1531
7154 1461
7155 1463
7156 1513
7157 1528
7158 1485
7159 1435
7160 1489
7161 1483
7162 1475
7163 1482
7164 1454
7165 1511
7166 1508
7167 1472
7168 1470
7169 1514
7170 1510
7171 1523
7172 1506
7173 1519
7174 1491
7175 1490
7176 1468
7177 1545
7178 1501
7179 1476
7180 1529
7181 1470
7182 1495
7183 1511
7184 1506
7185 1549
7186 1492
7187 1484
7188 1463
7189 1516
7190 1485
7191 1495
7192 1518
7193 1538
7194 1463
7195 1541
7196 1491
7197 1463
7198 1516
7199 1429
7200 1469
7201 1443
7202 1513
7203 1471
7204 1495
7205 1472
7206 1515
7207 1529
7208 1536
7209 1547
7210 1545
7211 1505
7212 1513
7213 1535
7214 1549
7215 1549
7216 1458
7217 1491
7218 1504
7219 1471
7220 1531
7221 1454
7222 1551
7223 1528
7224 1511
7225 1478
7226 1512
7227 1537
7228 1546
7229 1525
7230 1523
7231 1504
7232 1523
7233 1513
7234 1544
7235 1532
7236 1479
7237 1517
7238 1509
7239 1493
7240 1604
7241 1573
7242 1624
7243 1573
7244 1575
7245 1569
7246 1506
7247 1517
7248 1491
7249 1605
7250 1534
7251 1536
7252 1543
7253 1549
7254 1540
7255 1499
7256 1519
7257 1552
7258 1478
7259 1481
7260 1556
7261 1492
7262 1552
7263 1492
7264 1529
7265 1509
7266 1509
7267 1525
7268 1543
7269 1531
7270 1524
7271 1527
7272 1566
7273 1526
7274 1517
7275 1537
7276 1500
7277 1538
7278 1530
7279 1563
7280 1496
7281 1549
7282 1486
7283 1549
7284 1504
7285 1511
7286 1479
7287 1475
7288 1500
7289 1521
7290 1518
7291 1488
7292 1570
7293 1600
7294 1517
7295 1524
7296 1592
7297 1585
7298 1551
7299 1611
7300 1560
7301 1544
7302 1535
7303 1562
7304 1558
7305 1540
7306 1591
7307 1528
7308 1565
7309 1581
7310 1552
7311 1532
7312 1511
7313 1573
7314 1583
7315 1576
7316 1559
7317 1553
7318 1505
7319 1544
7320 1498
7321 1545
7322 1530
7323 1542
7324 1538
7325 1531
7326 1535
7327 1514
7328 1527
7329 1456
7330 1615
7331 1626
7332 1652
7333 1567
7334 1573
7335 1525
7336 1547
7337 1474
7338 1524
7339 1547
7340 1556
7341 1592
7342 1581
7343 1559
7344 1568
7345 1477
7346 1525
7347 1496
7348 1519
7349 1492
7350 1544
7351 1444
7352 1533
7353 1516
7354 1557
7355 1505
7356 1601
7357 1493
7358 1578
7359 1490
7360 1558
7361 1515
7362 1510
7363 1583
7364 1616
7365 1583
7366 1572
7367 1571
7368 1541
7369 1504
7370 1519
7371 1543
7372 1590
7373 1562
7374 1583
7375 1617
7376 1595
7377 1587
7378 1533
7379 1599
7380 1519
7381 1592
7382 1512
7383 1540
7384 1593
7385 1605
7386 1511
7387 1565
7388 1556
7389 1632
7390 1604
7391 1545
7392 1581
7393 1555
7394 1566
7395 1605
7396 1651
7397 1591
7398 1609
7399 1597
7400 1538
7401 1530
7402 1570
7403 1545
7404 1549
7405 1610
7406 1529
7407 1509
7408 1512
7409 1517
7410 1550
7411 1529
7412 1546
7413 1538
7414 1604
7415 1543
7416 1571
7417 1548
7418 1562
7419 1518
7420 1521
7421 1536
7422 1569
7423 1538
7424 1586
7425 1543
7426 1598
7427 1604
7428 1555
7429 1581
7430 1534
7431 1570
7432 1579
7433 1614
7434 1547
7435 1559
7436 1527
7437 1545
7438 1548
7439 1579
7440 1547
7441 1586
7442 1521
7443 1540
7444 1556
7445 1521
7446 1567
7447 1540
7448 1591
7449 1593
7450 1556
7451 1554
7452 1565
7453 1563
7454 1543
7455 1569
7456 1519
7457 1580
7458 1588
7459 1534
7460 1527
7461 1578
7462 1532
7463 1528
7464 1560
7465 1556
7466 1541
7467 1592
7468 1547
7469 1533
7470 1537
7471 1599
7472 1578
7473 1555
7474 1578
7475 1492
7476 1565
7477 1527
7478 1579
7479 1556
7480 1579
7481 1559
7482 1571
7483 1595
7484 1532
7485 1523
7486 1480
7487 1491
7488 1602
7489 1623
7490 1596
7491 1619
7492 1648
7493 1587
7494 1597
7495 1579
7496 1600
7497 1573
7498 1561
7499 1574
7500 1599
7501 1581
7502 1605
7503 1606
7504 1577
7505 1551
7506 1621
7507 1571
7508 1559
7509 1500
7510 1571
7511 1602
7512 1611
7513 1620
7514 1558
7515 1562
7516 1562
7517 1617
7518 1621
7519 1623
7520 1623
7521 1590
7522 1613
7523 1591
7524 1571
7525 1630
7526 1603
7527 1650
7528 1548
7529 1570
7530 1549
7531 1576
7532 1546
7533 1533
7534 1566
7535 1587
7536 1579
7537 1580
7538 1591
7539 1591
7540 1593
7541 1620
7542 1642
7543 1570
7544 1611
7545 1625
7546 1602
7547 1602
7548 1596
7549 1591
7550 1565
7551 1534
7552 1537
7553 1559
7554 1622
7555 1602
7556 1602
7557 1591
7558 1571
7559 1563
7560 1649
7561 1650
7562 1582
7563 1593
7564 1550
7565 1604
7566 1566
7567 1558
7568 1609
7569 1587
7570 1591
7571 1560
7572 1569
7573 1552
7574 1589
7575 1581
7576 1630
7577 1608
7578 1623
7579 1610
7580 1582
7581 1589
7582 1556
7583 1644
7584 1602
7585 1637
7586 1654
7587 1584
7588 1607
7589 1619
7590 1590
7591 1599
7592 1606
7593 1613
7594 1509
7595 1604
7596 1597
7597 1576
7598 1590
7599 1659
7600 1631
7601 1598
7602 1576
7603 1648
7604 1602
7605 1587
7606 1564
7607 1519
7608 1610
7609 1604
7610 1606
7611 1657
7612 1566
7613 1616
7614 1590
7615 1654
7616 1628
7617 1632
7618 1639
7619 1600
7620 1651
7621 1644
7622 1643
7623 1617
7624 1619
7625 1603
7626 1635
7627 1628
7628 1627
7629 1609
7630 1655
7631 1603
7632 1612
7633 1595
7634 1564
7635 1642
7636 1634
7637 1640
7638 1625
7639 1671
7640 1623
7641 1600
7642 1623
7643 1577
7644 1607
7645 1569
7646 1614
7647 1598
7648 1617
7649 1632
7650 1570
7651 1589
7652 1580
7653 1546
7654 1598
7655 1655
7656 1624
7657 1625
7658 1631
7659 1616
7660 1603
7661 1578
7662 1604
7663 1611
7664 1549
7665 1637
7666 1576
7667 1606
7668 1645
7669 1623
7670 1616
7671 1607
7672 1649
7673 1584
7674 1620
7675 1683
7676 1654
7677 1668
7678 1669
7679 1721
7680 1667
7681 1652
7682 1607
7683 1647
7684 1596
7685 1559
7686 1582
7687 1570
7688 1550
7689 1633
7690 1626
7691 1612
7692 1636
7693 1573
7694 1571
7695 1597
7696 1641
7697 1606
7698 1633
7699 1560
7700 1596
7701 1616
7702 1660
7703 1624
7704 1613
7705 1615
7706 1660
7707 1609
7708 1612
7709 1631
7710 1649
7711 1599
7712 1640
7713 1593
7714 1604
7715 1622
7716 1598
7717 1603
7718 1570
7719 1594
7720 1587
7721 1635
7722 1566
7723 1633
7724 1647
7725 1625
7726 1613
7727 1652
7728 1621
7729 1662
7730 1644
7731 1637
7732 1664
7733 1584
7734 1588
7735 1648
7736 1604
7737 1625
7738 1681
7739 1634
7740 1627
7741 1615
7742 1636
7743 1594
7744 1608
7745 1594
7746 1684
7747 1601
7748 1614
7749 1615
7750 1648
7751 1663
7752 1626
7753 1664
7754 1598
7755 1688
7756 1612
7757 1612
7758 1650
7759 1637
7760 1599
7761 1674
7762 1618
7763 1679
7764 1651
7765 1589
7766 1617
7767 1619
7768 1645
7769 1654
7770 1626
7771 1638
7772 1618
7773 1657
7774 1578
7775 1654
7776 1601
7777 1633
7778 1626
7779 1678
7780 1636
7781 1653
7782 1656
7783 1658
7784 1645
7785 1626
7786 1676
7787 1628
7788 1674
7789 1642
7790 1666
7791 1606
7792 1656
7793 1610
7794 1643
7795 1593
7796 1598
7797 1604
7798 1552
7799 1640
7800 1619
7801 1606
7802 1597
7803 1590
7804 1625
7805 1652
7806 1584
7807 1645
7808 1644
7809 1599
7810 1609
7811 1606
7812 1641
7813 1672
7814 1649
7815 1698
7816 1639
7817 1683
7818 1640
7819 1583
7820 1642
7821 1615
7822 1653
7823 1621
7824 1625
7825 1644
7826 1635
7827 1632
7828 1634
7829 1622
7830 1664
7831 1633
7832 1682
7833 1589
7834 1677
7835 1627
7836 1686
7837 1634
7838 1668
7839 1621
7840 1708
7841 1724
7842 1704
7843 1649
7844 1654
7845 1647
7846 1660
7847 1610
7848 1665
7849 1692
7850 1656
7851 1681
7852 1630
7853 1677
7854 1654
7855 1652
7856 1670
7857 1616
7858 1631
7859 1604
7860 1670
7861 1637
7862 1645
7863 1689
7864 1667
7865 1680
7866 1659
7867 1609
7868 1654
7869 1614
7870 1666
7871 1591
7872 1684
7873 1615
7874 1648
7875 1621
7876 1684
7877 1611
7878 1629
7879 1659
7880 1641
7881 1595
7882 1649
7883 1624
7884 1586
7885 1621
7886 1642
7887 1641
7888 1682
7889 1684
7890 1722
7891 1700
7892 1630
7893 1613
7894 1627
7895 1645
7896 1636
7897 1641
7898 1663
7899 1688
7900 1667
7901 1703
7902 1707
7903 1647
7904 1647
7905 1634
7906 1678
7907 1660
7908 1713
7909 1699
7910 1703
7911 1695
7912 1681
7913 1731
7914 1703
7915 1671
7916 1694
7917 1738
7918 1659
7919 1694
7920 1683
7921 1674
7922 1670
7923 1682
7924 1647
7925 1715
7926 1705
7927 1648
7928 1680
7929 1694
7930 1631
7931 1705
7932 1684
7933 1709
7934 1685
7935 1672
7936 1682
7937 1638
7938 1648
7939 1624
7940 1668
7941 1657
7942 1660
7943 1702
7944 1680
7945 1660
7946 1649
7947 1724
7948 1643
7949 1739
7950 1681
7951 1727
7952 1688
7953 1706
7954 1727
7955 1709
7956 1692
7957 1646
7958 1651
7959 1702
7960 1693
7961 1672
7962 1701
7963 1638
7964 1650
7965 1620
7966 1678
7967 1634
7968 1615
7969 1709
7970 1632
7971 1642
7972 1687
7973 1695
7974 1673
7975 1677
7976 1685
7977 1705
7978 1612
7979 1716
7980 1674
7981 1665
7982 1636
7983 1585
7984 1705
7985 1615
7986 1691
7987 1665
7988 1686
7989 1737
7990 1730
7991 1709
7992 1742
7993 1726
7994 1740
7995 1668
7996 1667
7997 1666
7998 1633
7999 1687
8000 1612
8001 1657
8002 1705
8003 1688
8004 1680
8005 1678
8006 1704
8007 1700
8008 1754
8009 1719
8010 1689
8011 1700
8012 1689
8013 1728
8014 1666
8015 1776
8016 1709
8017 1661
8018 1681
8019 1687
8020 1686
8021 1723
8022 1685
8023 1753
8024 1704
8025 1708
8026 1668
8027 1685
8028 1700
8029 1650
8030 1713
8031 1707
8032 1710
8033 1745
8034 1762
8035 1737
8036 1742
8037 1738
8038 1648
8039 1718
8040 1674
8041 1651
8042 1691
8043 1679
8044 1669
8045 1675
8046 1634
8047 1693
8048 1668
8049 1771
8050 1705
8051 1725
8052 1748
8053 1640
8054 1699
8055 1718
8056 1668
8057 1688
8058 1699
8059 1708
8060 1674
8061 1684
8062 1691
8063 1708
8064 1695
8065 1709
8066 1627
8067 1690
8068 1678
8069 1714
8070 1687
8071 1674
8072 1644
8073 1641
8074 1597
8075 1697
8076 1716
8077 1714
8078 1692
8079 1682
8080 1699
8081 1656
8082 1694
8083 1684
8084 1736
8085 1703
8086 1706
8087 1757
8088 1715
8089 1736
8090 1675
8091 1734
8092 1692
8093 1722
8094 1704
8095 1624
8096 1734
8097 1684
8098 1699
8099 1699
8100 1724
8101 1668
8102 1728
8103 1714
8104 1709
8105 1739
8106 1754
8107 1747
8108 1746
8109 1753
8110 1760
8111 1736
8112 1664
8113 1720
8114 1661
8115 1646
8116 1631
8117 1768
8118 1684
8119 1721
8120 1727
8121 1687
8122 1659
8123 1684
8124 1716
8125 1679
8126 1664
8127 1650
8128 1684
8129 1693
8130 1758
8131 1726
8132 1694
8133 1761
8134 1699
8135 1626
8136 1686
8137 1736
8138 1757
8139 1715
8140 1699
8141 1766
8142 1767
8143 1736
8144 1691
8145 1599
8146 1732
8147 1689
8148 1734
8149 1690
8150 1694
8151 1675
8152 1715
8153 1751
8154 1716
8155 1801
8156 1744
8157 1740
8158 1701
8159 1635
8160 1709
8161 1706
8162 1697
8163 1701
8164 1680
8165 1674
8166 1693
8167 1720
8168 1688
8169 1746
8170 1708
8171 1695
8172 1701
8173 1729
8174 1706
8175 1726
8176 1712
8177 1720
8178 1733
8179 1688
8180 1701
8181 1723
8182 1717
8183 1709
8184 1702
8185 1730
8186 1738
8187 1765
8188 1779
8189 1719
8190 1760
8191 1711
8192 1761
8193 1724
8194 1768
8195 1642
8196 1717
8197 1694
8198 1692
8199 1763
8200 1731
8201 1726
8202 1737
8203 1717
8204 1673
8205 1745
8206 1743
8207 1755
8208 1726
8209 1676
8210 1712
8211 1690
8212 1729
8213 1720
8214 1729
8215 1696
8216 1671
8217 1716
8218 1692
8219 1694
8220 1750
8221 1712
8222 1753
8223 1712
8224 1717
8225 1714
8226 1713
8227 1724
8228 1738
8229 1625
8230 1739
8231 1745
8232 1710
8233 1715
8234 1720
8235 1728
8236 1724
8237 1715
8238 1729
8239 1781
8240 1738
8241 1688
8242 1675
8243 1716
8244 1706
8245 1707
8246 1748
8247 1740
8248 1756
8249 1797
8250 1778
8251 1706
8252 1749
8253 1733
8254 1804
8255 1745
8256 1714
8257 1713
8258 1709
8259 1744
8260 1693
8261 1756
8262 1697
8263 1732
8264 1748
8265 1759
8266 1753
8267 1737
8268 1776
8269 1767
8270 1759
8271 1773
8272 1771
8273 1725
8274 1724
8275 1705
8276 1670
8277 1713
8278 1719
8279 1759
8280 1765
8281 1751
8282 1694
8283 1724
8284 1679
8285 1707
8286 1770
8287 1711
8288 1750
8289 1720
8290 1751
8291 1783
8292 1735
8293 1750
8294 1713
8295 1731
8296 1727
8297 1720
8298 1703
8299 1755
8300 1767
8301 1765
8302 1759
8303 1720
8304 1771
8305 1737
8306 1715
8307 1757
8308 1746
8309 1717
8310 1712
8311 1732
8312 1731
8313 1647
8314 1721
8315 1697
8316 1732
8317 1806
8318 1840
8319 1776
8320 1773
8321 1808
8322 1773
8323 1777
8324 1710
8325 1788
8326 1831
8327 1802
8328 1775
8329 1738
8330 1754
8331 1764
8332 1799
8333 1768
8334 1789
8335 1751
8336 1737
8337 1763
8338 1826
8339 1738
8340 1802
8341 1737
8342 1723
8343 1730
8344 1740
8345 1749
8346 1760
8347 1733
8348 1783
8349 1787
8350 1751
8351 1753
8352 1799
8353 1758
8354 1754
8355 1770
8356 1786
8357 1771
8358 1773
8359 1754
8360 1735
8361 1770
8362 1774
8363 1776
8364 1720
8365 1743
8366 1734
8367 1721
8368 1712
8369 1744
8370 1776
8371 1788
8372 1775
8373 1705
8374 1707
8375 1712
8376 1756
8377 1744
8378 1726
8379 1759
8380 1754
8381 1819
8382 1746
8383 1755
8384 1714
8385 1711
8386 1720
8387 1773
8388 1713
8389 1698
8390 1715
8391 1750
8392 1740
8393 1827
8394 1791
8395 1789
8396 1744
8397 1781
8398 1736
8399 1758
8400 1759
8401 1741
8402 1721
8403 1770
8404 1833
8405 1770
8406 1788
8407 1750
8408 1727
8409 1691
8410 1697
8411 1773
8412 1799
8413 1769
8414 1849
8415 1832
8416 1751
8417 1785
8418 1773
8419 1751
8420 1778
8421 1766
8422 1721
8423 1798
8424 1760
8425 1772
8426 1772
8427 1778
8428 1820
8429 1783
8430 1784
8431 1737
8432 1787
8433 1742
8434 1772
8435 1766
8436 1786
8437 1830
8438 1730
8439 1789
8440 1743
8441 1720
8442 1725
8443 1748
8444 1788
8445 1816
8446 1786
8447 1788
8448 1830
8449 1792
8450 1803
8451 1787
8452 1742
8453 1839
8454 1795
8455 1871
8456 1764
8457 1778
8458 1795
8459 1769
8460 1731
8461 1813
8462 1806
8463 1839
8464 1817
8465 1857
8466 1815
8467 1762
8468 1764
8469 1710
8470 1785
8471 1748
8472 1832
8473 1786
8474 1788
8475 1852
8476 1822
8477 1764
8478 1806
8479 1723
8480 1778
8481 1772
8482 1734
8483 1747
8484 1718
8485 1806
8486 1839
8487 1787
8488 1783
8489 1773
8490 1816
8491 1784
8492 1813
8493 1804
8494 1776
8495 1786
8496 1812
8497 1803
8498 1791
8499 1798
8500 1757
8501 1812
8502 1793
8503 1825
8504 1758
8505 1834
8506 1810
8507 1827
8508 1797
8509 1777
8510 1790
8511 1785
8512 1830
8513 1801
8514 1778
8515 1718
8516 1758
8517 1724
8518 1738
8519 1770
8520 1734
8521 1778
8522 1765
8523 1821
8524 1835
8525 1786
8526 1770
8527 1791
8528 1780
8529 1788
8530 1874
8531 1794
8532 1832
8533 1857
8534 1866
8535 1864
8536 1842
8537 1841
8538 1783
8539 1822
8540 1781
8541 1780
8542 1786
8543 1791
8544 1830
8545 1817
8546 1805
8547 1742
8548 1836
8549 1818
8550 1771
8551 1810
8552 1798
8553 1885
8554 1834
8555 1806
8556 1795
8557 1782
8558 1785
8559 1828
8560 1818
8561 1838
8562 1884
8563 1862
8564 1778
8565 1818
8566 1768
8567 1767
8568 1774
8569 1791
8570 1757
8571 1781
8572 1791
8573 1756
8574 1776
8575 1780
8576 1824
8577 1772
8578 1798
8579 1798
8580 1729
8581 1830
8582 1764
8583 1779
8584 1795
8585 1789
8586 1797
8587 1816
8588 1814
8589 1764
8590 1825
8591 1874
8592 1837
8593 1843
8594 1815
8595 1832
8596 1826
8597 1860
8598 1830
8599 1801
8600 1866
8601 1803
8602 1865
8603 1812
8604 1795
8605 1779
8606 1837
8607 1819
8608 1787
8609 1822
8610 1756
8611 1717
8612 1788
8613 1754
8614 1770
8615 1777
8616 1791
8617 1862
8618 1857
8619 1819
8620 1804
8621 1845
8622 1854
8623 1830
8624 1897
8625 1845
8626 1838
8627 1781
8628 1828
8629 1837
8630 1860
8631 1823
8632 1842
8633 1772
8634 1837
8635 1770
8636 1820
8637 1781
8638 1803
8639 1812
8640 1809
8641 1742
8642 1804
8643 1725
8644 1842
8645 1806
8646 1849
8647 1760
8648 1854
8649 1788
8650 1826
8651 1806
8652 1779
8653 1829
8654 1789
8655 1813
8656 1776
8657 1836
8658 1706
8659 1798
8660 1809
8661 1773
8662 1774
8663 1833
8664 1838
8665 1872
8666 1792
8667 1864
8668 1861
8669 1862
8670 1784
8671 1779
8672 1777
8673 1786
8674 1892
8675 1856
8676 1864
8677 1832
8678 1882
8679 1791
8680 1824
8681 1800
8682 1785
8683 1817
8684 1763
8685 1840
8686 1811
8687 1820
8688 1885
8689 1842
8690 1829
8691 1807
8692 1864
8693 1796
8694 1794
8695 1784
8696 1815
8697 1774
8698 1809
8699 1796
8700 1804
8701 1835
8702 1805
8703 1875
8704 1894
8705 1930
8706 1759
8707 1837
8708 1820
8709 1803
8710 1801
8711 1848
8712 1792
8713 1859
8714 1791
8715 1847
8716 1819
8717 1841
8718 1855
8719 1784
8720 1829
8721 1854
8722 1907
8723 1860
8724 1873
8725 1855
8726 1808
8727 1865
8728 1883
8729 1866
8730 1836
8731 1848
8732 1865
8733 1812
8734 1773
8735 1808
8736 1840
8737 1808
8738 1802
8739 1795
8740 1844
8741 1884
8742 1839
8743 1785
8744 1771
8745 1794
8746 1784
8747 1787
8748 1753
8749 1748
8750 1808
8751 1822
8752 1798
8753 1838
8754 1804
8755 1917
8756 1824
8757 1879
8758 1840
8759 1794
8760 1850
8761 1843
8762 1855
8763 1823
8764 1812
8765 1844
8766 1869
8767 1882
8768 1833
8769 1858
8770 1831
8771 1862
8772 1838
8773 1815
8774 1894
8775 1822
8776 1907
8777 1856
8778 1844
8779 1846
8780 1797
8781 1891
8782 1828
8783 1870
8784 1903
8785 1892
8786 1884
8787 1780
8788 1822
8789 1791
8790 1827
8791 1806
8792 1859
8793 1783
8794 1844
8795 1824
8796 1832
8797 1870
8798 1880
8799 1832
8800 1798
8801 1824
8802 1872
8803 1844
8804 1912
8805 1840
8806 1872
8807 1799
8808 1898
8809 1871
8810 1843
8811 1832
8812 1816
8813 1842
8814 1875
8815 1845
8816 1845
8817 1892
8818 1855
8819 1841
8820 1849
8821 1863
8822 1910
8823 1871
8824 1865
8825 1851
8826 1868
8827 1920
8828 1900
8829 1911
8830 1832
8831 1860
8832 1878
8833 1840
8834 1833
8835 1850
8836 1849
8837 1882
8838 1840
8839 1887
8840 1871
8841 1832
8842 1854
8843 1858
8844 1830
8845 1826
8846 1831
8847 1815
8848 1775
8849 1840
8850 1839
8851 1853
8852 1830
8853 1860
8854 1803
8855 1840
8856 1842
8857 1817
8858 1792
8859 1845
8860 1889
8861 1872
8862 1857
8863 1848
8864 1888
8865 1846
8866 1883
8867 1864
8868 1832
8869 1874
8870 1817
8871 1923
8872 1826
8873 1860
8874 1822
8875 1832
8876 1849
8877 1845
8878 1818
8879 1892
8880 1912
8881 1911
8882 1901
8883 1890
8884 1857
8885 1968
8886 1852
8887 1880
8888 1830
8889 1841
8890 1839
8891 1829
8892 1864
8893 1853
8894 1869
8895 1889
8896 1847
8897 1819
8898 1926
8899 1867
8900 1893
8901 1823
8902 1874
8903 1847
8904 1855
8905 1847
8906 1916
8907 1875
8908 1893
8909 1868
8910 1856
8911 1878
8912 1856
8913 1841
8914 1832
8915 1839
8916 1856
8917 1870
8918 1845
8919 1899
8920 1833
8921 1873
8922 1889
8923 1863
8924 1917
8925 1872
8926 1883
8927 1908
8928 1850
8929 1903
8930 1885
8931 1880
8932 1938
8933 1869
8934 1877
8935 1882
8936 1876
8937 1916
8938 1857
8939 1854
8940 1874
8941 1857
8942 1907
8943 1870
8944 1863
8945 1874
8946 1837
8947 1853
8948 1859
8949 1854
8950 1909
8951 1919
8952 1937
8953 1949
8954 1877
8955 1893
8956 1903
8957 1897
8958 1924
8959 1879
8960 1880
8961 1937
8962 1891
8963 1966
8964 1849
8965 1824
8966 1867
8967 1778
8968 1812
8969 1850
8970 1843
8971 1831
8972 1892
8973 1871
8974 1931
8975 1926
8976 1855
8977 1901
8978 1910
8979 1903
8980 1946
8981 1853
8982 1956
8983 1856
8984 1878
8985 1837
8986 1862
8987 1891
8988 1893
8989 1918
8990 1889
8991 1909
8992 1898
8993 1993
8994 1956
8995 1943
8996 1938
8997 1936
8998 1881
8999 1954
9000 1891
9001 1880
9002 1824
9003 1868
9004 1831
9005 1883
9006 1820
9007 1874
9008 1861
9009 1937
9010 1835
9011 1932
9012 1873
9013 1863
9014 1870
9015 1848
9016 1822
9017 1827
9018 1931
9019 1841
9020 1924
9021 1949
9022 1842
9023 1873
9024 1855
9025 1880
9026 1909
9027 1931
9028 1877
9029 1928
9030 1828
9031 1911
9032 1873
9033 1908
9034 1893
9035 1946
9036 1873
9037 1942
9038 1892
9039 1864
9040 1956
9041 1881
9042 1883
9043 1856
9044 1865
9045 1909
9046 1897
9047 1889
9048 1921
9049 1939
9050 1910
9051 1900
9052 1846
9053 1860
9054 1935
9055 1870
9056 1872
9057 1867
9058 1889
9059 1931
9060 1889
9061 1886
9062 1863
9063 1892
9064 1918
9065 1920
9066 1919
9067 1910
9068 1966
9069 1897
9070 1868
9071 1931
9072 1918
9073 1935
9074 1938
9075 1904
9076 1912
9077 1880
9078 1997
9079 1911
9080 1886
9081 1935
9082 1994
9083 1900
9084 1877
9085 1878
9086 1877
9087 1898
9088 1897
9089 1930
9090 1897
9091 1929
9092 1896
9093 1868
9094 1910
9095 1928
9096 1863
9097 1858
9098 1905
9099 1924
9100 1885
9101 1911
9102 1939
9103 1926
9104 1981
9105 1960
9106 1968
9107 1912
9108 1995
9109 1852
9110 1954
9111 1898
9112 1971
9113 1886
9114 1895
9115 1903
9116 1968
9117 1899
9118 1930
9119 1951
9120 1913
9121 1822
9122 1886
9123 1873
9124 1919
9125 1870
9126 1898
9127 1931
9128 1932
9129 1922
9130 1910
9131 1885
9132 1907
9133 1867
9134 1898
9135 1901
9136 1949
9137 2006
9138 1916
9139 1928
9140 1928
9141 1896
9142 1903
9143 2003
9144 1930
9145 1983
9146 1933
9147 2003
9148 1956
9149 1962
9150 1979
9151 1973
9152 1905
9153 1903
9154 1951
9155 1933
9156 1977
9157 1922
9158 1867
9159 1912
9160 1947
9161 1972
9162 1942
9163 1908
9164 1918
9165 1921
9166 1888
9167 1915
9168 1982
9169 1921
9170 1971
9171 1931
9172 1984
9173 1925
9174 1941
9175 1925
9176 1863
9177 1937
9178 1954
9179 1933
9180 1950
9181 1981
9182 1928
9183 1950
9184 1927
9185 1964
9186 1897
9187 1853
9188 1931
9189 1971
9190 1951
9191 1948
9192 1934
9193 1868
9194 1980
9195 1935
9196 1929
9197 1907
9198 1899
9199 1894
9200 1957
9201 1954
9202 1943
9203 1989
9204 1906
9205 1943
9206 1919
9207 1913
9208 1910
9209 2004
9210 1957
9211 2043
9212 2029
9213 2008
9214 1916
9215 1958
9216 1937
9217 1958
9218 1961
9219 1901
9220 1925
9221 1923
9222 1912
9223 1922
9224 1992
9225 1924
9226 1882
9227 2004
9228 1898
9229 1941
9230 1908
9231 1917
9232 1933
9233 1997
9234 1969
9235 2006
9236 1966
9237 1955
9238 1984
9239 1971
9240 1948
9241 1950
9242 1967
9243 1938
9244 1998
9245 1952
9246 1927
9247 1906
9248 1909
9249 1918
9250 1906
9251 1934
9252 1889
9253 1901
9254 1925
9255 1960
9256 1957
9257 1970
9258 1940
9259 1967
9260 1969
9261 1934
9262 1947
9263 1945
9264 1958
9265 2003
9266 1921
9267 1907
9268 1969
9269 1917
9270 1972
9271 1914
9272 1944
9273 1895
9274 1896
9275 1963
9276 1942
9277 1944
9278 1941
9279 1944
9280 1908
9281 1990
9282 1962
9283 1995
9284 1983
9285 1975
9286 1943
9287 1927
9288 1988
9289 1936
9290 1933
9291 1928
9292 1908
9293 1977
9294 1958
9295 1922
9296 1929
9297 1880
9298 1891
9299 1919
9300 1956
9301 1867
9302 1939
9303 1913
9304 2005
9305 1952
9306 1992
9307 1917
9308 2039
9309 1953
9310 2022
9311 1932
9312 2003
9313 1941
9314 1978
9315 1987
9316 1931
9317 1928
9318 1964
9319 1955
9320 1941
9321 1921
9322 1953
9323 1865
9324 1954
9325 1944
9326 2051
9327 2031
9328 1990
9329 1999
9330 1956
9331 2010
9332 1951
9333 2006
9334 1963
9335 1942
9336 1930
9337 1962
9338 1928
9339 1911
9340 1919
9341 1879
9342 1976
9343 1947
9344 1976
9345 1960
9346 1958
9347 1934
9348 1949
9349 1957
9350 2003
9351 1939
9352 2024
9353 1957
9354 1919
9355 1944
9356 1978
9357 1965
9358 1913
9359 1901
9360 1917
9361 1907
9362 1957
9363 1972
9364 1939
9365 2000
9366 2028
9367 1946
9368 2007
9369 1993
9370 2018
9371 1996
9372 1989
9373 1990
9374 2018
9375 2005
9376 1909
9377 1976
9378 1935
9379 1990
9380 1962
9381 2047
9382 1997
9383 2023
9384 2030
9385 1975
9386 1976
9387 1906
9388 1903
9389 1916
9390 2032
9391 1961
9392 2017
9393 2001
9394 2006
9395 1972
9396 2010
9397 1954
9398 2018
9399 1928
9400 1996
9401 1898
9402 1957
9403 1955
9404 2016
9405 1943
9406 2009
9407 2006
9408 1985
9409 1966
9410 1993
9411 1992
9412 1971
9413 1952
9414 1925
9415 2002
9416 1951
9417 2014
9418 1963
9419 1973
9420 1938
9421 1981
9422 1977
9423 1987
9424 1984
9425 1965
9426 2061
9427 2040
9428 2007
9429 2008
9430 1957
9431 1920
9432 1910
9433 2003
9434 2009
9435 2028
9436 1973
9437 1985
9438 1961
9439 1922
9440 1949
9441 2012
9442 2022
9443 2041
9444 2048
9445 2082
9446 1963
9447 1975
9448 1975
9449 1960
9450 2035
9451 2010
9452 1919
9453 1973
9454 1958
9455 1989
9456 1993
9457 1948
9458 1970
9459 2019
9460 1975
9461 2006
9462 2046
9463 2060
9464 2031
9465 2011
9466 2009
9467 1956
9468 1988
9469 1954
9470 2005
9471 2050
9472 2088
9473 2037
9474 2038
9475 2047
9476 2055
9477 2040
9478 2004
9479 1997
9480 1979
9481 1958
9482 1971
9483 2061
9484 2031
9485 2014
9486 2061
9487 2014
9488 2019
9489 1977
9490 2054
9491 1936
9492 1984
9493 1971
9494 1952
9495 1926
9496 1968
9497 2028
9498 1989
9499 1982
9500 1962
9501 1977
9502 1995
9503 1957
9504 2014
9505 2046
9506 2007
9507 1991
9508 1917
9509 1945
9510 1973
9511 2023
9512 1959
9513 2016
9514 2020
9515 2016
9516 1932
9517 2015
9518 1948
9519 1989
9520 1970
9521 2027
9522 2001
9523 2023
9524 1980
9525 1998
9526 1929
9527 2027
9528 2008
9529 2034
9530 1993
9531 2035
9532 2023
9533 2021
9534 2012
9535 2010
9536 2026
9537 1987
9538 2034
9539 1988
9540 2015
9541 1986
9542 2029
9543 2023
9544 1984
9545 2039
9546 2093
9547 2037
9548 1991
9549 2037
9550 2056
9551 2009
9552 2008
9553 1957
9554 1997
9555 1996
9556 1996
9557 2020
9558 2043
9559 2048
9560 2010
9561 2080
9562 2043
9563 2062
9564 1998
9565 1994
9566 2016
9567 1994
9568 1973
9569 1960
9570 1983
9571 1982
9572 1951
9573 1966
9574 2051
9575 2010
9576 2126
9577 1985
9578 2043
9579 1982
9580 1978
9581 2004
9582 2010
9583 2002
9584 1999
9585 2003
9586 1987
9587 1985
9588 2006
9589 2032
9590 2053
9591 2042
9592 2024
9593 1999
9594 2056
9595 2005
9596 2029
9597 1982
9598 1990
9599 2020
9600 1998
9601 2039
9602 2000
9603 2025
9604 1938
9605 1999
9606 1994
9607 2027
9608 2026
9609 2054
9610 2026
9611 2064
9612 2042
9613 2088
9614 1999
9615 2053
9616 1981
9617 2068
9618 1994
9619 2075
9620 2009
9621 2006
9622 2005
9623 2011
9624 2015
9625 1995
9626 1968
9627 2052
9628 1957
9629 2036
9630 1974
9631 2087
9632 2062
9633 2054
9634 2082
9635 2038
9636 2003
9637 2026
9638 1971
9639 2016
9640 2033
9641 1945
9642 2048
9643 2044
9644 2070
9645 2024
9646 2074
9647 2088
9648 2027
9649 2028
9650 2028
9651 1989
9652 1982
9653 2018
9654 1980
9655 2022
9656 1990
9657 2021
9658 1986
9659 2019
9660 1996
9661 2023
9662 1983
9663 2048
9664 2029
9665 2014
9666 2034
9667 2065
9668 2041
9669 2038
9670 2042
9671 2012
9672 2007
9673 2075
9674 1979
9675 2003
9676 1973
9677 2049
9678 1982
9679 2049
9680 2035
9681 2056
9682 2028
9683 2015
9684 2031
9685 1981
9686 2007
9687 2099
9688 2050
9689 2008
9690 2047
9691 2052
9692 2050
9693 2057
9694 1990
9695 2078
9696 2028
9697 2060
9698 2019
9699 2036
9700 2031
9701 2057
9702 2067
9703 2059
9704 2056
9705 2001
9706 2032
9707 2073
9708 2019
9709 2031
9710 2003
9711 1997
9712 2023
9713 2068
9714 2036
9715 2022
9716 2067
9717 2012
9718 2049
9719 2017
9720 2030
9721 2008
9722 2087
9723 2088
9724 2070
9725 2048
9726 2128
9727 2114
9728 2087
9729 2084
9730 2041
9731 2012
9732 2076
9733 2038
9734 2046
9735 2045
9736 2034
9737 2026
9738 1998
9739 1998
9740 2054
9741 2039
9742 2109
9743 2045
9744 2081
9745 2070
9746 2035
9747 1982
9748 2075
9749 2057
9750 2080
9751 2053
9752 2070
9753 2040
9754 2083
9755 2048
9756 2067
9757 2043
9758 2035
9759 2047
9760 2044
9761 2025
9762 2080
9763 2029
9764 2057
9765 1991
9766 1962
9767 2018
9768 2034
9769 2049
9770 2078
9771 2027
9772 2060
9773 2057
9774 2043
9775 2012
9776 1995
9777 2048
9778 2014
9779 2071
9780 2070
9781 2097
9782 2024
9783 2044
9784 2102
9785 2058
9786 2060
9787 2098
9788 2053
9789 2056
9790 2044
9791 2051
9792 2015
9793 2066
9794 2038
9795 2012
9796 1960
9797 2021
9798 2127
9799 2029
9800 2081
9801 2109
9802 2056
9803 2059
9804 1984
9805 2054
9806 2069
9807 2065
9808 1965
9809 2098
9810 2071
9811 2070
9812 2060
9813 2073
9814 2061
9815 2019
9816 2099
9817 2022
9818 2074
9819 2048
9820 2121
9821 2058
9822 2104
9823 2136
9824 2131
9825 2111
9826 2071
9827 2053
9828 2034
9829 2061
9830 2011
9831 2044
9832 2036
9833 2002
9834 2012
9835 2065
9836 2025
9837 2054
9838 2082
9839 2039
9840 2090
9841 1993
9842 2025
9843 2106
9844 2039
9845 2012
9846 2051
9847 2032
9848 2058
9849 1999
9850 2055
9851 2054
9852 2098
9853 2075
9854 2079
9855 2042
9856 2060
9857 2111
9858 2057
9859 2097
9860 2029
9861 2046
9862 2060
9863 2120
9864 2066
9865 2098
9866 2018
9867 2025
9868 2041
9869 2047
9870 2051
9871 2061
9872 2094
9873 2011
9874 2056
9875 2069
9876 2119
9877 2076
9878 2074
9879 2058
9880 2098
9881 2070
9882 2107
9883 2110
9884 2042
9885 2128
9886 2124
9887 2102
9888 2126
9889 2071
9890 2080
9891 2093
9892 2100
9893 2079
9894 2071
9895 2108
9896 2052
9897 1954
9898 2060
9899 2032
9900 2037
9901 2029
9902 2066
9903 2064
9904 2052
9905 2073
9906 2043
9907 2050
9908 2157
9909 2075
9910 2170
9911 2152
9912 2057
9913 2128
9914 2099
9915 2150
9916 2037
9917 2101
9918 2037
9919 2038
9920 2030
9921 2093
9922 2063
9923 2024
9924 2103
9925 2068
9926 2029
9927 2009
9928 2094
9929 2102
9930 2137
9931 2080
9932 2068
9933 2024
9934 2075
9935 2091
9936 2080
9937 2051
9938 2106
9939 2104
9940 2125
9941 2065
9942 2101
9943 2130
9944 2045
9945 2095
9946 2056
9947 2080
9948 2118
9949 2055
9950 2078
9951 2078
9952 2142
9953 2136
9954 2103
9955 2151
9956 2112
9957 2064
9958 2096
9959 2069
9960 2098
9961 2052
9962 2062
9963 2111
9964 2074
9965 2157
9966 2099
9967 2130
9968 2058
9969 2075
9970 2045
9971 2105
9972 2119
9973 2174
9974 2095
9975 2135
9976 2077
9977 2136
9978 2101
9979 2117
9980 2140
9981 2100
9982 2055
9983 2092
9984 2122
9985 2077
9986 2165
9987 2105
9988 2120
9989 2017
9990 2099
9991 2122
9992 2110
9993 2131
9994 2133
9995 2137
9996 2115
9997 2073
9998 2049
9999 2093
10000 2063
