1 393
2 528
3 545
4 660
5 682
6 727
7 728
8 751
9 752
10 802
11 1206
12 1279
13 1280
14 1288
15 1321
16 1322
17 1986
18 2323
19 2448
20 2471
21 2832
22 2897
23 2898
24 2934
25 3103
26 3240
27 3251
28 3252
29 3529
30 3530
31 3891
32 5192
33 5265
34 5287
35 5616
36 5635
37 5671
38 5832
39 5838
40 5990
41 6597
42 7334
43 7549
44 7550
45 7709
46 8316
47 8340
48 8490
49 8784
50 8851
51 9072
52 9085
53 9193
54 9540
55 9604
56 9614
57 9670
58 10645
59 12780
60 12862
61 13033
62 13034
63 13063
64 13064
65 13161
66 13313
67 13314
68 13644
69 14029
70 14030
71 14122
72 14455
73 14527
74 14800
75 14845
76 17820
77 17842
78 18667
79 20376
80 20665
81 24804
82 24876
83 25573
84 25920
85 25931
86 25932
87 28099
88 28100
89 28389
90 37856
91 37879
92 37880
93 38835
94 39707
95 40440
96 40788
97 40908
98 41408
99 42058
100 43315
101 51984
102 52009
103 52010
104 52768
105 52885
106 54409
107 54410
108 59859
109 60602
110 60955
111 61201
112 62458
113 62656
114 62759
115 63504
116 63517
117 66880
118 66918
119 67530
120 69792
121 70525
122 70582
123 105876
124 106072
125 119334
126 139229
127 144060
128 144078
129 144191
130 151800
131 151845
132 152098
133 152887
134 174736
135 174969
136 194414
137 203265
138 207791
139 208528
140 221564
141 221808
142 226435
143 226654
144 339984
145 340777
146 340778
147 511170
148 512741
149 512742
150 513726
151 599353
152 599354
153 600776
154 607617
155 608175
156 608254
157 912384
158 912401
159 1042752
160 1048189
161 1048190
162 1048955
163 1050241
164 1050242
165 1054215
166 1054380
167 1071964
168 1079247
169 1106937
170 1116415
171 1339704
172 1340542
173 1354231
174 1354232
175 1355645
176 1626780
177 1628237
178 1629001
179 1777104
180 1777201
181 1802304
182 1802466
183 1803652
184 2254568
185 2263693
186 2295648
187 2298311
188 2298312
189 2298688
190 2299431
191 3065912
192 3068235
193 3069948
194 3070211
195 3073800
196 3073967
197 3075481
198 3075482
199 3075856
200 3076842
201 3094560
202 3094885
203 3095450
204 3157367
205 3157368
206 3158116
207 3218865
208 3219875
209 3245640
210 3245748
211 3246199
212 3253117
213 3256393
214 3322858
215 3344456
216 3366481
217 3423600
218 3423928
219 3851922
220 3869316
221 3872590
222 3874298
223 3887451
224 3894835
225 3895538
226 3901471
227 3903425
228 3904433
229 3906517
230 3911040
231 3911155
232 4693392
233 4696372
234 5870468
235 5947733
236 6488448
237 6488792
238 7299894
239 7473714
240 8719339
241 8723297
242 8727001
243 9240372
244 9241722
245 9242821
246 9269776
247 9271349
248 9274489
249 9275162
250 9631915
251 9632498
252 14448750
253 14452614
254 14453499
255 14662997
256 14664217
257 14664554
258 14696259
259 19595016
260 19597333
261 19598018
262 19610308
263 24512888
264 24513089
265 24514369
266 24530785
267 24623413
268 24623414
269 24832149
270 24835874
271 24838564
272 24850398
273 24851095
274 24852602
275 24863803
276 24863804
277 24864157
278 24864158
279 24870106
280 37305162
281 37355758
282 39053761
283 39058033
284 39062801
285 39116400
286 39117329
287 39204900
288 39205045
289 39917881
290 40205200
291 40205471
292 40205472
293 40205771
294 40234513
295 40360681
296 40360682
297 60541026
298 60651933
299 61716025
300 61720942
301 92581416
302 93867275
303 97621972
304 97622611
305 97622612
306 122028268
307 122458019
308 122488680
309 122490775
310 122493114
311 122612528
312 130275814
313 130295365
314 156354444
315 160697629
316 162199584
317 162200016
318 162200169
319 162203108
320 162968273
321 163705717
322 167046658
323 167160980
324 167161384
325 168768721
326 168804121
327 168804122
328 253206186
329 295407223
330 303391240
331 303392531
332 326730432
333 326765174
334 490147764
335 530993417
336 530993418
337 530998965
338 532684692
339 532687981
340 535996633
341 535996634
342 536197760
343 536317462
344 536318903
345 536318904
346 536322409
347 536323010
348 589955319
349 597238722
350 597253678
351 597890486
352 597927410
353 597928829
354 597928830
355 597939272
356 598501274
357 641251375
358 641267881
359 646942932
360 647888780
361 647948907
362 648180715
363 649605314
364 652953895
365 652978582
366 656647093
367 656647094
368 984970644
369 996696498
370 996712021
371 996712022
372 998851125
373 1001514737
374 1002919441
375 1002944041
376 1094120784
377 1094143644
378 1094202495
379 1094202890
380 1104150208
381 1106614839
382 1106659230
383 1106683883
384 1107300168
385 1107300358
386 1110110965
387 1110119534
388 1117145689
389 1117167171
390 1489556232
391 1490269656
392 1552364231
393 1552365863
394 1552367890
395 1554684932
396 1943356168
397 1943365106
398 1994506315
399 1995096217
400 2112454836
401 2132014609
402 2132324174
403 2149802305
404 2149847222
405 3224770836
406 3224778248
407 3234609933
408 4312813248
409 4312813903
410 4312820858
411 4314742207
412 4375513296
413 4375514180
414 4375825447
415 4375919390
416 4390035298
417 4391080252
418 4475524119
419 4475524908
420 4848485323
421 4848503542
422 7272755316
423 7274397810
424 7516877748
425 7520628858
426 7525254368
427 7525258780
428 7525269817
429 7525472137
430 7525497841
431 7525966500
432 7525966641
433 7526299033
434 7526396209
435 7526396210
436 7543899508
437 9429874388
438 9644189729
439 9644213161
440 9646066803
441 9653042009
442 9653228870
443 9653332867
444 9654002245
445 9767578765
446 10046652457
447 10046652458
448 10311038071
449 10311119153
450 10311119154
451 10311633901
452 10311738557
453 10760075040
454 10760089326
455 10761959495
456 11069444065
457 11069539765
458 11069570546
459 16604355822
460 16604361336
461 16628218212
462 16628479438
463 16628492786
464 24942739182
465 24945775838
466 37418663760
467 37421306391
468 39203273373
469 39203285579
470 39211476480
471 39211477017
472 39211834658
473 58817751990
474 58844609495
475 58844692166
476 58844817142
477 59470825885
478 59474020969
479 59482590121
480 59482669421
481 59482698500
482 59485913826
483 59486446605
484 59486468816
485 59486499042
486 59488489805
487 59488922281
488 59488962505
489 59488985315
490 59568836457
491 61096242537
492 61096609716
493 61097952306
494 61118197332
495 61118200592
496 64938088132
497 64941007638
498 64941282187
499 65039828040
500 65039993963
501 65040008691
502 68137151973
503 68176109818
504 68194545805
505 68527202173
506 68527728000
507 68527728178
508 68527792030
509 68930896714
510 103396345074
511 103397972001
512 103398048590
513 103398168107
514 103455389161
515 103455389162
516 103455444185
517 124146533028
518 124197496343
519 124197515338
520 124197541529
521 124269875685
522 127031428487
523 127032171673
524 127032194738
525 127033837660
526 133385529551
527 133627608601
528 133700591104
529 133700651372
530 133700753256
531 134496591086
532 134496806783
533 134496806784
534 134506273100
535 135851335839
536 140882866800
537 140883019950
538 141822240094
539 141822248103
540 142089333379
541 162387809584
542 162388045454
543 243582068184
544 243583005456
545 243583022599
546 278380597264
547 278606555562
548 278606840197
549 318407817376
550 319312385053
551 319312407509
552 319312741441
553 327942815572
554 327942819541
555 327942850361
556 327942925707
557 327943381878
558 327947893257
559 327948729801
560 327948789746
561 328203805003
562 328203870481
563 328203870482
564 330047712543
565 332123484377
566 332132289745
567 398558747700
568 398706362062
569 398706369647
570 398706369648
571 407012752355
572 407014861330
573 407014907395
574 407995666297
575 407995666298
576 426540923871
577 426541091739
578 426541178019
579 439466668277
580 439597190066
581 439598744756
582 439603482569
583 439603482570
584 439603854846
585 439699379447
586 440135157840
587 440135210896
588 467643661580
589 467649959097
590 467650041210
591 467666330012
592 467668130868
593 467668141257
594 468159906185
595 468160010314
596 469453270195
597 469453416100
598 469481527258
599 469493907800
600 469493932557
601 469496943898
602 704245415850
603 704245550819
604 704250428544
605 704250437830
606 704250451112
607 704251767975
608 704251787180
609 704251820497
610 704251820498
611 1056377730750
612 1057786234402
613 1057865209256
614 1057868546254
615 1057869069266
616 1057869858713
617 1057869858714
618 1234181501839
619 1234181700710
620 1234283615159
621 1234479751190
622 1234839657838
623 1235776562641
624 1235841375817
625 1235841777457
626 1235842860346
627 1235843008040
628 1266739083249
629 1688985444336
630 1688991681120
631 1688991976841
632 1818914436612
633 1818940875885
634 1819765792398
635 1819765859408
636 1819767180774
637 1819777314754
638 1838346471037
639 1935101548480
640 1935419821788
641 2096704806943
642 2220040383840
643 2220041085673
644 2222890945921
645 2222891060725
646 2222897426301
647 2222897881074
648 2223006241397
649 2223549369420
650 2223549373448
651 2224674651506
652 2226801492043
653 2226801492044
654 2234427524627
655 2234427849721
656 2234430930532
657 2234430946487
658 2249228502576
659 2249228646032
660 2389805436412
661 2987256795518
662 2987257206298
663 4480885809450
664 4481318745311
665 4488581823312
666 4489489708094
667 4489505897785
668 4489547676313
669 4489547684451
670 4489547715515
671 4489547901106
672 4489720868395
673 4617998607505
674 4617999063627
675 6157332084840
676 6157332173757
677 6278064177185
678 6278064481558
679 6300647447461
680 6300670246393
681 6300671024082
682 6300672439017
683 6300678098239
684 6300678270656
685 6300682229062
686 6543016160965
687 6543017545498
688 6543241915520
689 6543479678722
690 6543480009453
691 8724640012608
692 8724640086299
693 8822669750280
694 8822671473278
695 8822673653387
696 8822711600182
697 8823280594885
698 8870974003549
699 8871251859905
700 8871252365506
701 8872339799395
702 10646807759280
703 10646817866801
704 10646817926738
705 10646818727214
706 10650185842615
707 10667789455595
708 10667829809570
709 10704615429640
710 10728944101090
711 10729053802568
712 10729056360721
713 10729058054666
714 10729059057401
715 10729062196993
716 10729064789761
717 10775916601300
718 10775919514799
719 10775919570966
720 10775920535477
721 10775921006665
722 12931105208004
723 13290302574899
724 13290304207991
725 13290304251950
726 13314468441518
727 13314470572431
728 13314576297704
729 13465878301101
730 13465885785522
731 15710200083115
732 15710265151694
733 15710278153345
734 15710287717525
735 15710401169910
736 15710409491081
737 15710417514564
738 15710417518917
739 15710418263551
740 15710418837003
741 16186492135109
742 16186492135110
743 16186498016177
744 16460845440240
745 16460884567421
746 16460890302914
747 16460896359399
748 16463414473309
749 16463461371840
750 16463461490048
751 16463478445959
752 21951304594616
753 21951305246954
754 21956264875299
755 29275019833736
756 32934397312956
757 32934443157389
758 32934444009949
759 32941452829865
760 32941452850055
761 32974559838049
762 34710062987440
763 34710066136944
764 34712500905910
765 34712502139371
766 34712503154147
767 34712517761426
768 34716465061455
769 34716465300280
770 34719598555556
771 34719984449286
772 35024545716410
773 35024614523441
774 35026090549621
775 35026091464210
776 35026091472281
777 35026098202010
778 35026099259366
779 35026099406267
780 35026099562390
781 38528709518637
782 38529239800818
783 38550716523157
784 38577175491337
785 38577194842945
786 38577194973712
787 38580548346737
788 38580548418722
789 38583835232263
790 38584053229501
791 38584742021538
792 38741590566388
793 38741591690490
794 38741592606874
795 38741592663857
796 38741592675299
797 38742190641925
798 38748674690813
799 38748675145561
800 38748675145562
801 38775324854095
802 38796115913377
803 39327569556100
804 39327649474012
805 39327649478338
806 39327931733117
807 39328075303260
808 39328080083182
809 41115720086977
810 41300095513600
811 41300096189520
812 41300099365668
813 41324167022671
814 41568688721044
815 41570115636497
816 41570128511377
817 41608583764465
818 41608600801826
819 41608600880893
820 41608765138735
821 41608910994529
822 41610102510769
823 41610102512624
824 41610254551211
825 41610254551212
826 45077775763819
827 45077787451490
828 45077787972303
829 45077787973765
830 45089921968585
831 45089949972710
832 45090134518519
833 45090134518520
834 45090134912211
835 45743615128357
836 45750077010720
837 45750077020223
838 45750077107858
839 45771005781007
840 45924086067937
841 46520502770137
842 50749639385616
843 50758235191792
844 50770297510307
845 50770309244785
846 50770311797619
847 56411457552914
848 57637793586699
849 64041992874114
850 64042001704710
851 64052023927281
852 64055816905994
853 64055857664033
854 64055860980997
855 64056553115041
856 64056752701081
857 64056912340160
858 64059731746592
859 64059750691850
860 64059753563413
861 64059753563414
862 64071516280222
863 64242830494906
864 64275843254816
865 64275843768466
866 64282591180604
867 64522451595527
868 64755384634056
869 64774795720722
870 64775033351837
871 64775036929753
872 64775501977681
873 64782762992065
874 64782793816082
875 64782794116157
876 69766085971260
877 69766110333388
878 69766110995546
879 69887654742976
880 69887684028378
881 81535631366447
882 81652612186257
883 81725974820810
884 81726386974937
885 81726387390334
886 81726437092369
887 81726440339761
888 93401646102592
889 93401651220522
890 93419943749225
891 93419950884305
892 93420296867673
893 93420297496578
894 94617993618348
895 94625808121644
896 94625809036573
897 99606114775360
898 99607078456855
899 119528494148232
900 119528525828246
901 119536230394845
902 119536232702045
903 119546445112141
904 119546445112142
905 123062517027225
906 123062521954505
907 126578594010361
908 126579637072512
909 126579637482934
910 126582863429006
911 126582981156322
912 126583090985624
913 126583090993327
914 127836388924056
915 127836554967827
916 127836836380440
917 127836836416383
918 127836836491703
919 127836836491704
920 128020510107388
921 128235309621143
922 128235319853481
923 128235349651580
924 134647117134167
925 134689472314169
926 134689504406160
927 134689504454481
928 134689507175122
929 134690876827387
930 134690877128521
931 134691020769786
932 136417828728392
933 153470057319444
934 153471147708707
935 153471169276090
936 153475705816937
937 153475706173995
938 153476509989524
939 153476521693278
940 157130724590750
941 157130727328594
942 158237281746475
943 158239279064661
944 158239279696138
945 158239283932112
946 158240108851878
947 158240109032228
948 158272722411233
949 158272739095606
950 158272761498613
951 158425978112908
952 158425979322130
953 158425996095246
954 160826389975494
955 160826395549333
956 161394686699968
957 161394686876726
958 161607608627605
959 161608711412619
960 161608738335843
961 161609049087610
962 161727011897308
963 161733907983505
964 161733908232468
965 161765325075589
966 161889664296780
967 161889676818733
968 161889678688106
969 162165940938723
970 162165941093008
971 162439870047597
972 162439878001836
973 162440087680328
974 182745098640372
975 182902096147898
976 182923211605912
977 183711673724935
978 183711679423814
979 183713365502254
980 183713382829415
981 183981577549017
982 245308770065360
983 245308770075044
984 245308786518951
985 245308789945980
986 245460215124970
987 245488013564720
988 245490298449537
989 245490337393937
990 245490337393938
991 245490361992048
992 245490372163865
993 245665098407685
994 245665111227269
995 245665111372799
996 245665111372800
997 245665112753712
998 245741501159492
999 245741501175440
1000 245741511080619
1001 245741512321344
1002 245741512397424
1003 245742244091556
1004 245742758292438
1005 245742758340031
1006 245925738800545
1007 245925739051286
1008 245925868434466
1009 246185832354644
1010 246187965902947
1011 246188056729262
1012 247921775438697
1013 247921779076599
1014 330562372102136
1015 331128403561291
1016 331285559899055
1017 331302287269162
1018 331303251443504
1019 331303251691857
1020 331303251847483
1021 334235139032088
1022 334270042450983
1023 334274336718081
1024 334274338290658
1025 334285063915507
1026 334285066683206
1027 501427600024812
1028 501453602287368
1029 522347502382681
1030 522348319556532
1031 522348319672434
1032 523423110453659
1033 523664208155569
1034 523664208490315
1035 523688973886297
1036 523688975126035
1037 523688982364258
1038 523692563412631
1039 523693096088054
1040 523694204100554
1041 523694229864280
1042 523694232222465
1043 523696428973255
1044 523696504186502
1045 523712940584494
1046 523712946393290
1047 523712955179562
1048 610998447709495
1049 611017461204265
1050 611122537295065
1051 611122563778226
1052 611122598199616
1053 611122598269592
1054 611122617323095
1055 611130112542050
1056 611130245367249
1057 611130249983748
1058 611130250016961
1059 611133972041210
1060 611400842771596
1061 611448033327660
1062 611449498155317
1063 611450917845633
1064 611450919085314
1065 612774405923185
1066 623915758758169
1067 623915758758170
1068 624467896597900
1069 624467930603585
1070 624467930664372
1071 676506924886409
1072 676564367958804
1073 676593089489283
1074 676609179311158
1075 680685138222757
1076 680685138222758
1077 680685142605562
1078 1021027713908346
1079 1077751475792149
1080 1077799699514700
1081 1077799701517708
1082 1079394079774407
1083 1439192106365880
1084 1451185373918940
1085 1451185373944525
1086 1451211092781562
1087 1451211094930205
1088 1451244345270419
1089 1451244754245559
1090 1451315008627094
1091 1507134816651229
1092 1507134816651230
1093 1507134886053779
1094 1507266594086376
1095 1507288545426102
1096 1507288595315532
1097 1632895978258499
1098 1632977366703936
1099 1633018060916659
1100 1633018567515016
1101 1633018693353720
1102 1633018694235039
1103 1633254033433201
1104 1633254033589442
1105 1633518228677668
1106 2041897785847088
1107 2042016060742104
1108 2042016061682174
1109 3063024092523264
1110 3063024092585361
1111 4084032123447152
1112 4084032125715049
1113 4084032125715050
1114 4084655642070260
1115 4085878592861474
1116 4116370224151555
1117 4116370350117649
1118 4116370396332219
1119 4116370396423311
1120 4116370398028339
1121 4116370400346110
1122 4528007440380729
1123 4528007467652544
1124 4528007467934545
1125 4528007470294647
1126 4541854587940921
1127 4541854626648143
1128 4541855187029101
1129 4541855187323790
1130 4541906317068168
1131 4550134408222306
1132 4550134420519133
1133 4550137596542737
1134 4550137596562539
1135 4550137597791743
1136 4550137601809247
1137 4550142559288203
1138 5055713954764674
1139 5055748374093620
1140 5055748439687019
1141 5055748444047324
1142 5055748509585389
1143 5055752267330291
1144 5055752267330292
1145 5060007951057018
1146 5341119503893525
1147 5360541756634973
1148 5360571006219121
1149 5360571010701975
1150 5360571152528570
1151 5409303617551576
1152 5409307211541127
1153 5409308248845241
1154 5409308386538918
1155 5409311110444844
1156 5409311119818788
1157 5409311136660640
1158 5409311140634639
1159 5409311881392676
1160 5409312476179505
1161 5410505268347161
1162 5410967033765412
1163 5411043994666545
1164 5411044052065026
1165 5411044067744835
1166 5412071806409196
1167 5412071807049948
1168 5412072977320053
1169 5412776849472378
1170 5412776849670491
1171 5446396581656053
1172 5446396581656054
1173 5491039176587725
1174 5491039176673903
1175 5491041472494061
1176 5491041503586252
1177 5948628295551779
1178 5952999073139880
1179 5953217612019455
1180 7143861134423352
1181 7441522015024331
1182 7442528033953537
1183 7442528034355455
1184 7442630485013439
1185 7442630563704748
1186 9303288204630938
1187 9967808790676015
1188 9967808814913824
1189 9967809574921140
1190 10023186294781824
1191 10023186295574793
1192 10023186400623500
1193 10023186428430182
1194 10023186462896187
1195 10023200671909612
1196 10251000687180299
1197 10356681106635864
1198 10356681107075329
1199 10370183950761289
1200 10406066940210308
1201 13007583675262888
1202 13016566813160353
1203 13582504500689088
1204 13582513442948386
1205 13582513730323196
1206 13582523360829080
1207 13582740890031125
1208 13582812708885910
1209 13582812733511772
1210 13582812905166560
1211 13582812906146214
1212 13582812980766678
1213 13593644570065571
1214 13593644840568202
1215 13593644840655126
1216 13593644841597107
1217 13707877151190385
1218 13713438156119926
1219 13853371198529323
1220 13853371198529324
1221 13853371200775257
1222 14096412800788881
1223 14096412985275017
1224 14096412985490578
1225 14097865325588228
1226 14097872117863193
1227 15379496855850768
1228 15379496856495679
1229 15379496868859126
1230 15379514457956030
1231 15379514458030017
1232 15453811629324875
1233 15453811745099217
1234 15453811746853018
1235 15453890949242271
1236 15453890949408607
1237 15566693073127056
1238 15566693073407628
1239 15566693081965633
1240 15566693081965634
1241 15566699400587507
1242 15566705994056640
1243 15566705994466930
1244 15566706242702721
1245 15566726572444356
1246 15569736380366766
1247 15569749609342128
1248 15569881306372402
1249 15570656930638015
1250 15599226943354897
1251 15599226944804619
1252 15599226945626440
1253 15989207619267109
1254 15989210079614604
1255 15989210079765279
1256 15989210098830148
1257 15989211789852789
1258 16020379844024065
1259 16020382649990506
1260 16020382688063381
1261 16020386460574777
1262 16020386468100313
1263 16020386496670105
1264 16020386885161991
1265 16863565142275800
1266 16863573554710054
1267 16863573562292051
1268 16863573708236067
1269 16863574501147475
1270 16863574708305245
1271 16863574708308067
1272 17855549691149736
1273 17855621761404303
1274 19839579734893674
1275 20311950680962584
1276 20311950681106739
1277 20311950849184585
1278 20311951874877350
1279 20311951929743490
1280 20989016994068284
1281 21738624743856447
1282 21738624744258011
1283 21738624744463774
1284 21738641360219615
1285 21738856711564594
1286 21738859519228171
1287 21739012460085961
1288 21739016752173001
1289 22326557745475012
1290 22326695601177142
1291 22326695612352804
1292 22326696188344502
1293 22326696188370708
1294 22326697442444851
1295 22326714148541832
1296 22326714148745958
1297 22326714185987378
1298 22327115010297771
1299 22327183506996030
1300 22327183508601810
1301 22327269637467109
1302 22327269656515296
1303 22327279531925105
1304 26792735438310132
1305 29025463391502649
1306 29025466646945641
1307 29025534520723777
1308 29025534521434195
1309 34830641425721040
1310 34830641430101578
1311 34830641699221747
1312 34830939125010097
1313 34832301464711417
1314 34832302817612916
1315 34832302826012870
1316 34832302831713752
1317 34832303324164264
1318 34832304333632102
1319 34832327186748095
1320 34832327188558911
1321 34832327188839032
1322 34851014059648731
1323 34851600273742191
1324 34851600273788346
1325 34851605040760344
1326 34851627624458032
1327 34851627624716869
1328 34851631103911789
1329 34851631103911790
1330 34851631105304970
1331 34851632325438387
1332 46468843100584520
1333 46468843123706472
1334 46745443380395214
1335 46745443380439788
1336 46745443383133393
1337 46745720266837201
1338 46745720286344858
1339 46745720323515809
1340 47199562268404416
1341 47199562271074270
1342 51919518498181705
1343 51919518499572795
1344 51919518500536152
1345 51972282238849752
1346 51972282369652861
1347 51972294309522592
1348 51972297293410406
1349 54334674443110893
1350 54334729054721187
1351 54337497139140621
1352 54337497139837983
1353 72449996186450648
1354 72450053252183319
1355 72455513351159197
1356 72456866572192033
1357 76719035194085700
1358 76719035811700876
1359 76719035993400661
1360 76719036025266974
1361 76719116014565505
1362 76723011374606987
1363 77033630853856441
1364 77033631264216794
1365 77033744984115664
1366 77033745004001394
1367 77033994512481865
1368 77034004760365059
1369 77065982346400998
1370 77066029133464510
1371 77134229159246458
1372 77134330814948671
1373 77137643149333418
1374 77138213011209940
1375 77138214782053470
1376 77138310357808967
1377 77138310357808968
1378 77145565654118466
1379 77145565661154127
1380 77145565666509937
1381 77145565667807113
1382 77145568977312721
1383 77145570269668585
1384 77145570269954199
1385 77147151478224046
1386 77147151701222966
1387 77147153809045211
1388 77147155134551352
1389 77147155149811450
1390 77147155210206285
1391 77147155522769835
1392 77147212441857774
1393 77147467958864050
1394 77287736082425640
1395 77288829570485724
1396 77361197388435712
1397 77361197389094719
1398 77361201680413144
1399 77361201684084825
1400 77361201991617266
1401 77361201992394098
1402 77361202030608148
1403 77361202349764893
1404 77361202350830463
1405 77361202380174922
1406 80877620670182887
1407 81213212457196336
1408 81217026000230591
1409 81225759952914265
1410 81225759955895389
1411 81225759955895390
1412 81964175955494458
1413 81964248392867632
1414 81964248393044626
1415 81964248393200226
1416 81964279225097132
1417 83169636272525051
1418 83169636272525052
1419 83170430451859090
1420 83183866708798628
1421 83183866710651076
1422 84278391272633349
1423 85129688154175115
1424 85129688164055147
1425 85129693633883522
1426 85129779731836985
1427 102155735678204388
1428 102155735690394431
1429 102669081095874000
1430 102670087655492615
1431 102670087662093383
1432 102729331798080168
1433 102729439907817527
1434 102729439911442678
1435 102755394797728501
1436 103083686793887692
1437 103090823576413068
1438 103871814664113184
1439 103871814664146808
1440 103871814838922044
1441 105000856304562527
1442 105040345156127640
1443 105040389928068224
1444 105040389998266823
1445 105040390051988761
1446 105040523779844681
1447 105040523824136242
1448 105040523949453653
1449 105040523951708749
1450 105620858338182460
1451 105620858338197436
1452 105620858399437609
1453 106231383592498116
1454 106231383693539141
1455 106231835298297984
1456 106231838719551743
1457 106231847917860886
1458 106232430029323190
1459 116855673032255517
1460 116855796739714652
1461 116861721288327359
1462 116861721294976690
1463 116878982996793472
1464 116878983024772753
1465 117057970747629108
1466 117058533602103665
1467 117058533606637364
1468 117058545207348258
1469 117058547977258741
1470 117058548639463034
1471 117066206532224799
1472 117321252733820081
1473 117321252840719665
1474 117374219546291545
1475 117389492704332790
1476 129128441974766077
1477 129128442036138119
1478 129128442036393791
1479 129128443857092973
1480 129128461293410538
1481 129147728446693280
1482 129147728660158355
1483 129147728681232479
1484 136744653897775584
1485 136747566829223814
1486 136747566843658219
1487 136747566862036385
1488 136747583605936309
1489 136747585385855597
1490 136747585394049495
1491 136747585413450136
1492 136748003560905991
1493 136748003560905992
1494 137491199232432681
1495 137510693234878313
1496 137510694620089923
1497 137612328540725670
1498 137724208482628751
1499 137724280738361713
1500 137882766677071081
1501 137882794642040281
1502 137882794699311338
1503 137882848011391216
1504 137883949593656579
1505 137883949604029009
1506 137883949604029010
1507 151672344564431919
1508 151672523961320166
1509 151672760098806404
1510 151672769688342990
1511 151672771000481667
1512 151672771758639855
1513 151672773827266279
1514 151672774142190830
1515 151788554885810962
1516 151788554888331114
1517 152437223926315454
1518 163325597063909425
1519 163325597355615490
1520 163325597967135245
1521 195990717560562300
1522 196644019952430852
1523 196644241168289358
1524 196644290085364258
1525 196644290091505709
1526 196644290151548078
1527 196644292443339977
1528 196644292500715114
1529 196644292509616037
1530 196644292650225635
1531 196644293533873454
1532 294966440300810184
1533 294978156476546098
1534 294983089386619012
1535 294983145881769966
1536 294985861666869423
1537 393314482222492568
1538 393314552616909199
1539 393314553361583846
1540 393314553396964043
1541 394629986685917137
1542 394630741131257014
1543 394636013700852349
1544 394636013739819985
1545 394636068800380370
1546 394636068804368790
1547 394636068806026559
1548 394637522951101905
1549 394641532883764121
1550 394641532883764122
1551 394703176359691097
1552 394703575572780794
1553 394703575572810207
1554 394708264210371102
1555 394708851065713066
1556 394708851075465680
1557 394709491088520963
1558 394709568222070106
1559 394709568226513024
1560 394709573510309221
1561 394744605867948097
1562 394744606220348834
1563 394744606290995317
1564 394744606295159538
1565 394744606301207716
1566 394744608740314365
1567 396768940067187794
1568 396769084013639500
1569 397562622181666787
1570 397562623443596016
1571 397562623443620883
1572 441736248270689874
1573 441736248275579653
1574 441736248449680683
1575 441738686651005150
1576 442541847899461542
1577 446423793933667370
1578 446425408311136660
1579 446425601838671299
1580 446425601968667118
1581 446426372925438776
1582 446426373487477229
1583 446427722741637986
1584 452460529805714215
1585 542952635766857064
1586 542954777490467377
1587 542954958839909297
1588 542958035542628122
1589 542958035543891117
1590 542958183494102076
1591 542958183496217390
1592 542958183496350622
1593 543229391380214967
1594 543247163140328638
1595 543247163267147171
1596 545051971118533093
1597 545051971395016163
1598 545101944070491025
1599 545101946367838482
1600 545101946462812274
1601 817652919694218414
1602 817652919747807992
1603 919859534716283994
1604 919859535031284455
1605 1103831442037541352
1606 1103831446945550455
1607 1104056948773322890
1608 1214462643650655187
1609 1214462643650704224
1610 1214462660871859987
1611 1214462660879529639
1612 1214462660917201564
1613 1216971881290997449
1614 1224723294547628164
1615 1224723295660520806
1616 1224723297932589422
1617 1224723310567030415
1618 1224735081659468617
1619 1224735081696486064
1620 1301281024302516446
1621 1394229668895553345
1622 1394229892525292256
1623 1394229893321601510
1624 1394229893746020396
1625 1394229893766032290
1626 1394321079501399749
1627 1394321787881900809
1628 1394321787898232475
1629 1394321787997190891
1630 1394321787997190892
1631 1394321788015739373
1632 1460718063635536497
1633 1504982247382067921
1634 1584191839349545200
1635 1584191839367822308
1636 1584196803556787677
1637 1584196803556787678
1638 1584196803996767866
1639 1584315009996177403
1640 1585834008088216081
1641 1585834008098209323
1642 1585834010275582598
1643 1594743190108591581
1644 1594743653640126969
1645 1603181450749334001
1646 1603181450756008312
1647 1603211681210277560
1648 1603211696194771517
1649 1623505515133945920
1650 1623506063674843683
1651 1623506063675515881
1652 1623506070772806370
1653 1785856677850087015
1654 1785856681713930794
1655 1785856896546450532
1656 1786150816378008580
1657 1786150816386811255
1658 1786150816388687056
1659 1786150816389012963
1660 1786150821998828037
1661 2381534429331770720
1662 2383660799357959816
1663 2681618399277704796
1664 2681618399312159074
1665 2681618399321218556
1666 2681618403899522639
1667 2682146593461060024
1668 2682146615883781426
1669 2682147323037970580
1670 2682147323381782445
1671 2682147334367279591
1672 2682147334367279592
1673 2682147338713306308
1674 2682154110376235703
1675 2682154493793740922
1676 2682154493795089021
1677 2682155121305499001
1678 2684056010831583793
1679 2685846575215062000
1680 2685846612158290776
1681 2685846624174986102
1682 4028769936262479156
1683 4028770510466592064
1684 4028775806129027277
1685 4028775878678847522
1686 4028775878697634686
1687 4028783563182998271
1688 4037796501803094617
1689 4037796505949721396
1690 4037796505950427410
1691 4037796506276468320
1692 4037796506351547688
1693 4109900015393539621
1694 4110569053325402112
1695 4110624806486390147
1696 4110624858997182693
1697 4110624859865476830
1698 4110624859883110752
1699 4110624872431309958
1700 4110624884534659619
1701 4110624884544833241
1702 4110624884552199903
1703 4110624884552681161
1704 4116919869061950852
1705 4116920106913704922
1706 4116920129721578768
1707 4116921115713878706
1708 4116921349590492742
1709 4275264478420896325
1710 4275264478424449239
1711 4275264478428280391
1712 4275264478428280392
1713 4275264497865815700
1714 4275317871954428357
1715 4275360379017258537
1716 4275368061978484401
1717 4478957017310793193
1718 4478957017314981242
1719 4478957028229068223
1720 4478983124662863625
1721 4514814989660166540
1722 4514814994164578026
1723 4514814995344265477
1724 4514821977186088905
1725 4522163151132733002
1726 4580139601788280880
1727 4580139601788314352
1728 4675559176825570907
1729 4675559178761608382
1730 4723268966299992151
1731 4723269049100625277
1732 4723269049122246302
1733 4723269376481593906
1734 4723269378914041460
1735 4723284713208514742
1736 4723284713208546769
1737 4800715610146391860
1738 4800716270988743275
1739 4800716270991867691
1740 4858556226064058952
1741 4858556238907348662
1742 5128476029957756927
1743 5128476034718855484
1744 5133752244631117687
1745 5133771731037593593
1746 5133772610610085778
1747 5133772610617704454
1748 5133772610826569582
1749 7700658916239854376
1750 7700658917759251788
1751 7700660122013085105
1752 7700662736736216388
1753 9625828420920270488
1754 9625828420997964824
1755 9631585495412437324
1756 9631585495610096041
1757 9677232820233840784
1758 9678110653399682094
1759 9678157643187412214
1760 9678157648767711527
1761 9678157649103718270
1762 9720236595404169250
1763 9723227437433524400
1764 9723227459901285593
1765 9723227459901375392
1766 9723227550450016828
1767 9723227550450589465
1768 9723227570550601658
1769 9723227570556508961
1770 9723227574448849281
1771 12964303432598465712
1772 12964310120137933292
1773 12985774209740810819
1774 13010891761403752485
1775 13010892042968720658
1776 13011282971760348876
1777 13011283414116427255
1778 13012449822311328002
1779 13012449936951586181
1780 13012449936951677835
1781 13012449958577047196
1782 13012450001800640820
1783 13012450003794726066
1784 13012500123775063284
1785 13012500125427197959
1786 13012500125427197960
1787 13012526701074880798
1788 13013533706701028151
1789 13013533716287625223
1790 13013570358336879169
1791 13013570358368067638
1792 13013570358770787911
1793 13013570362306998205
1794 13014056760003221353
1795 13014059976890008900
1796 13014061585331460818
1797 13014061666269118315
1798 13014061666306843728
1799 13014061666619690255
1800 13014061667925914891
1801 13148227252131336792
1802 13148227252131656786
1803 13148228837994841275
1804 13148229083688070566
1805 15339600597636082333
1806 15339685892035073002
1807 15358256940330515048
1808 15358256940335589972
1809 15362480883388487656
1810 15379474778170997161
1811 15379841052070784921
1812 15381771495280534273
1813 15381771502319722921
1814 15385608312372683921
1815 15385608312996146290
1816 15385623220520164542
1817 15385636082581273244
1818 15385636082623604769
1819 15385636082666475757
1820 15385636125046281193
1821 15394545005257657321
1822 15399271607961147732
1823 15399384146120754763
1824 15399384146143757750
1825 15460981682728332789
1826 15460981683553749413
1827 15462633674330921719
1828 15462633674348588294
1829 15462633711150047748
1830 15462634151956861524
1831 15462634151959620420
1832 15462634252748300508
1833 15579775421329727044
1834 15579775421349757518
1835 15579849024037989510
1836 15579849027494047404
1837 15636297755854533112
1838 15636379477526149699
1839 15636379794963811479
1840 15636379794963917194
1841 15636579866358792680
1842 15636591428797723210
1843 15636591441546791648
1844 15636591798753026741
1845 15636591798753026742
1846 15665873805866796550
1847 15665874930323723826
1848 15665874930329733200
1849 15665874930333117789
1850 15665976341365881947
1851 15666063583464136670
1852 15666063587988422684
1853 15666066104626761813
1854 15666066104627106745
1855 18799279325552528100
1856 18800508036619557705
1857 18800515704209185387
1858 18855327703346821504
1859 18855327706692775640
1860 18855327757314500056
1861 18856610781794448148
1862 23570763477243060188
1863 24106462647180402479
1864 24106462647222053330
1865 24106750005222386224
1866 24114556595249984343
1867 24285581819329771517
1868 24299531033470686396
1869 24299531033472685505
1870 24316826073354161013
1871 24319205177754257777
1872 24337812067714285296
1873 24338169892521209005
1874 24338169892614051507
1875 25075690192390234901
1876 25075711138843305026
1877 25075711210471030556
1878 25079494510291561943
1879 25079494510291561944
1880 25079494516124604280
1881 25079494608290095854
1882 29259410376338445169
1883 29259410376338445170
1884 29259413482535188470
1885 29259413482547833405
1886 29259413482573294475
1887 29259413652227038226
1888 43889120478340557342
1889 44451801510114154250
1890 44629608716154610875
1891 44629608716213893217
1892 44629608716213893218
1893 44629608717118331536
1894 44629640834362570147
1895 44629640835355121198
1896 44629640835817489786
1897 44629640835817594110
1898 44634393726215445083
1899 44634393729183810358
1900 66951590593775715540
1901 66951590594138772902
1902 68407059954880920165
1903 68409502627973401274
1904 68431699092161582224
1905 68547293178465909261
1906 68547293281906785898
1907 68547293286688869776
1908 68646925980419522249
1909 70107498873619937664
1910 70107498873809965923
1911 70107498873875307291
1912 71123549582192340757
1913 71123549586813263833
1914 71124322643665706448
1915 71124322643667670036
1916 71124322646421233659
1917 71124322646446684981
1918 71124322646446684982
1919 106686483969670027476
1920 106993054325904711498
1921 106993054326167902541
1922 106993054326168609068
1923 106993166104685008379
1924 106993166104688378773
1925 107025875724408555808
1926 107034053129338599661
1927 107034053129365450466
1928 107034053139844630821
1929 107034121373638137822
1930 107034339084621051426
1931 107090613710848507612
1932 107090615950460816592
1933 109321670449428750277
1934 109321670449434212424
1935 109323686859173946970
1936 109323686884588794761
1937 109393187003396543543
1938 109393187924985987357
1939 109393187925217022906
1940 109393188646418489992
1941 109393205879489119642
1942 109393205936213298920
1943 109393205944191283776
1944 109393814008525286138
1945 164090721012787929210
1946 164090721023776719306
1947 164091616256141247827
1948 164091616256141247828
1949 164091709871496694374
1950 164091709898146021390
1951 164091709898149725361
1952 164091710067820365424
1953 164091710110016958324
1954 164091710111462270825
1955 164091710112354754639
1956 164091916263675859814
1957 164311878617916712549
1958 164311883717899254505
1959 164311884970106208225
1960 164329990962940379728
1961 164329991485938293625
1962 164329991495394294010
1963 164329991495463333846
1964 191718323411373889493
1965 191718330561352698107
1966 191718330561352698108
1967 207694858108132089623
1968 207694858108246112990
1969 207928223117356501978
1970 207928223605583024560
1971 207931256397642616776
1972 207931256522697831630
1973 207931256522698272698
1974 207931256533879390480
1975 207931258793418207603
1976 207931258793638336983
1977 213262829531936755897
1978 213262829794983229696
1979 213262829827762393570
1980 234589112810538632935
1981 234589113031942269578
1982 234589130584015691249
1983 234589569494155787697
1984 312786092658874383600
1985 312786113596706917878
1986 312786115700946745667
1987 312858907443022837176
1988 312860929435858284363
1989 312868071890243506076
1990 312868071890243715879
1991 312868792264885714425
1992 312868792373142739083
1993 312868792373880885365
1994 312868792373901874427
1995 312868793690722651138
1996 312868794279873380471
1997 312868794280660987619
1998 312868794280660987620
1999 312869605115664047616
2000 312869605115982471594







