1 2
2 3
3 5
4 31
5 929
6 863971
7 746445024869
8 557180175152428473492031
9 310449747582890872093779269721785644810947012929
10 96379045774280656880008037888192772255684941220159788508646084243678677683026025975278640171971
11 9288920464360886143646244186512410828910476372367868131777225741847518134973258096182395606919371356246120214722449387248391865630752337023226108115382423555659525358080040212910749813852869
12 86284043393222460665909521210348189070514358278507705905587022177460315364819057922865481266746957156808462539762237633527354501890053190305087230554651680895996473404744721138331082921732551165881797437173433952709890918213944477698821641206432106319248835608451318457381082576426473605593871448264161218118696140019418210047920367185513624024437393818515646609704445004193384031
13 7444936144283496563950195096598950960410857007941033298144043348878550371385652249349296193886210780096793765389225677139615914141461236810740714438982824067961817129219602527124447638353261744185223102019143596446968232573499460432034633228750314443066655311972483483378317366891591961882729185890079845339829038684880187869298132376637561308823938605567323280991987694960241916782256035660517430855807836492266739819507271641713739385496258832819932078997273116329003998157644549629876684267237019127310858620490005374471931151687233797518789645321230664698137177108940431280961603958493431592816664443328973361421436295383011097996848193844035989229213124946033004380405407357310534897684118874714872369012141374855526203656108173057171993315614627252424929
