1 1
2 1
3 2
4 1
5 1
6 2
7 3
8 1
9 2
10 1
11 1
12 2
13 3
14 3
15 6
16 1
17 5
18 2
19 3
20 1
21 2
22 1
23 1
24 2
25 3
26 3
27 6
28 3
29 3
30 6
31 9
32 1
33 8
34 5
35 3
36 2
37 1
38 3
39 4
40 1
41 3
42 2
43 1
44 1
45 2
46 1
47 1
48 2
49 3
50 3
51 6
52 3
53 3
54 6
55 9
56 3
57 6
58 3
59 3
60 6
61 9
62 9
63 18
64 1
65 17
66 8
67 9
68 5
69 4
70 3
71 1
72 2
73 3
74 1
75 2
76 3
77 5
78 4
79 1
80 1
81 2
82 3
83 5
84 2
85 3
86 1
87 2
88 1
89 1
90 2
91 3
92 1
93 2
94 1
95 1
96 2
97 3
98 3
99 6
100 3
101 3
102 6
103 9
104 3
105 6
106 3
107 3
108 6
109 9
110 9
111 18
112 3
113 15
114 6
115 9
116 3
117 6
118 3
119 3
120 6
121 9
122 9
123 18
124 9
125 9
126 18
127 27
128 1
129 26
130 17
131 9
132 8
133 1
134 9
135 10
136 5
137 5
138 4
139 1
140 3
141 4
142 1
143 3
144 2
145 1
146 3
147 4
148 1
149 3
150 2
151 1
152 3
153 4
154 5
155 9
156 4
157 5
158 1
159 4
160 1
161 3
162 2
163 1
164 3
165 4
166 5
167 9
168 2
169 7
170 3
171 4
172 1
173 3
174 2
175 1
176 1
177 2
178 1
179 1
180 2
181 3
182 3
183 6
184 1
185 5
186 2
187 3
188 1
189 2
190 1
191 1
192 2
193 3
194 3
195 6
196 3
197 3
198 6
199 9
200 3
201 6
202 3
203 3
204 6
205 9
206 9
207 18
208 3
209 15
210 6
211 9
212 3
213 6
214 3
215 3
216 6
217 9
218 9
219 18
220 9
221 9
222 18
223 27
224 3
225 24
226 15
227 9
228 6
229 3
230 9
231 12
232 3
233 9
234 6
235 3
236 3
237 6
238 3
239 3
240 6
241 9
242 9
243 18
244 9
245 9
246 18
247 27
248 9
249 18
250 9
251 9
252 18
253 27
254 27
255 54
256 1
257 53
258 26
259 27
260 17
261 10
262 9
263 1
264 8
265 9
266 1
267 8
268 9
269 17
270 10
271 7
272 5
273 2
274 5
275 7
276 4
277 3
278 1
279 2
280 3
281 5
282 4
283 1
284 1
285 2
286 3
287 5
288 2
289 3
290 1
291 2
292 3
293 5
294 4
295 1
296 1
297 2
298 3
299 5
300 2
301 3
302 1
303 2
304 3
305 5
306 4
307 1
308 5
309 6
310 9
311 15
312 4
313 11
314 5
315 6
316 1
317 5
318 4
319 1
320 1
321 2
322 3
323 5
324 2
325 3
326 1
327 2
328 3
329 5
330 4
331 1
332 5
333 6
334 9
335 15
336 2
337 13
338 7
339 6
340 3
341 3
342 4
343 7
344 1
345 6
346 3
347 3
348 2
349 1
350 1
351 2
352 1
353 1
354 2
355 3
356 1
357 2
358 1
359 1
360 2
361 3
362 3
363 6
364 3
365 3
366 6
367 9
368 1
369 8
370 5
371 3
372 2
373 1
374 3
375 4
376 1
377 3
378 2
379 1
380 1
381 2
382 1
383 1
384 2
385 3
386 3
387 6
388 3
389 3
390 6
391 9
392 3
393 6
394 3
395 3
396 6
397 9
398 9
399 18
400 3
401 15
402 6
403 9
404 3
405 6
406 3
407 3
408 6
409 9
410 9
411 18
412 9
413 9
414 18
415 27
416 3
417 24
418 15
419 9
420 6
421 3
422 9
423 12
424 3
425 9
426 6
427 3
428 3
429 6
430 3
431 3
432 6
433 9
434 9
435 18
436 9
437 9
438 18
439 27
440 9
441 18
442 9
443 9
444 18
445 27
446 27
447 54
448 3
449 51
450 24
451 27
452 15
453 12
454 9
455 3
456 6
457 9
458 3
459 6
460 9
461 15
462 12
463 3
464 3
465 6
466 9
467 15
468 6
469 9
470 3
471 6
472 3
473 3
474 6
475 9
476 3
477 6
478 3
479 3
480 6
481 9
482 9
483 18
484 9
485 9
486 18
487 27
488 9
489 18
490 9
491 9
492 18
493 27
494 27
495 54
496 9
497 45
498 18
499 27
500 9
501 18
502 9
503 9
504 18
505 27
506 27
507 54
508 27
509 27
510 54
511 81
512 1
513 80
514 53
515 27
516 26
517 1
518 27
519 28
520 17
521 11
522 10
523 1
524 9
525 10
526 1
527 9
528 8
529 1
530 9
531 10
532 1
533 9
534 8
535 1
536 9
537 10
538 17
539 27
540 10
541 17
542 7
543 10
544 5
545 5
546 2
547 3
548 5
549 8
550 7
551 1
552 4
553 5
554 3
555 2
556 1
557 1
558 2
559 3
560 3
561 6
562 5
563 1
564 4
565 5
566 1
567 4
568 1
569 3
570 2
571 1
572 3
573 4
574 5
575 9
576 2
577 7
578 3
579 4
580 1
581 3
582 2
583 1
584 3
585 4
586 5
587 9
588 4
589 5
590 1
591 4
592 1
593 3
594 2
595 1
596 3
597 4
598 5
599 9
600 2
601 7
602 3
603 4
604 1
605 3
606 2
607 1
608 3
609 4
610 5
611 9
612 4
613 5
614 1
615 4
616 5
617 9
618 6
619 3
620 9
621 12
622 15
623 27
624 4
625 23
626 11
627 12
628 5
629 7
630 6
631 1
632 1
633 2
634 5
635 7
636 4
637 3
638 1
639 2
640 1
641 1
642 2
643 3
644 3
645 6
646 5
647 1
648 2
649 3
650 3
651 6
652 1
653 5
654 2
655 3
656 3
657 6
658 5
659 1
660 4
661 5
662 1
663 4
664 5
665 9
666 6
667 3
668 9
669 12
670 15
671 27
672 2
673 25
674 13
675 12
676 7
677 5
678 6
679 11
680 3
681 8
682 3
683 5
684 4
685 1
686 7
687 8
688 1
689 7
690 6
691 1
692 3
693 4
694 3
695 1
696 2
697 3
698 1
699 2
700 1
701 1
702 2
703 3
704 1
705 2
706 1
707 1
708 2
709 3
710 3
711 6
712 1
713 5
714 2
715 3
716 1
717 2
718 1
719 1
720 2
721 3
722 3
723 6
724 3
725 3
726 6
727 9
728 3
729 6
730 3
731 3
732 6
733 9
734 9
735 18
736 1
737 17
738 8
739 9
740 5
741 4
742 3
743 1
744 2
745 3
746 1
747 2
748 3
749 5
750 4
751 1
752 1
753 2
754 3
755 5
756 2
757 3
758 1
759 2
760 1
761 1
762 2
763 3
764 1
765 2
766 1
767 1
768 2
769 3
770 3
771 6
772 3
773 3
774 6
775 9
776 3
777 6
778 3
779 3
780 6
781 9
782 9
783 18
784 3
785 15
786 6
787 9
788 3
789 6
790 3
791 3
792 6
793 9
794 9
795 18
796 9
797 9
798 18
799 27
800 3
801 24
802 15
803 9
804 6
805 3
806 9
807 12
808 3
809 9
810 6
811 3
812 3
813 6
814 3
815 3
816 6
817 9
818 9
819 18
820 9
821 9
822 18
823 27
824 9
825 18
826 9
827 9
828 18
829 27
830 27
831 54
832 3
833 51
834 24
835 27
836 15
837 12
838 9
839 3
840 6
841 9
842 3
843 6
844 9
845 15
846 12
847 3
848 3
849 6
850 9
851 15
852 6
853 9
854 3
855 6
856 3
857 3
858 6
859 9
860 3
861 6
862 3
863 3
864 6
865 9
866 9
867 18
868 9
869 9
870 18
871 27
872 9
873 18
874 9
875 9
876 18
877 27
878 27
879 54
880 9
881 45
882 18
883 27
884 9
885 18
886 9
887 9
888 18
889 27
890 27
891 54
892 27
893 27
894 54
895 81
896 3
897 78
898 51
899 27
900 24
901 3
902 27
903 30
904 15
905 15
906 12
907 3
908 9
909 12
910 3
911 9
912 6
913 3
914 9
915 12
916 3
917 9
918 6
919 3
920 9
921 12
922 15
923 27
924 12
925 15
926 3
927 12
928 3
929 9
930 6
931 3
932 9
933 12
934 15
935 27
936 6
937 21
938 9
939 12
940 3
941 9
942 6
943 3
944 3
945 6
946 3
947 3
948 6
949 9
950 9
951 18
952 3
953 15
954 6
955 9
956 3
957 6
958 3
959 3
960 6
961 9
962 9
963 18
964 9
965 9
966 18
967 27
968 9
969 18
970 9
971 9
972 18
973 27
974 27
975 54
976 9
977 45
978 18
979 27
980 9
981 18
982 9
983 9
984 18
985 27
986 27
987 54
988 27
989 27
990 54
991 81
992 9
993 72
994 45
995 27
996 18
997 9
998 27
999 36
1000 9
1001 27
1002 18
1003 9
1004 9
1005 18
1006 9
1007 9
1008 18
1009 27
1010 27
1011 54
1012 27
1013 27
1014 54
1015 81
1016 27
1017 54
1018 27
1019 27
1020 54
1021 81
1022 81
1023 162
1024 1
1025 161
1026 80
1027 81
1028 53
1029 28
1030 27
1031 1
1032 26
1033 27
1034 1
1035 26
1036 27
1037 53
1038 28
1039 25
1040 17
1041 8
1042 11
1043 19
1044 10
1045 9
1046 1
1047 8
1048 9
1049 17
1050 10
1051 7
1052 1
1053 6
1054 9
1055 15
1056 8
1057 7
1058 1
1059 6
1060 9
1061 15
1062 10
1063 5
1064 1
1065 4
1066 9
1067 13
1068 8
1069 5
1070 1
1071 4
1072 9
1073 13
1074 10
1075 3
1076 17
1077 20
1078 27
1079 47
1080 10
1081 37
1082 17
1083 20
1084 7
1085 13
1086 10
1087 3
1088 5
1089 8
1090 5
1091 3
1092 2
1093 1
1094 3
1095 4
1096 5
1097 9
1098 8
1099 1
1100 7
1101 8
1102 1
1103 7
1104 4
1105 3
1106 5
1107 8
1108 3
1109 5
1110 2
1111 3
1112 1
1113 2
1114 1
1115 1
1116 2
1117 3
1118 3
1119 6
1120 3
1121 3
1122 6
1123 9
1124 5
1125 4
1126 1
1127 3
1128 4
1129 7
1130 5
1131 2
1132 1
1133 1
1134 4
1135 5
1136 1
1137 4
1138 3
1139 1
1140 2
1141 3
1142 1
1143 2
1144 3
1145 5
1146 4
1147 1
1148 5
1149 6
1150 9
1151 15
1152 2
1153 13
1154 7
1155 6
1156 3
1157 3
1158 4
1159 7
1160 1
1161 6
1162 3
1163 3
1164 2
1165 1
1166 1
1167 2
1168 3
1169 5
1170 4
1171 1
1172 5
1173 6
1174 9
1175 15
1176 4
1177 11
1178 5
1179 6
1180 1
1181 5
1182 4
1183 1
1184 1
1185 2
1186 3
1187 5
1188 2
1189 3
1190 1
1191 2
1192 3
1193 5
1194 4
1195 1
1196 5
1197 6
1198 9
1199 15
1200 2
1201 13
1202 7
1203 6
1204 3
1205 3
1206 4
1207 7
1208 1
1209 6
1210 3
1211 3
1212 2
1213 1
1214 1
1215 2
1216 3
1217 5
1218 4
1219 1
1220 5
1221 6
1222 9
1223 15
1224 4
1225 11
1226 5
1227 6
1228 1
1229 5
1230 4
1231 1
1232 5
1233 6
1234 9
1235 15
1236 6
1237 9
1238 3
1239 6
1240 9
1241 15
1242 12
1243 3
1244 15
1245 18
1246 27
1247 45
1248 4
1249 41
1250 23
1251 18
1252 11
1253 7
1254 12
1255 19
1256 5
1257 14
1258 7
1259 7
1260 6
1261 1
1262 1
1263 2
1264 1
1265 1
1266 2
1267 3
1268 5
1269 8
1270 7
1271 1
1272 4
1273 5
1274 3
1275 2
1276 1
1277 1
1278 2
1279 3
1280 1
1281 2
1282 1
1283 1
1284 2
1285 3
1286 3
1287 6
1288 3
1289 3
1290 6
1291 9
1292 5
1293 4
1294 1
1295 3
1296 2
1297 1
1298 3
1299 4
1300 3
1301 1
1302 6
1303 7
1304 1
1305 6
1306 5
1307 1
1308 2
1309 3
1310 3
1311 6
1312 3
1313 3
1314 6
1315 9
1316 5
1317 4
1318 1
1319 3
1320 4
1321 7
1322 5
1323 2
1324 1
1325 1
1326 4
1327 5
1328 5
1329 10
1330 9
1331 1
1332 6
1333 7
1334 3
1335 4
1336 9
1337 13
1338 12
1339 1
1340 15
1341 16
1342 27
1343 43
1344 2
1345 41
1346 25
1347 16
1348 13
1349 3
1350 12
1351 15
1352 7
1353 8
1354 5
1355 3
1356 6
1357 9
1358 11
1359 20
1360 3
1361 17
1362 8
1363 9
1364 3
1365 6
1366 5
1367 1
1368 4
1369 5
1370 1
1371 4
1372 7
1373 11
1374 8
1375 3
1376 1
1377 2
1378 7
1379 9
1380 6
1381 3
1382 1
1383 2
1384 3
1385 5
1386 4
1387 1
1388 3
1389 4
1390 1
1391 3
1392 2
1393 1
1394 3
1395 4
1396 1
1397 3
1398 2
1399 1
1400 1
1401 2
1402 1
1403 1
1404 2
1405 3
1406 3
1407 6
1408 1
1409 5
1410 2
1411 3
1412 1
1413 2
1414 1
1415 1
1416 2
1417 3
1418 3
1419 6
1420 3
1421 3
1422 6
1423 9
1424 1
1425 8
1426 5
1427 3
1428 2
1429 1
1430 3
1431 4
1432 1
1433 3
1434 2
1435 1
1436 1
1437 2
1438 1
1439 1
1440 2
1441 3
1442 3
1443 6
1444 3
1445 3
1446 6
1447 9
1448 3
1449 6
1450 3
1451 3
1452 6
1453 9
1454 9
1455 18
1456 3
1457 15
1458 6
1459 9
1460 3
1461 6
1462 3
1463 3
1464 6
1465 9
1466 9
1467 18
1468 9
1469 9
1470 18
1471 27
1472 1
1473 26
1474 17
1475 9
1476 8
1477 1
1478 9
1479 10
1480 5
1481 5
1482 4
1483 1
1484 3
1485 4
1486 1
1487 3
1488 2
1489 1
1490 3
1491 4
1492 1
1493 3
1494 2
1495 1
1496 3
1497 4
1498 5
1499 9
1500 4
1501 5
1502 1
1503 4
1504 1
1505 3
1506 2
1507 1
1508 3
1509 4
1510 5
1511 9
1512 2
1513 7
1514 3
1515 4
1516 1
1517 3
1518 2
1519 1
1520 1
1521 2
1522 1
1523 1
1524 2
1525 3
1526 3
1527 6
1528 1
1529 5
1530 2
1531 3
1532 1
1533 2
1534 1
1535 1
1536 2
1537 3
1538 3
1539 6
1540 3
1541 3
1542 6
1543 9
1544 3
1545 6
1546 3
1547 3
1548 6
1549 9
1550 9
1551 18
1552 3
1553 15
1554 6
1555 9
1556 3
1557 6
1558 3
1559 3
1560 6
1561 9
1562 9
1563 18
1564 9
1565 9
1566 18
1567 27
1568 3
1569 24
1570 15
1571 9
1572 6
1573 3
1574 9
1575 12
1576 3
1577 9
1578 6
1579 3
1580 3
1581 6
1582 3
1583 3
1584 6
1585 9
1586 9
1587 18
1588 9
1589 9
1590 18
1591 27
1592 9
1593 18
1594 9
1595 9
1596 18
1597 27
1598 27
1599 54
1600 3
1601 51
1602 24
1603 27
1604 15
1605 12
1606 9
1607 3
1608 6
1609 9
1610 3
1611 6
1612 9
1613 15
1614 12
1615 3
1616 3
1617 6
1618 9
1619 15
1620 6
1621 9
1622 3
1623 6
1624 3
1625 3
1626 6
1627 9
1628 3
1629 6
1630 3
1631 3
1632 6
1633 9
1634 9
1635 18
1636 9
1637 9
1638 18
1639 27
1640 9
1641 18
1642 9
1643 9
1644 18
1645 27
1646 27
1647 54
1648 9
1649 45
1650 18
1651 27
1652 9
1653 18
1654 9
1655 9
1656 18
1657 27
1658 27
1659 54
1660 27
1661 27
1662 54
1663 81
1664 3
1665 78
1666 51
1667 27
1668 24
1669 3
1670 27
1671 30
1672 15
1673 15
1674 12
1675 3
1676 9
1677 12
1678 3
1679 9
1680 6
1681 3
1682 9
1683 12
1684 3
1685 9
1686 6
1687 3
1688 9
1689 12
1690 15
1691 27
1692 12
1693 15
1694 3
1695 12
1696 3
1697 9
1698 6
1699 3
1700 9
1701 12
1702 15
1703 27
1704 6
1705 21
1706 9
1707 12
1708 3
1709 9
1710 6
1711 3
1712 3
1713 6
1714 3
1715 3
1716 6
1717 9
1718 9
1719 18
1720 3
1721 15
1722 6
1723 9
1724 3
1725 6
1726 3
1727 3
1728 6
1729 9
1730 9
1731 18
1732 9
1733 9
1734 18
1735 27
1736 9
1737 18
1738 9
1739 9
1740 18
1741 27
1742 27
1743 54
1744 9
1745 45
1746 18
1747 27
1748 9
1749 18
1750 9
1751 9
1752 18
1753 27
1754 27
1755 54
1756 27
1757 27
1758 54
1759 81
1760 9
1761 72
1762 45
1763 27
1764 18
1765 9
1766 27
1767 36
1768 9
1769 27
1770 18
1771 9
1772 9
1773 18
1774 9
1775 9
1776 18
1777 27
1778 27
1779 54
1780 27
1781 27
1782 54
1783 81
1784 27
1785 54
1786 27
1787 27
1788 54
1789 81
1790 81
1791 162
1792 3
1793 159
1794 78
1795 81
1796 51
1797 30
1798 27
1799 3
1800 24
1801 27
1802 3
1803 24
1804 27
1805 51
1806 30
1807 21
1808 15
1809 6
1810 15
1811 21
1812 12
1813 9
1814 3
1815 6
1816 9
1817 15
1818 12
1819 3
1820 3
1821 6
1822 9
1823 15
1824 6
1825 9
1826 3
1827 6
1828 9
1829 15
1830 12
1831 3
1832 3
1833 6
1834 9
1835 15
1836 6
1837 9
1838 3
1839 6
1840 9
1841 15
1842 12
1843 3
1844 15
1845 18
1846 27
1847 45
1848 12
1849 33
1850 15
1851 18
1852 3
1853 15
1854 12
1855 3
1856 3
1857 6
1858 9
1859 15
1860 6
1861 9
1862 3
1863 6
1864 9
1865 15
1866 12
1867 3
1868 15
1869 18
1870 27
1871 45
1872 6
1873 39
1874 21
1875 18
1876 9
1877 9
1878 12
1879 21
1880 3
1881 18
1882 9
1883 9
1884 6
1885 3
1886 3
1887 6
1888 3
1889 3
1890 6
1891 9
1892 3
1893 6
1894 3
1895 3
1896 6
1897 9
1898 9
1899 18
1900 9
1901 9
1902 18
1903 27
1904 3
1905 24
1906 15
1907 9
1908 6
1909 3
1910 9
1911 12
1912 3
1913 9
1914 6
1915 3
1916 3
1917 6
1918 3
1919 3
1920 6
1921 9
1922 9
1923 18
1924 9
1925 9
1926 18
1927 27
1928 9
1929 18
1930 9
1931 9
1932 18
1933 27
1934 27
1935 54
1936 9
1937 45
1938 18
1939 27
1940 9
1941 18
1942 9
1943 9
1944 18
1945 27
1946 27
1947 54
1948 27
1949 27
1950 54
1951 81
1952 9
1953 72
1954 45
1955 27
1956 18
1957 9
1958 27
1959 36
1960 9
1961 27
1962 18
1963 9
1964 9
1965 18
1966 9
1967 9
1968 18
1969 27
1970 27
1971 54
1972 27
1973 27
1974 54
1975 81
1976 27
1977 54
1978 27
1979 27
1980 54
1981 81
1982 81
1983 162
1984 9
1985 153
1986 72
1987 81
1988 45
1989 36
1990 27
1991 9
1992 18
1993 27
1994 9
1995 18
1996 27
1997 45
1998 36
1999 9
2000 9
2001 18
2002 27
2003 45
2004 18
2005 27
2006 9
2007 18
2008 9
2009 9
2010 18
2011 27
2012 9
2013 18
2014 9
2015 9
2016 18
2017 27
2018 27
2019 54
2020 27
2021 27
2022 54
2023 81
2024 27
2025 54
2026 27
2027 27
2028 54
2029 81
2030 81
2031 162
2032 27
2033 135
2034 54
2035 81
2036 27
2037 54
2038 27
2039 27
2040 54
2041 81
2042 81
2043 162
2044 81
2045 81
2046 162
2047 243
2048 1
2049 242
2050 161
2051 81
2052 80
2053 1
2054 81
2055 82
2056 53
2057 29
2058 28
2059 1
2060 27
2061 28
2062 1
2063 27
2064 26
2065 1
2066 27
2067 28
2068 1
2069 27
2070 26
2071 1
2072 27
2073 28
2074 53
2075 81
2076 28
2077 53
2078 25
2079 28
2080 17
2081 11
2082 8
2083 3
2084 11
2085 14
2086 19
2087 33
2088 10
2089 23
2090 9
2091 14
2092 1
2093 13
2094 8
2095 5
2096 9
2097 14
2098 17
2099 31
2100 10
2101 21
2102 7
2103 14
2104 1
2105 13
2106 6
2107 7
2108 9
2109 16
2110 15
2111 1
2112 8
2113 9
2114 7
2115 2
2116 1
2117 1
2118 6
2119 7
2120 9
2121 16
2122 15
2123 1
2124 10
2125 11
2126 5
2127 6
2128 1
2129 5
2130 4
2131 1
2132 9
2133 10
2134 13
2135 23
2136 8
2137 15
2138 5
2139 10
2140 1
2141 9
2142 4
2143 5
2144 9
2145 14
2146 13
2147 1
2148 10
2149 11
2150 3
2151 8
2152 17
2153 25
2154 20
2155 5
2156 27
2157 32
2158 47
2159 79
2160 10
2161 69
2162 37
2163 32
2164 17
2165 15
2166 20
2167 35
2168 7
2169 28
2170 13
2171 15
2172 10
2173 5
2174 3
2175 2
2176 5
2177 7
2178 8
2179 15
2180 5
2181 10
2182 3
2183 7
2184 2
2185 5
2186 1
2187 4
2188 3
2189 1
2190 4
2191 5
2192 5
2193 10
2194 9
2195 1
2196 8
2197 9
2198 1
2199 8
2200 7
2201 1
2202 8
2203 9
2204 1
2205 8
2206 7
2207 1
2208 4
2209 5
2210 3
2211 2
2212 5
2213 7
2214 8
2215 15
2216 3
2217 12
2218 5
2219 7
2220 2
2221 5
2222 3
2223 2
2224 1
2225 1
2226 2
2227 3
2228 1
2229 2
2230 1
2231 1
2232 2
2233 3
2234 3
2235 6
2236 3
2237 3
2238 6
2239 9
2240 3
2241 6
2242 3
2243 3
2244 6
2245 9
2246 9
2247 18
2248 5
2249 13
2250 4
2251 9
2252 1
2253 8
2254 3
2255 5
2256 4
2257 1
2258 7
2259 8
2260 5
2261 3
2262 2
2263 1
2264 1
2265 2
2266 1
2267 1
2268 4
2269 5
2270 5
2271 10
2272 1
2273 9
2274 4
2275 5
2276 3
2277 2
2278 1
2279 1
2280 2
2281 3
2282 3
2283 6
2284 1
2285 5
2286 2
2287 3
2288 3
2289 6
2290 5
2291 1
2292 4
2293 5
2294 1
2295 4
2296 5
2297 9
2298 6
2299 3
2300 9
2301 12
2302 15
2303 27
2304 2
2305 25
2306 13
2307 12
2308 7
2309 5
2310 6
2311 11
2312 3
2313 8
2314 3
2315 5
2316 4
2317 1
2318 7
2319 8
2320 1
2321 7
2322 6
2323 1
2324 3
2325 4
2326 3
2327 1
2328 2
2329 3
2330 1
2331 2
2332 1
2333 1
2334 2
2335 3
2336 3
2337 6
2338 5
2339 1
2340 4
2341 5
2342 1
2343 4
2344 5
2345 9
2346 6
2347 3
2348 9
2349 12
2350 15
2351 27
2352 4
2353 23
2354 11
2355 12
2356 5
2357 7
2358 6
2359 1
2360 1
2361 2
2362 5
2363 7
2364 4
2365 3
2366 1
2367 2
2368 1
2369 1
2370 2
2371 3
2372 3
2373 6
2374 5
2375 1
2376 2
2377 3
2378 3
2379 6
2380 1
2381 5
2382 2
2383 3
2384 3
2385 6
2386 5
2387 1
2388 4
2389 5
2390 1
2391 4
2392 5
2393 9
2394 6
2395 3
2396 9
2397 12
2398 15
2399 27
2400 2
2401 25
2402 13
2403 12
2404 7
2405 5
2406 6
2407 11
2408 3
2409 8
2410 3
2411 5
2412 4
2413 1
2414 7
2415 8
2416 1
2417 7
2418 6
2419 1
2420 3
2421 4
2422 3
2423 1
2424 2
2425 3
2426 1
2427 2
2428 1
2429 1
2430 2
2431 3
2432 3
2433 6
2434 5
2435 1
2436 4
2437 5
2438 1
2439 4
2440 5
2441 9
2442 6
2443 3
2444 9
2445 12
2446 15
2447 27
2448 4
2449 23
2450 11
2451 12
2452 5
2453 7
2454 6
2455 1
2456 1
2457 2
2458 5
2459 7
2460 4
2461 3
2462 1
2463 2
2464 5
2465 7
2466 6
2467 1
2468 9
2469 10
2470 15
2471 25
2472 6
2473 19
2474 9
2475 10
2476 3
2477 7
2478 6
2479 1
2480 9
2481 10
2482 15
2483 25
2484 12
2485 13
2486 3
2487 10
2488 15
2489 25
2490 18
2491 7
2492 27
2493 34
2494 45
2495 79
2496 4
2497 75
2498 41
2499 34
2500 23
2501 11
2502 18
2503 29
2504 11
2505 18
2506 7
2507 11
2508 12
2509 23
2510 19
2511 4
2512 5
2513 9
2514 14
2515 23
2516 7
2517 16
2518 7
2519 9
2520 6
2521 3
2522 1
2523 2
2524 1
2525 1
2526 2
2527 3
2528 1
2529 2
2530 1
2531 1
2532 2
2533 3
2534 3
2535 6
2536 5
2537 1
2538 8
2539 9
2540 7
2541 2
2542 1
2543 1
2544 4
2545 5
2546 5
2547 10
2548 3
2549 7
2550 2
2551 5
2552 1
2553 4
2554 1
2555 3
2556 2
2557 1
2558 3
2559 4
2560 1
2561 3
2562 2
2563 1
2564 1
2565 2
2566 1
2567 1
2568 2
2569 3
2570 3
2571 6
2572 3
2573 3
2574 6
2575 9
2576 3
2577 6
2578 3
2579 3
2580 6
2581 9
2582 9
2583 18
2584 5
2585 13
2586 4
2587 9
2588 1
2589 8
2590 3
2591 5
2592 2
2593 3
2594 1
2595 2
2596 3
2597 5
2598 4
2599 1
2600 3
2601 4
2602 1
2603 3
2604 6
2605 9
2606 7
2607 2
2608 1
2609 1
2610 6
2611 7
2612 5
2613 2
2614 1
2615 1
2616 2
2617 3
2618 3
2619 6
2620 3
2621 3
2622 6
2623 9
2624 3
2625 6
2626 3
2627 3
2628 6
2629 9
2630 9
2631 18
2632 5
2633 13
2634 4
2635 9
2636 1
2637 8
2638 3
2639 5
2640 4
2641 1
2642 7
2643 8
2644 5
2645 3
2646 2
2647 1
2648 1
2649 2
2650 1
2651 1
2652 4
2653 5
2654 5
2655 10
2656 5
2657 5
2658 10
2659 15
2660 9
2661 6
2662 1
2663 5
2664 6
2665 11
2666 7
2667 4
2668 3
2669 1
2670 4
2671 5
2672 9
2673 14
2674 13
2675 1
2676 12
2677 13
2678 1
2679 12
2680 15
2681 27
2682 16
2683 11
2684 27
2685 38
2686 43
2687 81
2688 2
2689 79
2690 41
2691 38
2692 25
2693 13
2694 16
2695 29
2696 13
2697 16
2698 3
2699 13
2700 12
2701 1
2702 15
2703 16
2704 7
2705 9
2706 8
2707 1
2708 5
2709 6
2710 3
2711 3
2712 6
2713 9
2714 9
2715 18
2716 11
2717 7
2718 20
2719 27
2720 3
2721 24
2722 17
2723 7
2724 8
2725 15
2726 9
2727 6
2728 3
2729 3
2730 6
2731 9
2732 5
2733 4
2734 1
2735 3
2736 4
2737 7
2738 5
2739 2
2740 1
2741 1
2742 4
2743 5
2744 7
2745 12
2746 11
2747 1
2748 8
2749 9
2750 3
2751 6
2752 1
2753 5
2754 2
2755 3
2756 7
2757 10
2758 9
2759 1
2760 6
2761 7
2762 3
2763 4
2764 1
2765 3
2766 2
2767 1
2768 3
2769 4
2770 5
2771 9
2772 4
2773 5
2774 1
2775 4
2776 3
2777 1
2778 4
2779 5
2780 1
2781 4
2782 3
2783 1
2784 2
2785 3
2786 1
2787 2
2788 3
2789 5
2790 4
2791 1
2792 1
2793 2
2794 3
2795 5
2796 2
2797 3
2798 1
2799 2
2800 1
2801 1
2802 2
2803 3
2804 1
2805 2
2806 1
2807 1
2808 2
2809 3
2810 3
2811 6
2812 3
2813 3
2814 6
2815 9
2816 1
2817 8
2818 5
2819 3
2820 2
2821 1
2822 3
2823 4
2824 1
2825 3
2826 2
2827 1
2828 1
2829 2
2830 1
2831 1
2832 2
2833 3
2834 3
2835 6
2836 3
2837 3
2838 6
2839 9
2840 3
2841 6
2842 3
2843 3
2844 6
2845 9
2846 9
2847 18
2848 1
2849 17
2850 8
2851 9
2852 5
2853 4
2854 3
2855 1
2856 2
2857 3
2858 1
2859 2
2860 3
2861 5
2862 4
2863 1
2864 1
2865 2
2866 3
2867 5
2868 2
2869 3
2870 1
2871 2
2872 1
2873 1
2874 2
2875 3
2876 1
2877 2
2878 1
2879 1
2880 2
2881 3
2882 3
2883 6
2884 3
2885 3
2886 6
2887 9
2888 3
2889 6
2890 3
2891 3
2892 6
2893 9
2894 9
2895 18
2896 3
2897 15
2898 6
2899 9
2900 3
2901 6
2902 3
2903 3
2904 6
2905 9
2906 9
2907 18
2908 9
2909 9
2910 18
2911 27
2912 3
2913 24
2914 15
2915 9
2916 6
2917 3
2918 9
2919 12
2920 3
2921 9
2922 6
2923 3
2924 3
2925 6
2926 3
2927 3
2928 6
2929 9
2930 9
2931 18
2932 9
2933 9
2934 18
2935 27
2936 9
2937 18
2938 9
2939 9
2940 18
2941 27
2942 27
2943 54
2944 1
2945 53
2946 26
2947 27
2948 17
2949 10
2950 9
2951 1
2952 8
2953 9
2954 1
2955 8
2956 9
2957 17
2958 10
2959 7
2960 5
2961 2
2962 5
2963 7
2964 4
2965 3
2966 1
2967 2
2968 3
2969 5
2970 4
2971 1
2972 1
2973 2
2974 3
2975 5
2976 2
2977 3
2978 1
2979 2
2980 3
2981 5
2982 4
2983 1
2984 1
2985 2
2986 3
2987 5
2988 2
2989 3
2990 1
2991 2
2992 3
2993 5
2994 4
2995 1
2996 5
2997 6
2998 9
2999 15
3000 4
3001 11
3002 5
3003 6
3004 1
3005 5
3006 4
3007 1
3008 1
3009 2
3010 3
3011 5
3012 2
3013 3
3014 1
3015 2
3016 3
3017 5
3018 4
3019 1
3020 5
3021 6
3022 9
3023 15
3024 2
3025 13
3026 7
3027 6
3028 3
3029 3
3030 4
3031 7
3032 1
3033 6
3034 3
3035 3
3036 2
3037 1
3038 1
3039 2
3040 1
3041 1
3042 2
3043 3
3044 1
3045 2
3046 1
3047 1
3048 2
3049 3
3050 3
3051 6
3052 3
3053 3
3054 6
3055 9
3056 1
3057 8
3058 5
3059 3
3060 2
3061 1
3062 3
3063 4
3064 1
3065 3
3066 2
3067 1
3068 1
3069 2
3070 1
3071 1
3072 2
3073 3
3074 3
3075 6
3076 3
3077 3
3078 6
3079 9
3080 3
3081 6
3082 3
3083 3
3084 6
3085 9
3086 9
3087 18
3088 3
3089 15
3090 6
3091 9
3092 3
3093 6
3094 3
3095 3
3096 6
3097 9
3098 9
3099 18
3100 9
3101 9
3102 18
3103 27
3104 3
3105 24
3106 15
3107 9
3108 6
3109 3
3110 9
3111 12
3112 3
3113 9
3114 6
3115 3
3116 3
3117 6
3118 3
3119 3
3120 6
3121 9
3122 9
3123 18
3124 9
3125 9
3126 18
3127 27
3128 9
3129 18
3130 9
3131 9
3132 18
3133 27
3134 27
3135 54
3136 3
3137 51
3138 24
3139 27
3140 15
3141 12
3142 9
3143 3
3144 6
3145 9
3146 3
3147 6
3148 9
3149 15
3150 12
3151 3
3152 3
3153 6
3154 9
3155 15
3156 6
3157 9
3158 3
3159 6
3160 3
3161 3
3162 6
3163 9
3164 3
3165 6
3166 3
3167 3
3168 6
3169 9
3170 9
3171 18
3172 9
3173 9
3174 18
3175 27
3176 9
3177 18
3178 9
3179 9
3180 18
3181 27
3182 27
3183 54
3184 9
3185 45
3186 18
3187 27
3188 9
3189 18
3190 9
3191 9
3192 18
3193 27
3194 27
3195 54
3196 27
3197 27
3198 54
3199 81
3200 3
3201 78
3202 51
3203 27
3204 24
3205 3
3206 27
3207 30
3208 15
3209 15
3210 12
3211 3
3212 9
3213 12
3214 3
3215 9
3216 6
3217 3
3218 9
3219 12
3220 3
3221 9
3222 6
3223 3
3224 9
3225 12
3226 15
3227 27
3228 12
3229 15
3230 3
3231 12
3232 3
3233 9
3234 6
3235 3
3236 9
3237 12
3238 15
3239 27
3240 6
3241 21
3242 9
3243 12
3244 3
3245 9
3246 6
3247 3
3248 3
3249 6
3250 3
3251 3
3252 6
3253 9
3254 9
3255 18
3256 3
3257 15
3258 6
3259 9
3260 3
3261 6
3262 3
3263 3
3264 6
3265 9
3266 9
3267 18
3268 9
3269 9
3270 18
3271 27
3272 9
3273 18
3274 9
3275 9
3276 18
3277 27
3278 27
3279 54
3280 9
3281 45
3282 18
3283 27
3284 9
3285 18
3286 9
3287 9
3288 18
3289 27
3290 27
3291 54
3292 27
3293 27
3294 54
3295 81
3296 9
3297 72
3298 45
3299 27
3300 18
3301 9
3302 27
3303 36
3304 9
3305 27
3306 18
3307 9
3308 9
3309 18
3310 9
3311 9
3312 18
3313 27
3314 27
3315 54
3316 27
3317 27
3318 54
3319 81
3320 27
3321 54
3322 27
3323 27
3324 54
3325 81
3326 81
3327 162
3328 3
3329 159
3330 78
3331 81
3332 51
3333 30
3334 27
3335 3
3336 24
3337 27
3338 3
3339 24
3340 27
3341 51
3342 30
3343 21
3344 15
3345 6
3346 15
3347 21
3348 12
3349 9
3350 3
3351 6
3352 9
3353 15
3354 12
3355 3
3356 3
3357 6
3358 9
3359 15
3360 6
3361 9
3362 3
3363 6
3364 9
3365 15
3366 12
3367 3
3368 3
3369 6
3370 9
3371 15
3372 6
3373 9
3374 3
3375 6
3376 9
3377 15
3378 12
3379 3
3380 15
3381 18
3382 27
3383 45
3384 12
3385 33
3386 15
3387 18
3388 3
3389 15
3390 12
3391 3
3392 3
3393 6
3394 9
3395 15
3396 6
3397 9
3398 3
3399 6
3400 9
3401 15
3402 12
3403 3
3404 15
3405 18
3406 27
3407 45
3408 6
3409 39
3410 21
3411 18
3412 9
3413 9
3414 12
3415 21
3416 3
3417 18
3418 9
3419 9
3420 6
3421 3
3422 3
3423 6
3424 3
3425 3
3426 6
3427 9
3428 3
3429 6
3430 3
3431 3
3432 6
3433 9
3434 9
3435 18
3436 9
3437 9
3438 18
3439 27
3440 3
3441 24
3442 15
3443 9
3444 6
3445 3
3446 9
3447 12
3448 3
3449 9
3450 6
3451 3
3452 3
3453 6
3454 3
3455 3
3456 6
3457 9
3458 9
3459 18
3460 9
3461 9
3462 18
3463 27
3464 9
3465 18
3466 9
3467 9
3468 18
3469 27
3470 27
3471 54
3472 9
3473 45
3474 18
3475 27
3476 9
3477 18
3478 9
3479 9
3480 18
3481 27
3482 27
3483 54
3484 27
3485 27
3486 54
3487 81
3488 9
3489 72
3490 45
3491 27
3492 18
3493 9
3494 27
3495 36
3496 9
3497 27
3498 18
3499 9
3500 9
3501 18
3502 9
3503 9
3504 18
3505 27
3506 27
3507 54
3508 27
3509 27
3510 54
3511 81
3512 27
3513 54
3514 27
3515 27
3516 54
3517 81
3518 81
3519 162
3520 9
3521 153
3522 72
3523 81
3524 45
3525 36
3526 27
3527 9
3528 18
3529 27
3530 9
3531 18
3532 27
3533 45
3534 36
3535 9
3536 9
3537 18
3538 27
3539 45
3540 18
3541 27
3542 9
3543 18
3544 9
3545 9
3546 18
3547 27
3548 9
3549 18
3550 9
3551 9
3552 18
3553 27
3554 27
3555 54
3556 27
3557 27
3558 54
3559 81
3560 27
3561 54
3562 27
3563 27
3564 54
3565 81
3566 81
3567 162
3568 27
3569 135
3570 54
3571 81
3572 27
3573 54
3574 27
3575 27
3576 54
3577 81
3578 81
3579 162
3580 81
3581 81
3582 162
3583 243
3584 3
3585 240
3586 159
3587 81
3588 78
3589 3
3590 81
3591 84
3592 51
3593 33
3594 30
3595 3
3596 27
3597 30
3598 3
3599 27
3600 24
3601 3
3602 27
3603 30
3604 3
3605 27
3606 24
3607 3
3608 27
3609 30
3610 51
3611 81
3612 30
3613 51
3614 21
3615 30
3616 15
3617 15
3618 6
3619 9
3620 15
3621 24
3622 21
3623 3
3624 12
3625 15
3626 9
3627 6
3628 3
3629 3
3630 6
3631 9
3632 9
3633 18
3634 15
3635 3
3636 12
3637 15
3638 3
3639 12
3640 3
3641 9
3642 6
3643 3
3644 9
3645 12
3646 15
3647 27
3648 6
3649 21
3650 9
3651 12
3652 3
3653 9
3654 6
3655 3
3656 9
3657 12
3658 15
3659 27
3660 12
3661 15
3662 3
3663 12
3664 3
3665 9
3666 6
3667 3
3668 9
3669 12
3670 15
3671 27
3672 6
3673 21
3674 9
3675 12
3676 3
3677 9
3678 6
3679 3
3680 9
3681 12
3682 15
3683 27
3684 12
3685 15
3686 3
3687 12
3688 15
3689 27
3690 18
3691 9
3692 27
3693 36
3694 45
3695 81
3696 12
3697 69
3698 33
3699 36
3700 15
3701 21
3702 18
3703 3
3704 3
3705 6
3706 15
3707 21
3708 12
3709 9
3710 3
3711 6
3712 3
3713 3
3714 6
3715 9
3716 9
3717 18
3718 15
3719 3
3720 6
3721 9
3722 9
3723 18
3724 3
3725 15
3726 6
3727 9
3728 9
3729 18
3730 15
3731 3
3732 12
3733 15
3734 3
3735 12
3736 15
3737 27
3738 18
3739 9
3740 27
3741 36
3742 45
3743 81
3744 6
3745 75
3746 39
3747 36
3748 21
3749 15
3750 18
3751 33
3752 9
3753 24
3754 9
3755 15
3756 12
3757 3
3758 21
3759 24
3760 3
3761 21
3762 18
3763 3
3764 9
3765 12
3766 9
3767 3
3768 6
3769 9
3770 3
3771 6
3772 3
3773 3
3774 6
3775 9
3776 3
3777 6
3778 3
3779 3
3780 6
3781 9
3782 9
3783 18
3784 3
3785 15
3786 6
3787 9
3788 3
3789 6
3790 3
3791 3
3792 6
3793 9
3794 9
3795 18
3796 9
3797 9
3798 18
3799 27
3800 9
3801 18
3802 9
3803 9
3804 18
3805 27
3806 27
3807 54
3808 3
3809 51
3810 24
3811 27
3812 15
3813 12
3814 9
3815 3
3816 6
3817 9
3818 3
3819 6
3820 9
3821 15
3822 12
3823 3
3824 3
3825 6
3826 9
3827 15
3828 6
3829 9
3830 3
3831 6
3832 3
3833 3
3834 6
3835 9
3836 3
3837 6
3838 3
3839 3
3840 6
3841 9
3842 9
3843 18
3844 9
3845 9
3846 18
3847 27
3848 9
3849 18
3850 9
3851 9
3852 18
3853 27
3854 27
3855 54
3856 9
3857 45
3858 18
3859 27
3860 9
3861 18
3862 9
3863 9
3864 18
3865 27
3866 27
3867 54
3868 27
3869 27
3870 54
3871 81
3872 9
3873 72
3874 45
3875 27
3876 18
3877 9
3878 27
3879 36
3880 9
3881 27
3882 18
3883 9
3884 9
3885 18
3886 9
3887 9
3888 18
3889 27
3890 27
3891 54
3892 27
3893 27
3894 54
3895 81
3896 27
3897 54
3898 27
3899 27
3900 54
3901 81
3902 81
3903 162
3904 9
3905 153
3906 72
3907 81
3908 45
3909 36
3910 27
3911 9
3912 18
3913 27
3914 9
3915 18
3916 27
3917 45
3918 36
3919 9
3920 9
3921 18
3922 27
3923 45
3924 18
3925 27
3926 9
3927 18
3928 9
3929 9
3930 18
3931 27
3932 9
3933 18
3934 9
3935 9
3936 18
3937 27
3938 27
3939 54
3940 27
3941 27
3942 54
3943 81
3944 27
3945 54
3946 27
3947 27
3948 54
3949 81
3950 81
3951 162
3952 27
3953 135
3954 54
3955 81
3956 27
3957 54
3958 27
3959 27
3960 54
3961 81
3962 81
3963 162
3964 81
3965 81
3966 162
3967 243
3968 9
3969 234
3970 153
3971 81
3972 72
3973 9
3974 81
3975 90
3976 45
3977 45
3978 36
3979 9
3980 27
3981 36
3982 9
3983 27
3984 18
3985 9
3986 27
3987 36
3988 9
3989 27
3990 18
3991 9
3992 27
3993 36
3994 45
3995 81
3996 36
3997 45
3998 9
3999 36
4000 9
4001 27
4002 18
4003 9
4004 27
4005 36
4006 45
4007 81
4008 18
4009 63
4010 27
4011 36
4012 9
4013 27
4014 18
4015 9
4016 9
4017 18
4018 9
4019 9
4020 18
4021 27
4022 27
4023 54
4024 9
4025 45
4026 18
4027 27
4028 9
4029 18
4030 9
4031 9
4032 18
4033 27
4034 27
4035 54
4036 27
4037 27
4038 54
4039 81
4040 27
4041 54
4042 27
4043 27
4044 54
4045 81
4046 81
4047 162
4048 27
4049 135
4050 54
4051 81
4052 27
4053 54
4054 27
4055 27
4056 54
4057 81
4058 81
4059 162
4060 81
4061 81
4062 162
4063 243
4064 27
4065 216
4066 135
4067 81
4068 54
4069 27
4070 81
4071 108
4072 27
4073 81
4074 54
4075 27
4076 27
4077 54
4078 27
4079 27
4080 54
4081 81
4082 81
4083 162
4084 81
4085 81
4086 162
4087 243
4088 81
4089 162
4090 81
4091 81
4092 162
4093 243
4094 243
4095 486
4096 1
4097 485
4098 242
4099 243
4100 161
4101 82
4102 81
4103 1
4104 80
4105 81
4106 1
4107 80
4108 81
4109 161
4110 82
4111 79
4112 53
4113 26
4114 29
4115 55
4116 28
4117 27
4118 1
4119 26
4120 27
4121 53
4122 28
4123 25
4124 1
4125 24
4126 27
4127 51
4128 26
4129 25
4130 1
4131 24
4132 27
4133 51
4134 28
4135 23
4136 1
4137 22
4138 27
4139 49
4140 26
4141 23
4142 1
4143 22
4144 27
4145 49
4146 28
4147 21
4148 53
4149 74
4150 81
4151 155
4152 28
4153 127
4154 53
4155 74
4156 25
4157 49
4158 28
4159 21
4160 17
4161 4
4162 11
4163 15
4164 8
4165 7
4166 3
4167 4
4168 11
4169 15
4170 14
4171 1
4172 19
4173 20
4174 33
4175 53
4176 10
4177 43
4178 23
4179 20
4180 9
4181 11
4182 14
4183 25
4184 1
4185 24
4186 13
4187 11
4188 8
4189 3
4190 5
4191 8
4192 9
4193 17
4194 14
4195 3
4196 17
4197 20
4198 31
4199 51
4200 10
4201 41
4202 21
4203 20
4204 7
4205 13
4206 14
4207 27
4208 1
4209 26
4210 13
4211 13
4212 6
4213 7
4214 7
4215 14
4216 9
4217 5
4218 16
4219 21
4220 15
4221 6
4222 1
4223 5
4224 8
4225 13
4226 9
4227 4
4228 7
4229 11
4230 2
4231 9
4232 1
4233 8
4234 1
4235 7
4236 6
4237 1
4238 7
4239 8
4240 9
4241 17
4242 16
4243 1
4244 15
4245 16
4246 1
4247 15
4248 10
4249 5
4250 11
4251 16
4252 5
4253 11
4254 6
4255 5
4256 1
4257 4
4258 5
4259 9
4260 4
4261 5
4262 1
4263 4
4264 9
4265 13
4266 10
4267 3
4268 13
4269 16
4270 23
4271 39
4272 8
4273 31
4274 15
4275 16
4276 5
4277 11
4278 10
4279 1
4280 1
4281 2
4282 9
4283 11
4284 4
4285 7
4286 5
4287 2
4288 9
4289 11
4290 14
4291 25
4292 13
4293 12
4294 1
4295 11
4296 10
4297 1
4298 11
4299 12
4300 3
4301 9
4302 8
4303 1
4304 17
4305 18
4306 25
4307 43
4308 20
4309 23
4310 5
4311 18
4312 27
4313 45
4314 32
4315 13
4316 47
4317 60
4318 79
4319 139
4320 10
4321 129
4322 69
4323 60
4324 37
4325 23
4326 32
4327 55
4328 17
4329 38
4330 15
4331 23
4332 20
4333 3
4334 35
4335 38
4336 7
4337 31
4338 28
4339 3
4340 13
4341 16
4342 15
4343 1
4344 10
4345 11
4346 5
4347 6
4348 3
4349 3
4350 2
4351 1
4352 5
4353 6
4354 7
4355 13
4356 8
4357 5
4358 15
4359 20
4360 5
4361 15
4362 10
4363 5
4364 3
4365 2
4366 7
4367 9
4368 2
4369 7
4370 5
4371 2
4372 1
4373 1
4374 4
4375 5
4376 3
4377 2
4378 1
4379 1
4380 4
4381 5
4382 5
4383 10
4384 5
4385 5
4386 10
4387 15
4388 9
4389 6
4390 1
4391 5
4392 8
4393 13
4394 9
4395 4
4396 1
4397 3
4398 8
4399 11
4400 7
4401 4
4402 1
4403 3
4404 8
4405 11
4406 9
4407 2
4408 1
4409 1
4410 8
4411 9
4412 7
4413 2
4414 1
4415 1
4416 4
4417 5
4418 5
4419 10
4420 3
4421 7
4422 2
4423 5
4424 5
4425 10
4426 7
4427 3
4428 8
4429 11
4430 15
4431 26
4432 3
4433 23
4434 12
4435 11
4436 5
4437 6
4438 7
4439 13
4440 2
4441 11
4442 5
4443 6
4444 3
4445 3
4446 2
4447 1
4448 1
4449 2
4450 1
4451 1
4452 2
4453 3
4454 3
4455 6
4456 1
4457 5
4458 2
4459 3
4460 1
4461 2
4462 1
4463 1
4464 2
4465 3
4466 3
4467 6
4468 3
4469 3
4470 6
4471 9
4472 3
4473 6
4474 3
4475 3
4476 6
4477 9
4478 9
4479 18
4480 3
4481 15
4482 6
4483 9
4484 3
4485 6
4486 3
4487 3
4488 6
4489 9
4490 9
4491 18
4492 9
4493 9
4494 18
4495 27
4496 5
4497 22
4498 13
4499 9
4500 4
4501 5
4502 9
4503 14
4504 1
4505 13
4506 8
4507 5
4508 3
4509 2
4510 5
4511 7
4512 4
4513 3
4514 1
4515 2
4516 7
4517 9
4518 8
4519 1
4520 5
4521 6
4522 3
4523 3
4524 2
4525 1
4526 1
4527 2
4528 1
4529 1
4530 2
4531 3
4532 1
4533 2
4534 1
4535 1
4536 4
4537 5
4538 5
4539 10
4540 5
4541 5
4542 10
4543 15
4544 1
4545 14
4546 9
4547 5
4548 4
4549 1
4550 5
4551 6
4552 3
4553 3
4554 2
4555 1
4556 1
4557 2
4558 1
4559 1
4560 2
4561 3
4562 3
4563 6
4564 3
4565 3
4566 6
4567 9
4568 1
4569 8
4570 5
4571 3
4572 2
4573 1
4574 3
4575 4
4576 3
4577 1
4578 6
4579 7
4580 5
4581 2
4582 1
4583 1
4584 4
4585 5
4586 5
4587 10
4588 1
4589 9
4590 4
4591 5
4592 5
4593 10
4594 9
4595 1
4596 6
4597 7
4598 3
4599 4
4600 9
4601 13
4602 12
4603 1
4604 15
4605 16
4606 27
4607 43
4608 2
4609 41
4610 25
4611 16
4612 13
4613 3
4614 12
4615 15
4616 7
4617 8
4618 5
4619 3
4620 6
4621 9
4622 11
4623 20
4624 3
4625 17
4626 8
4627 9
4628 3
4629 6
4630 5
4631 1
4632 4
4633 5
4634 1
4635 4
4636 7
4637 11
4638 8
4639 3
4640 1
4641 2
4642 7
4643 9
4644 6
4645 3
4646 1
4647 2
4648 3
4649 5
4650 4
4651 1
4652 3
4653 4
4654 1
4655 3
4656 2
4657 1
4658 3
4659 4
4660 1
4661 3
4662 2
4663 1
4664 1
4665 2
4666 1
4667 1
4668 2
4669 3
4670 3
4671 6
4672 3
4673 3
4674 6
4675 9
4676 5
4677 4
4678 1
4679 3
4680 4
4681 7
4682 5
4683 2
4684 1
4685 1
4686 4
4687 5
4688 5
4689 10
4690 9
4691 1
4692 6
4693 7
4694 3
4695 4
4696 9
4697 13
4698 12
4699 1
4700 15
4701 16
4702 27
4703 43
4704 4
4705 39
4706 23
4707 16
4708 11
4709 5
4710 12
4711 17
4712 5
4713 12
4714 7
4715 5
4716 6
4717 11
4718 1
4719 10
4720 1
4721 9
4722 2
4723 7
4724 5
4725 2
4726 7
4727 9
4728 4
4729 5
4730 3
4731 2
4732 1
4733 1
4734 2
4735 3
4736 1
4737 2
4738 1
4739 1
4740 2
4741 3
4742 3
4743 6
4744 3
4745 3
4746 6
4747 9
4748 5
4749 4
4750 1
4751 3
4752 2
4753 1
4754 3
4755 4
4756 3
4757 1
4758 6
4759 7
4760 1
4761 6
4762 5
4763 1
4764 2
4765 3
4766 3
4767 6
4768 3
4769 3
4770 6
4771 9
4772 5
4773 4
4774 1
4775 3
4776 4
4777 7
4778 5
4779 2
4780 1
4781 1
4782 4
4783 5
4784 5
4785 10
4786 9
4787 1
4788 6
4789 7
4790 3
4791 4
4792 9
4793 13
4794 12
4795 1
4796 15
4797 16
4798 27
4799 43
4800 2
4801 41
4802 25
4803 16
4804 13
4805 3
4806 12
4807 15
4808 7
4809 8
4810 5
4811 3
4812 6
4813 9
4814 11
4815 20
4816 3
4817 17
4818 8
4819 9
4820 3
4821 6
4822 5
4823 1
4824 4
4825 5
4826 1
4827 4
4828 7
4829 11
4830 8
4831 3
4832 1
4833 2
4834 7
4835 9
4836 6
4837 3
4838 1
4839 2
4840 3
4841 5
4842 4
4843 1
4844 3
4845 4
4846 1
4847 3
4848 2
4849 1
4850 3
4851 4
4852 1
4853 3
4854 2
4855 1
4856 1
4857 2
4858 1
4859 1
4860 2
4861 3
4862 3
4863 6
4864 3
4865 3
4866 6
4867 9
4868 5
4869 4
4870 1
4871 3
4872 4
4873 7
4874 5
4875 2
4876 1
4877 1
4878 4
4879 5
4880 5
4881 10
4882 9
4883 1
4884 6
4885 7
4886 3
4887 4
4888 9
4889 13
4890 12
4891 1
4892 15
4893 16
4894 27
4895 43
4896 4
4897 39
4898 23
4899 16
4900 11
4901 5
4902 12
4903 17
4904 5
4905 12
4906 7
4907 5
4908 6
4909 11
4910 1
4911 10
4912 1
4913 9
4914 2
4915 7
4916 5
4917 2
4918 7
4919 9
4920 4
4921 5
4922 3
4923 2
4924 1
4925 1
4926 2
4927 3
4928 5
4929 8
4930 7
4931 1
4932 6
4933 7
4934 1
4935 6
4936 9
4937 15
4938 10
4939 5
4940 15
4941 20
4942 25
4943 45
4944 6
4945 39
4946 19
4947 20
4948 9
4949 11
4950 10
4951 1
4952 3
4953 4
4954 7
4955 11
4956 6
4957 5
4958 1
4959 4
4960 9
4961 13
4962 10
4963 3
4964 15
4965 18
4966 25
4967 43
4968 12
4969 31
4970 13
4971 18
4972 3
4973 15
4974 10
4975 5
4976 15
4977 20
4978 25
4979 45
4980 18
4981 27
4982 7
4983 20
4984 27
4985 47
4986 34
4987 13
4988 45
4989 58
4990 79
4991 137
4992 4
4993 133
4994 75
4995 58
4996 41
4997 17
4998 34
4999 51
5000 23
5001 28
5002 11
5003 17
5004 18
5005 35
5006 29
5007 6
5008 11
5009 17
5010 18
5011 35
5012 7
5013 28
5014 11
5015 17
5016 12
5017 5
5018 23
5019 28
5020 19
5021 9
5022 4
5023 5
5024 5
5025 10
5026 9
5027 1
5028 14
5029 15
5030 23
5031 38
5032 7
5033 31
5034 16
5035 15
5036 7
5037 8
5038 9
5039 17
5040 6
5041 11
5042 3
5043 8
5044 1
5045 7
5046 2
5047 5
5048 1
5049 4
5050 1
5051 3
5052 2
5053 1
5054 3
5055 4
5056 1
5057 3
5058 2
5059 1
5060 1
5061 2
5062 1
5063 1
5064 2
5065 3
5066 3
5067 6
5068 3
5069 3
5070 6
5071 9
5072 5
5073 4
5074 1
5075 3
5076 8
5077 11
5078 9
5079 2
5080 7
5081 9
5082 2
5083 7
5084 1
5085 6
5086 1
5087 5
5088 4
5089 1
5090 5
5091 6
5092 5
5093 1
5094 10
5095 11
5096 3
5097 8
5098 7
5099 1
5100 2
5101 3
5102 5
5103 8
5104 1
5105 7
5106 4
5107 3
5108 1
5109 2
5110 3
5111 5
5112 2
5113 3
5114 1
5115 2
5116 3
5117 5
5118 4
5119 1
5120 1
5121 2
5122 3
5123 5
5124 2
5125 3
5126 1
5127 2
5128 1
5129 1
5130 2
5131 3
5132 1
5133 2
5134 1
5135 1
5136 2
5137 3
5138 3
5139 6
5140 3
5141 3
5142 6
5143 9
5144 3
5145 6
5146 3
5147 3
5148 6
5149 9
5150 9
5151 18
5152 3
5153 15
5154 6
5155 9
5156 3
5157 6
5158 3
5159 3
5160 6
5161 9
5162 9
5163 18
5164 9
5165 9
5166 18
5167 27
5168 5
5169 22
5170 13
5171 9
5172 4
5173 5
5174 9
5175 14
5176 1
5177 13
5178 8
5179 5
5180 3
5181 2
5182 5
5183 7
5184 2
5185 5
5186 3
5187 2
5188 1
5189 1
5190 2
5191 3
5192 3
5193 6
5194 5
5195 1
5196 4
5197 5
5198 1
5199 4
5200 3
5201 1
5202 4
5203 5
5204 1
5205 4
5206 3
5207 1
5208 6
5209 7
5210 9
5211 16
5212 7
5213 9
5214 2
5215 7
5216 1
5217 6
5218 1
5219 5
5220 6
5221 11
5222 7
5223 4
5224 5
5225 9
5226 2
5227 7
5228 1
5229 6
5230 1
5231 5
5232 2
5233 3
5234 3
5235 6
5236 3
5237 3
5238 6
5239 9
5240 3
5241 6
5242 3
5243 3
5244 6
5245 9
5246 9
5247 18
5248 3
5249 15
5250 6
5251 9
5252 3
5253 6
5254 3
5255 3
5256 6
5257 9
5258 9
5259 18
5260 9
5261 9
5262 18
5263 27
5264 5
5265 22
5266 13
5267 9
5268 4
5269 5
5270 9
5271 14
5272 1
5273 13
5274 8
5275 5
5276 3
5277 2
5278 5
5279 7
5280 4
5281 3
5282 1
5283 2
5284 7
5285 9
5286 8
5287 1
5288 5
5289 6
5290 3
5291 3
5292 2
5293 1
5294 1
5295 2
5296 1
5297 1
5298 2
5299 3
5300 1
5301 2
5302 1
5303 1
5304 4
5305 5
5306 5
5307 10
5308 5
5309 5
5310 10
5311 15
5312 5
5313 10
5314 5
5315 5
5316 10
5317 15
5318 15
5319 30
5320 9
5321 21
5322 6
5323 15
5324 1
5325 14
5326 5
5327 9
5328 6
5329 3
5330 11
5331 14
5332 7
5333 7
5334 4
5335 3
5336 3
5337 6
5338 1
5339 5
5340 4
5341 1
5342 5
5343 6
5344 9
5345 15
5346 14
5347 1
5348 13
5349 14
5350 1
5351 13
5352 12
5353 1
5354 13
5355 14
5356 1
5357 13
5358 12
5359 1
5360 15
5361 16
5362 27
5363 43
5364 16
5365 27
5366 11
5367 16
5368 27
5369 43
5370 38
5371 5
5372 43
5373 48
5374 81
5375 129
5376 2
5377 127
5378 79
5379 48
5380 41
5381 7
5382 38
5383 45
5384 25
5385 20
5386 13
5387 7
5388 16
5389 23
5390 29
5391 52
5392 13
5393 39
5394 16
5395 23
5396 3
5397 20
5398 13
5399 7
5400 12
5401 19
5402 1
5403 18
5404 15
5405 3
5406 16
5407 19
5408 7
5409 12
5410 9
5411 3
5412 8
5413 11
5414 1
5415 10
5416 5
5417 5
5418 6
5419 11
5420 3
5421 8
5422 3
5423 5
5424 6
5425 11
5426 9
5427 2
5428 9
5429 11
5430 18
5431 29
5432 11
5433 18
5434 7
5435 11
5436 20
5437 31
5438 27
5439 4
5440 3
5441 1
5442 24
5443 25
5444 17
5445 8
5446 7
5447 1
5448 8
5449 9
5450 15
5451 24
5452 9
5453 15
5454 6
5455 9
5456 3
5457 6
5458 3
5459 3
5460 6
5461 9
5462 9
5463 18
5464 5
5465 13
5466 4
5467 9
5468 1
5469 8
5470 3
5471 5
5472 4
5473 1
5474 7
5475 8
5476 5
5477 3
5478 2
5479 1
5480 1
5481 2
5482 1
5483 1
5484 4
5485 5
5486 5
5487 10
5488 7
5489 3
5490 12
5491 15
5492 11
5493 4
5494 1
5495 3
5496 8
5497 11
5498 9
5499 2
5500 3
5501 5
5502 6
5503 11
5504 1
5505 10
5506 5
5507 5
5508 2
5509 3
5510 3
5511 6
5512 7
5513 13
5514 10
5515 3
5516 9
5517 12
5518 1
5519 11
5520 6
5521 5
5522 7
5523 12
5524 3
5525 9
5526 4
5527 5
5528 1
5529 4
5530 3
5531 1
5532 2
5533 3
5534 1
5535 2
5536 3
5537 5
5538 4
5539 1
5540 5
5541 6
5542 9
5543 15
5544 4
5545 11
5546 5
5547 6
5548 1
5549 5
5550 4
5551 1
5552 3
5553 4
5554 1
5555 3
5556 4
5557 7
5558 5
5559 2
5560 1
5561 1
5562 4
5563 5
5564 3
5565 2
5566 1
5567 1
5568 2
5569 3
5570 3
5571 6
5572 1
5573 5
5574 2
5575 3
5576 3
5577 6
5578 5
5579 1
5580 4
5581 5
5582 1
5583 4
5584 1
5585 3
5586 2
5587 1
5588 3
5589 4
5590 5
5591 9
5592 2
5593 7
5594 3
5595 4
5596 1
5597 3
5598 2
5599 1
5600 1
5601 2
5602 1
5603 1
5604 2
5605 3
5606 3
5607 6
5608 1
5609 5
5610 2
5611 3
5612 1
5613 2
5614 1
5615 1
5616 2
5617 3
5618 3
5619 6
5620 3
5621 3
5622 6
5623 9
5624 3
5625 6
5626 3
5627 3
5628 6
5629 9
5630 9
5631 18
5632 1
5633 17
5634 8
5635 9
5636 5
5637 4
5638 3
5639 1
5640 2
5641 3
5642 1
5643 2
5644 3
5645 5
5646 4
5647 1
5648 1
5649 2
5650 3
5651 5
5652 2
5653 3
5654 1
5655 2
5656 1
5657 1
5658 2
5659 3
5660 1
5661 2
5662 1
5663 1
5664 2
5665 3
5666 3
5667 6
5668 3
5669 3
5670 6
5671 9
5672 3
5673 6
5674 3
5675 3
5676 6
5677 9
5678 9
5679 18
5680 3
5681 15
5682 6
5683 9
5684 3
5685 6
5686 3
5687 3
5688 6
5689 9
5690 9
5691 18
5692 9
5693 9
5694 18
5695 27
5696 1
5697 26
5698 17
5699 9
5700 8
5701 1
5702 9
5703 10
5704 5
5705 5
5706 4
5707 1
5708 3
5709 4
5710 1
5711 3
5712 2
5713 1
5714 3
5715 4
5716 1
5717 3
5718 2
5719 1
5720 3
5721 4
5722 5
5723 9
5724 4
5725 5
5726 1
5727 4
5728 1
5729 3
5730 2
5731 1
5732 3
5733 4
5734 5
5735 9
5736 2
5737 7
5738 3
5739 4
5740 1
5741 3
5742 2
5743 1
5744 1
5745 2
5746 1
5747 1
5748 2
5749 3
5750 3
5751 6
5752 1
5753 5
5754 2
5755 3
5756 1
5757 2
5758 1
5759 1
5760 2
5761 3
5762 3
5763 6
5764 3
5765 3
5766 6
5767 9
5768 3
5769 6
5770 3
5771 3
5772 6
5773 9
5774 9
5775 18
5776 3
5777 15
5778 6
5779 9
5780 3
5781 6
5782 3
5783 3
5784 6
5785 9
5786 9
5787 18
5788 9
5789 9
5790 18
5791 27
5792 3
5793 24
5794 15
5795 9
5796 6
5797 3
5798 9
5799 12
5800 3
5801 9
5802 6
5803 3
5804 3
5805 6
5806 3
5807 3
5808 6
5809 9
5810 9
5811 18
5812 9
5813 9
5814 18
5815 27
5816 9
5817 18
5818 9
5819 9
5820 18
5821 27
5822 27
5823 54
5824 3
5825 51
5826 24
5827 27
5828 15
5829 12
5830 9
5831 3
5832 6
5833 9
5834 3
5835 6
5836 9
5837 15
5838 12
5839 3
5840 3
5841 6
5842 9
5843 15
5844 6
5845 9
5846 3
5847 6
5848 3
5849 3
5850 6
5851 9
5852 3
5853 6
5854 3
5855 3
5856 6
5857 9
5858 9
5859 18
5860 9
5861 9
5862 18
5863 27
5864 9
5865 18
5866 9
5867 9
5868 18
5869 27
5870 27
5871 54
5872 9
5873 45
5874 18
5875 27
5876 9
5877 18
5878 9
5879 9
5880 18
5881 27
5882 27
5883 54
5884 27
5885 27
5886 54
5887 81
5888 1
5889 80
5890 53
5891 27
5892 26
5893 1
5894 27
5895 28
5896 17
5897 11
5898 10
5899 1
5900 9
5901 10
5902 1
5903 9
5904 8
5905 1
5906 9
5907 10
5908 1
5909 9
5910 8
5911 1
5912 9
5913 10
5914 17
5915 27
5916 10
5917 17
5918 7
5919 10
5920 5
5921 5
5922 2
5923 3
5924 5
5925 8
5926 7
5927 1
5928 4
5929 5
5930 3
5931 2
5932 1
5933 1
5934 2
5935 3
5936 3
5937 6
5938 5
5939 1
5940 4
5941 5
5942 1
5943 4
5944 1
5945 3
5946 2
5947 1
5948 3
5949 4
5950 5
5951 9
5952 2
5953 7
5954 3
5955 4
5956 1
5957 3
5958 2
5959 1
5960 3
5961 4
5962 5
5963 9
5964 4
5965 5
5966 1
5967 4
5968 1
5969 3
5970 2
5971 1
5972 3
5973 4
5974 5
5975 9
5976 2
5977 7
5978 3
5979 4
5980 1
5981 3
5982 2
5983 1
5984 3
5985 4
5986 5
5987 9
5988 4
5989 5
5990 1
5991 4
5992 5
5993 9
5994 6
5995 3
5996 9
5997 12
5998 15
5999 27
6000 4
6001 23
6002 11
6003 12
6004 5
6005 7
6006 6
6007 1
6008 1
6009 2
6010 5
6011 7
6012 4
6013 3
6014 1
6015 2
6016 1
6017 1
6018 2
6019 3
6020 3
6021 6
6022 5
6023 1
6024 2
6025 3
6026 3
6027 6
6028 1
6029 5
6030 2
6031 3
6032 3
6033 6
6034 5
6035 1
6036 4
6037 5
6038 1
6039 4
6040 5
6041 9
6042 6
6043 3
6044 9
6045 12
6046 15
6047 27
6048 2
6049 25
6050 13
6051 12
6052 7
6053 5
6054 6
6055 11
6056 3
6057 8
6058 3
6059 5
6060 4
6061 1
6062 7
6063 8
6064 1
6065 7
6066 6
6067 1
6068 3
6069 4
6070 3
6071 1
6072 2
6073 3
6074 1
6075 2
6076 1
6077 1
6078 2
6079 3
6080 1
6081 2
6082 1
6083 1
6084 2
6085 3
6086 3
6087 6
6088 1
6089 5
6090 2
6091 3
6092 1
6093 2
6094 1
6095 1
6096 2
6097 3
6098 3
6099 6
6100 3
6101 3
6102 6
6103 9
6104 3
6105 6
6106 3
6107 3
6108 6
6109 9
6110 9
6111 18
6112 1
6113 17
6114 8
6115 9
6116 5
6117 4
6118 3
6119 1
6120 2
6121 3
6122 1
6123 2
6124 3
6125 5
6126 4
6127 1
6128 1
6129 2
6130 3
6131 5
6132 2
6133 3
6134 1
6135 2
6136 1
6137 1
6138 2
6139 3
6140 1
6141 2
6142 1
6143 1
6144 2
6145 3
6146 3
6147 6
6148 3
6149 3
6150 6
6151 9
6152 3
6153 6
6154 3
6155 3
6156 6
6157 9
6158 9
6159 18
6160 3
6161 15
6162 6
6163 9
6164 3
6165 6
6166 3
6167 3
6168 6
6169 9
6170 9
6171 18
6172 9
6173 9
6174 18
6175 27
6176 3
6177 24
6178 15
6179 9
6180 6
6181 3
6182 9
6183 12
6184 3
6185 9
6186 6
6187 3
6188 3
6189 6
6190 3
6191 3
6192 6
6193 9
6194 9
6195 18
6196 9
6197 9
6198 18
6199 27
6200 9
6201 18
6202 9
6203 9
6204 18
6205 27
6206 27
6207 54
6208 3
6209 51
6210 24
6211 27
6212 15
6213 12
6214 9
6215 3
6216 6
6217 9
6218 3
6219 6
6220 9
6221 15
6222 12
6223 3
6224 3
6225 6
6226 9
6227 15
6228 6
6229 9
6230 3
6231 6
6232 3
6233 3
6234 6
6235 9
6236 3
6237 6
6238 3
6239 3
6240 6
6241 9
6242 9
6243 18
6244 9
6245 9
6246 18
6247 27
6248 9
6249 18
6250 9
6251 9
6252 18
6253 27
6254 27
6255 54
6256 9
6257 45
6258 18
6259 27
6260 9
6261 18
6262 9
6263 9
6264 18
6265 27
6266 27
6267 54
6268 27
6269 27
6270 54
6271 81
6272 3
6273 78
6274 51
6275 27
6276 24
6277 3
6278 27
6279 30
6280 15
6281 15
6282 12
6283 3
6284 9
6285 12
6286 3
6287 9
6288 6
6289 3
6290 9
6291 12
6292 3
6293 9
6294 6
6295 3
6296 9
6297 12
6298 15
6299 27
6300 12
6301 15
6302 3
6303 12
6304 3
6305 9
6306 6
6307 3
6308 9
6309 12
6310 15
6311 27
6312 6
6313 21
6314 9
6315 12
6316 3
6317 9
6318 6
6319 3
6320 3
6321 6
6322 3
6323 3
6324 6
6325 9
6326 9
6327 18
6328 3
6329 15
6330 6
6331 9
6332 3
6333 6
6334 3
6335 3
6336 6
6337 9
6338 9
6339 18
6340 9
6341 9
6342 18
6343 27
6344 9
6345 18
6346 9
6347 9
6348 18
6349 27
6350 27
6351 54
6352 9
6353 45
6354 18
6355 27
6356 9
6357 18
6358 9
6359 9
6360 18
6361 27
6362 27
6363 54
6364 27
6365 27
6366 54
6367 81
6368 9
6369 72
6370 45
6371 27
6372 18
6373 9
6374 27
6375 36
6376 9
6377 27
6378 18
6379 9
6380 9
6381 18
6382 9
6383 9
6384 18
6385 27
6386 27
6387 54
6388 27
6389 27
6390 54
6391 81
6392 27
6393 54
6394 27
6395 27
6396 54
6397 81
6398 81
6399 162
6400 3
6401 159
6402 78
6403 81
6404 51
6405 30
6406 27
6407 3
6408 24
6409 27
6410 3
6411 24
6412 27
6413 51
6414 30
6415 21
6416 15
6417 6
6418 15
6419 21
6420 12
6421 9
6422 3
6423 6
6424 9
6425 15
6426 12
6427 3
6428 3
6429 6
6430 9
6431 15
6432 6
6433 9
6434 3
6435 6
6436 9
6437 15
6438 12
6439 3
6440 3
6441 6
6442 9
6443 15
6444 6
6445 9
6446 3
6447 6
6448 9
6449 15
6450 12
6451 3
6452 15
6453 18
6454 27
6455 45
6456 12
6457 33
6458 15
6459 18
6460 3
6461 15
6462 12
6463 3
6464 3
6465 6
6466 9
6467 15
6468 6
6469 9
6470 3
6471 6
6472 9
6473 15
6474 12
6475 3
6476 15
6477 18
6478 27
6479 45
6480 6
6481 39
6482 21
6483 18
6484 9
6485 9
6486 12
6487 21
6488 3
6489 18
6490 9
6491 9
6492 6
6493 3
6494 3
6495 6
6496 3
6497 3
6498 6
6499 9
6500 3
6501 6
6502 3
6503 3
6504 6
6505 9
6506 9
6507 18
6508 9
6509 9
6510 18
6511 27
6512 3
6513 24
6514 15
6515 9
6516 6
6517 3
6518 9
6519 12
6520 3
6521 9
6522 6
6523 3
6524 3
6525 6
6526 3
6527 3
6528 6
6529 9
6530 9
6531 18
6532 9
6533 9
6534 18
6535 27
6536 9
6537 18
6538 9
6539 9
6540 18
6541 27
6542 27
6543 54
6544 9
6545 45
6546 18
6547 27
6548 9
6549 18
6550 9
6551 9
6552 18
6553 27
6554 27
6555 54
6556 27
6557 27
6558 54
6559 81
6560 9
6561 72
6562 45
6563 27
6564 18
6565 9
6566 27
6567 36
6568 9
6569 27
6570 18
6571 9
6572 9
6573 18
6574 9
6575 9
6576 18
6577 27
6578 27
6579 54
6580 27
6581 27
6582 54
6583 81
6584 27
6585 54
6586 27
6587 27
6588 54
6589 81
6590 81
6591 162
6592 9
6593 153
6594 72
6595 81
6596 45
6597 36
6598 27
6599 9
6600 18
6601 27
6602 9
6603 18
6604 27
6605 45
6606 36
6607 9
6608 9
6609 18
6610 27
6611 45
6612 18
6613 27
6614 9
6615 18
6616 9
6617 9
6618 18
6619 27
6620 9
6621 18
6622 9
6623 9
6624 18
6625 27
6626 27
6627 54
6628 27
6629 27
6630 54
6631 81
6632 27
6633 54
6634 27
6635 27
6636 54
6637 81
6638 81
6639 162
6640 27
6641 135
6642 54
6643 81
6644 27
6645 54
6646 27
6647 27
6648 54
6649 81
6650 81
6651 162
6652 81
6653 81
6654 162
6655 243
6656 3
6657 240
6658 159
6659 81
6660 78
6661 3
6662 81
6663 84
6664 51
6665 33
6666 30
6667 3
6668 27
6669 30
6670 3
6671 27
6672 24
6673 3
6674 27
6675 30
6676 3
6677 27
6678 24
6679 3
6680 27
6681 30
6682 51
6683 81
6684 30
6685 51
6686 21
6687 30
6688 15
6689 15
6690 6
6691 9
6692 15
6693 24
6694 21
6695 3
6696 12
6697 15
6698 9
6699 6
6700 3
6701 3
6702 6
6703 9
6704 9
6705 18
6706 15
6707 3
6708 12
6709 15
6710 3
6711 12
6712 3
6713 9
6714 6
6715 3
6716 9
6717 12
6718 15
6719 27
6720 6
6721 21
6722 9
6723 12
6724 3
6725 9
6726 6
6727 3
6728 9
6729 12
6730 15
6731 27
6732 12
6733 15
6734 3
6735 12
6736 3
6737 9
6738 6
6739 3
6740 9
6741 12
6742 15
6743 27
6744 6
6745 21
6746 9
6747 12
6748 3
6749 9
6750 6
6751 3
6752 9
6753 12
6754 15
6755 27
6756 12
6757 15
6758 3
6759 12
6760 15
6761 27
6762 18
6763 9
6764 27
6765 36
6766 45
6767 81
6768 12
6769 69
6770 33
6771 36
6772 15
6773 21
6774 18
6775 3
6776 3
6777 6
6778 15
6779 21
6780 12
6781 9
6782 3
6783 6
6784 3
6785 3
6786 6
6787 9
6788 9
6789 18
6790 15
6791 3
6792 6
6793 9
6794 9
6795 18
6796 3
6797 15
6798 6
6799 9
6800 9
6801 18
6802 15
6803 3
6804 12
6805 15
6806 3
6807 12
6808 15
6809 27
6810 18
6811 9
6812 27
6813 36
6814 45
6815 81
6816 6
6817 75
6818 39
6819 36
6820 21
6821 15
6822 18
6823 33
6824 9
6825 24
6826 9
6827 15
6828 12
6829 3
6830 21
6831 24
6832 3
6833 21
6834 18
6835 3
6836 9
6837 12
6838 9
6839 3
6840 6
6841 9
6842 3
6843 6
6844 3
6845 3
6846 6
6847 9
6848 3
6849 6
6850 3
6851 3
6852 6
6853 9
6854 9
6855 18
6856 3
6857 15
6858 6
6859 9
6860 3
6861 6
6862 3
6863 3
6864 6
6865 9
6866 9
6867 18
6868 9
6869 9
6870 18
6871 27
6872 9
6873 18
6874 9
6875 9
6876 18
6877 27
6878 27
6879 54
6880 3
6881 51
6882 24
6883 27
6884 15
6885 12
6886 9
6887 3
6888 6
6889 9
6890 3
6891 6
6892 9
6893 15
6894 12
6895 3
6896 3
6897 6
6898 9
6899 15
6900 6
6901 9
6902 3
6903 6
6904 3
6905 3
6906 6
6907 9
6908 3
6909 6
6910 3
6911 3
6912 6
6913 9
6914 9
6915 18
6916 9
6917 9
6918 18
6919 27
6920 9
6921 18
6922 9
6923 9
6924 18
6925 27
6926 27
6927 54
6928 9
6929 45
6930 18
6931 27
6932 9
6933 18
6934 9
6935 9
6936 18
6937 27
6938 27
6939 54
6940 27
6941 27
6942 54
6943 81
6944 9
6945 72
6946 45
6947 27
6948 18
6949 9
6950 27
6951 36
6952 9
6953 27
6954 18
6955 9
6956 9
6957 18
6958 9
6959 9
6960 18
6961 27
6962 27
6963 54
6964 27
6965 27
6966 54
6967 81
6968 27
6969 54
6970 27
6971 27
6972 54
6973 81
6974 81
6975 162
6976 9
6977 153
6978 72
6979 81
6980 45
6981 36
6982 27
6983 9
6984 18
6985 27
6986 9
6987 18
6988 27
6989 45
6990 36
6991 9
6992 9
6993 18
6994 27
6995 45
6996 18
6997 27
6998 9
6999 18
7000 9
7001 9
7002 18
7003 27
7004 9
7005 18
7006 9
7007 9
7008 18
7009 27
7010 27
7011 54
7012 27
7013 27
7014 54
7015 81
7016 27
7017 54
7018 27
7019 27
7020 54
7021 81
7022 81
7023 162
7024 27
7025 135
7026 54
7027 81
7028 27
7029 54
7030 27
7031 27
7032 54
7033 81
7034 81
7035 162
7036 81
7037 81
7038 162
7039 243
7040 9
7041 234
7042 153
7043 81
7044 72
7045 9
7046 81
7047 90
7048 45
7049 45
7050 36
7051 9
7052 27
7053 36
7054 9
7055 27
7056 18
7057 9
7058 27
7059 36
7060 9
7061 27
7062 18
7063 9
7064 27
7065 36
7066 45
7067 81
7068 36
7069 45
7070 9
7071 36
7072 9
7073 27
7074 18
7075 9
7076 27
7077 36
7078 45
7079 81
7080 18
7081 63
7082 27
7083 36
7084 9
7085 27
7086 18
7087 9
7088 9
7089 18
7090 9
7091 9
7092 18
7093 27
7094 27
7095 54
7096 9
7097 45
7098 18
7099 27
7100 9
7101 18
7102 9
7103 9
7104 18
7105 27
7106 27
7107 54
7108 27
7109 27
7110 54
7111 81
7112 27
7113 54
7114 27
7115 27
7116 54
7117 81
7118 81
7119 162
7120 27
7121 135
7122 54
7123 81
7124 27
7125 54
7126 27
7127 27
7128 54
7129 81
7130 81
7131 162
7132 81
7133 81
7134 162
7135 243
7136 27
7137 216
7138 135
7139 81
7140 54
7141 27
7142 81
7143 108
7144 27
7145 81
7146 54
7147 27
7148 27
7149 54
7150 27
7151 27
7152 54
7153 81
7154 81
7155 162
7156 81
7157 81
7158 162
7159 243
7160 81
7161 162
7162 81
7163 81
7164 162
7165 243
7166 243
7167 486
7168 3
7169 483
7170 240
7171 243
7172 159
7173 84
7174 81
7175 3
7176 78
7177 81
7178 3
7179 78
7180 81
7181 159
7182 84
7183 75
7184 51
7185 24
7186 33
7187 57
7188 30
7189 27
7190 3
7191 24
7192 27
7193 51
7194 30
7195 21
7196 3
7197 18
7198 27
7199 45
7200 24
7201 21
7202 3
7203 18
7204 27
7205 45
7206 30
7207 15
7208 3
7209 12
7210 27
7211 39
7212 24
7213 15
7214 3
7215 12
7216 27
7217 39
7218 30
7219 9
7220 51
7221 60
7222 81
7223 141
7224 30
7225 111
7226 51
7227 60
7228 21
7229 39
7230 30
7231 9
7232 15
7233 24
7234 15
7235 9
7236 6
7237 3
7238 9
7239 12
7240 15
7241 27
7242 24
7243 3
7244 21
7245 24
7246 3
7247 21
7248 12
7249 9
7250 15
7251 24
7252 9
7253 15
7254 6
7255 9
7256 3
7257 6
7258 3
7259 3
7260 6
7261 9
7262 9
7263 18
7264 9
7265 9
7266 18
7267 27
7268 15
7269 12
7270 3
7271 9
7272 12
7273 21
7274 15
7275 6
7276 3
7277 3
7278 12
7279 15
7280 3
7281 12
7282 9
7283 3
7284 6
7285 9
7286 3
7287 6
7288 9
7289 15
7290 12
7291 3
7292 15
7293 18
7294 27
7295 45
7296 6
7297 39
7298 21
7299 18
7300 9
7301 9
7302 12
7303 21
7304 3
7305 18
7306 9
7307 9
7308 6
7309 3
7310 3
7311 6
7312 9
7313 15
7314 12
7315 3
7316 15
7317 18
7318 27
7319 45
7320 12
7321 33
7322 15
7323 18
7324 3
7325 15
7326 12
7327 3
7328 3
7329 6
7330 9
7331 15
7332 6
7333 9
7334 3
7335 6
7336 9
7337 15
7338 12
7339 3
7340 15
7341 18
7342 27
7343 45
7344 6
7345 39
7346 21
7347 18
7348 9
7349 9
7350 12
7351 21
7352 3
7353 18
7354 9
7355 9
7356 6
7357 3
7358 3
7359 6
7360 9
7361 15
7362 12
7363 3
7364 15
7365 18
7366 27
7367 45
7368 12
7369 33
7370 15
7371 18
7372 3
7373 15
7374 12
7375 3
7376 15
7377 18
7378 27
7379 45
7380 18
7381 27
7382 9
7383 18
7384 27
7385 45
7386 36
7387 9
7388 45
7389 54
7390 81
7391 135
7392 12
7393 123
7394 69
7395 54
7396 33
7397 21
7398 36
7399 57
7400 15
7401 42
7402 21
7403 21
7404 18
7405 3
7406 3
7407 6
7408 3
7409 3
7410 6
7411 9
7412 15
7413 24
7414 21
7415 3
7416 12
7417 15
7418 9
7419 6
7420 3
7421 3
7422 6
7423 9
7424 3
7425 6
7426 3
7427 3
7428 6
7429 9
7430 9
7431 18
7432 9
7433 9
7434 18
7435 27
7436 15
7437 12
7438 3
7439 9
7440 6
7441 3
7442 9
7443 12
7444 9
7445 3
7446 18
7447 21
7448 3
7449 18
7450 15
7451 3
7452 6
7453 9
7454 9
7455 18
7456 9
7457 9
7458 18
7459 27
7460 15
7461 12
7462 3
7463 9
7464 12
7465 21
7466 15
7467 6
7468 3
7469 3
7470 12
7471 15
7472 15
7473 30
7474 27
7475 3
7476 18
7477 21
7478 9
7479 12
7480 27
7481 39
7482 36
7483 3
7484 45
7485 48
7486 81
7487 129
7488 6
7489 123
7490 75
7491 48
7492 39
7493 9
7494 36
7495 45
7496 21
7497 24
7498 15
7499 9
7500 18
7501 27
7502 33
7503 60
7504 9
7505 51
7506 24
7507 27
7508 9
7509 18
7510 15
7511 3
7512 12
7513 15
7514 3
7515 12
7516 21
7517 33
7518 24
7519 9
7520 3
7521 6
7522 21
7523 27
7524 18
7525 9
7526 3
7527 6
7528 9
7529 15
7530 12
7531 3
7532 9
7533 12
7534 3
7535 9
7536 6
7537 3
7538 9
7539 12
7540 3
7541 9
7542 6
7543 3
7544 3
7545 6
7546 3
7547 3
7548 6
7549 9
7550 9
7551 18
7552 3
7553 15
7554 6
7555 9
7556 3
7557 6
7558 3
7559 3
7560 6
7561 9
7562 9
7563 18
7564 9
7565 9
7566 18
7567 27
7568 3
7569 24
7570 15
7571 9
7572 6
7573 3
7574 9
7575 12
7576 3
7577 9
7578 6
7579 3
7580 3
7581 6
7582 3
7583 3
7584 6
7585 9
7586 9
7587 18
7588 9
7589 9
7590 18
7591 27
7592 9
7593 18
7594 9
7595 9
7596 18
7597 27
7598 27
7599 54
7600 9
7601 45
7602 18
7603 27
7604 9
7605 18
7606 9
7607 9
7608 18
7609 27
7610 27
7611 54
7612 27
7613 27
7614 54
7615 81
7616 3
7617 78
7618 51
7619 27
7620 24
7621 3
7622 27
7623 30
7624 15
7625 15
7626 12
7627 3
7628 9
7629 12
7630 3
7631 9
7632 6
7633 3
7634 9
7635 12
7636 3
7637 9
7638 6
7639 3
7640 9
7641 12
7642 15
7643 27
7644 12
7645 15
7646 3
7647 12
7648 3
7649 9
7650 6
7651 3
7652 9
7653 12
7654 15
7655 27
7656 6
7657 21
7658 9
7659 12
7660 3
7661 9
7662 6
7663 3
7664 3
7665 6
7666 3
7667 3
7668 6
7669 9
7670 9
7671 18
7672 3
7673 15
7674 6
7675 9
7676 3
7677 6
7678 3
7679 3
7680 6
7681 9
7682 9
7683 18
7684 9
7685 9
7686 18
7687 27
7688 9
7689 18
7690 9
7691 9
7692 18
7693 27
7694 27
7695 54
7696 9
7697 45
7698 18
7699 27
7700 9
7701 18
7702 9
7703 9
7704 18
7705 27
7706 27
7707 54
7708 27
7709 27
7710 54
7711 81
7712 9
7713 72
7714 45
7715 27
7716 18
7717 9
7718 27
7719 36
7720 9
7721 27
7722 18
7723 9
7724 9
7725 18
7726 9
7727 9
7728 18
7729 27
7730 27
7731 54
7732 27
7733 27
7734 54
7735 81
7736 27
7737 54
7738 27
7739 27
7740 54
7741 81
7742 81
7743 162
7744 9
7745 153
7746 72
7747 81
7748 45
7749 36
7750 27
7751 9
7752 18
7753 27
7754 9
7755 18
7756 27
7757 45
7758 36
7759 9
7760 9
7761 18
7762 27
7763 45
7764 18
7765 27
7766 9
7767 18
7768 9
7769 9
7770 18
7771 27
7772 9
7773 18
7774 9
7775 9
7776 18
7777 27
7778 27
7779 54
7780 27
7781 27
7782 54
7783 81
7784 27
7785 54
7786 27
7787 27
7788 54
7789 81
7790 81
7791 162
7792 27
7793 135
7794 54
7795 81
7796 27
7797 54
7798 27
7799 27
7800 54
7801 81
7802 81
7803 162
7804 81
7805 81
7806 162
7807 243
7808 9
7809 234
7810 153
7811 81
7812 72
7813 9
7814 81
7815 90
7816 45
7817 45
7818 36
7819 9
7820 27
7821 36
7822 9
7823 27
7824 18
7825 9
7826 27
7827 36
7828 9
7829 27
7830 18
7831 9
7832 27
7833 36
7834 45
7835 81
7836 36
7837 45
7838 9
7839 36
7840 9
7841 27
7842 18
7843 9
7844 27
7845 36
7846 45
7847 81
7848 18
7849 63
7850 27
7851 36
7852 9
7853 27
7854 18
7855 9
7856 9
7857 18
7858 9
7859 9
7860 18
7861 27
7862 27
7863 54
7864 9
7865 45
7866 18
7867 27
7868 9
7869 18
7870 9
7871 9
7872 18
7873 27
7874 27
7875 54
7876 27
7877 27
7878 54
7879 81
7880 27
7881 54
7882 27
7883 27
7884 54
7885 81
7886 81
7887 162
7888 27
7889 135
7890 54
7891 81
7892 27
7893 54
7894 27
7895 27
7896 54
7897 81
7898 81
7899 162
7900 81
7901 81
7902 162
7903 243
7904 27
7905 216
7906 135
7907 81
7908 54
7909 27
7910 81
7911 108
7912 27
7913 81
7914 54
7915 27
7916 27
7917 54
7918 27
7919 27
7920 54
7921 81
7922 81
7923 162
7924 81
7925 81
7926 162
7927 243
7928 81
7929 162
7930 81
7931 81
7932 162
7933 243
7934 243
7935 486
7936 9
7937 477
7938 234
7939 243
7940 153
7941 90
7942 81
7943 9
7944 72
7945 81
7946 9
7947 72
7948 81
7949 153
7950 90
7951 63
7952 45
7953 18
7954 45
7955 63
7956 36
7957 27
7958 9
7959 18
7960 27
7961 45
7962 36
7963 9
7964 9
7965 18
7966 27
7967 45
7968 18
7969 27
7970 9
7971 18
7972 27
7973 45
7974 36
7975 9
7976 9
7977 18
7978 27
7979 45
7980 18
7981 27
7982 9
7983 18
7984 27
7985 45
7986 36
7987 9
7988 45
7989 54
7990 81
7991 135
7992 36
7993 99
7994 45
7995 54
7996 9
7997 45
7998 36
7999 9
8000 9
8001 18
8002 27
8003 45
8004 18
8005 27
8006 9
8007 18
8008 27
8009 45
8010 36
8011 9
8012 45
8013 54
8014 81
8015 135
8016 18
8017 117
8018 63
8019 54
8020 27
8021 27
8022 36
8023 63
8024 9
8025 54
8026 27
8027 27
8028 18
8029 9
8030 9
8031 18
8032 9
8033 9
8034 18
8035 27
8036 9
8037 18
8038 9
8039 9
8040 18
8041 27
8042 27
8043 54
8044 27
8045 27
8046 54
8047 81
8048 9
8049 72
8050 45
8051 27
8052 18
8053 9
8054 27
8055 36
8056 9
8057 27
8058 18
8059 9
8060 9
8061 18
8062 9
8063 9
8064 18
8065 27
8066 27
8067 54
8068 27
8069 27
8070 54
8071 81
8072 27
8073 54
8074 27
8075 27
8076 54
8077 81
8078 81
8079 162
8080 27
8081 135
8082 54
8083 81
8084 27
8085 54
8086 27
8087 27
8088 54
8089 81
8090 81
8091 162
8092 81
8093 81
8094 162
8095 243
8096 27
8097 216
8098 135
8099 81
8100 54
8101 27
8102 81
8103 108
8104 27
8105 81
8106 54
8107 27
8108 27
8109 54
8110 27
8111 27
8112 54
8113 81
8114 81
8115 162
8116 81
8117 81
8118 162
8119 243
8120 81
8121 162
8122 81
8123 81
8124 162
8125 243
8126 243
8127 486
8128 27
8129 459
8130 216
8131 243
8132 135
8133 108
8134 81
8135 27
8136 54
8137 81
8138 27
8139 54
8140 81
8141 135
8142 108
8143 27
8144 27
8145 54
8146 81
8147 135
8148 54
8149 81
8150 27
8151 54
8152 27
8153 27
8154 54
8155 81
8156 27
8157 54
8158 27
8159 27
8160 54
8161 81
8162 81
8163 162
8164 81
8165 81
8166 162
8167 243
8168 81
8169 162
8170 81
8171 81
8172 162
8173 243
8174 243
8175 486
8176 81
8177 405
8178 162
8179 243
8180 81
8181 162
8182 81
8183 81
8184 162
8185 243
8186 243
8187 486
8188 243
8189 243
8190 486
8191 729
8192 1
8193 728
8194 485
8195 243
8196 242
8197 1
8198 243
8199 244
8200 161
8201 83
8202 82
8203 1
8204 81
8205 82
8206 1
8207 81
8208 80
8209 1
8210 81
8211 82
8212 1
8213 81
8214 80
8215 1
8216 81
8217 82
8218 161
8219 243
8220 82
8221 161
8222 79
8223 82
8224 53
8225 29
8226 26
8227 3
8228 29
8229 32
8230 55
8231 87
8232 28
8233 59
8234 27
8235 32
8236 1
8237 31
8238 26
8239 5
8240 27
8241 32
8242 53
8243 85
8244 28
8245 57
8246 25
8247 32
8248 1
8249 31
8250 24
8251 7
8252 27
8253 34
8254 51
8255 85
8256 26
8257 59
8258 25
8259 34
8260 1
8261 33
8262 24
8263 9
8264 27
8265 36
8266 51
8267 87
8268 28
8269 59
8270 23
8271 36
8272 1
8273 35
8274 22
8275 13
8276 27
8277 40
8278 49
8279 89
8280 26
8281 63
8282 23
8283 40
8284 1
8285 39
8286 22
8287 17
8288 27
8289 44
8290 49
8291 93
8292 28
8293 65
8294 21
8295 44
8296 53
8297 97
8298 74
8299 23
8300 81
8301 104
8302 155
8303 259
8304 28
8305 231
8306 127
8307 104
8308 53
8309 51
8310 74
8311 125
8312 25
8313 100
8314 49
8315 51
8316 28
8317 23
8318 21
8319 2
8320 17
8321 19
8322 4
8323 15
8324 11
8325 4
8326 15
8327 19
8328 8
8329 11
8330 7
8331 4
8332 3
8333 1
8334 4
8335 5
8336 11
8337 16
8338 15
8339 1
8340 14
8341 15
8342 1
8343 14
8344 19
8345 33
8346 20
8347 13
8348 33
8349 46
8350 53
8351 99
8352 10
8353 89
8354 43
8355 46
8356 23
8357 23
8358 20
8359 3
8360 9
8361 12
8362 11
8363 1
8364 14
8365 15
8366 25
8367 40
8368 1
8369 39
8370 24
8371 15
8372 13
8373 2
8374 11
8375 13
8376 8
8377 5
8378 3
8379 2
8380 5
8381 7
8382 8
8383 15
8384 9
8385 6
8386 17
8387 23
8388 14
8389 9
8390 3
8391 6
8392 17
8393 23
8394 20
8395 3
8396 31
8397 34
8398 51
8399 85
8400 10
8401 75
8402 41
8403 34
8404 21
8405 13
8406 20
8407 33
8408 7
8409 26
8410 13
8411 13
8412 14
8413 27
8414 27
8415 54
8416 1
8417 53
8418 26
8419 27
8420 13
8421 14
8422 13
8423 1
8424 6
8425 7
8426 7
8427 14
8428 7
8429 7
8430 14
8431 21
8432 9
8433 12
8434 5
8435 7
8436 16
8437 23
8438 21
8439 2
8440 15
8441 17
8442 6
8443 11
8444 1
8445 10
8446 5
8447 5
8448 8
8449 13
8450 13
8451 26
8452 9
8453 17
8454 4
8455 13
8456 7
8457 6
8458 11
8459 17
8460 2
8461 15
8462 9
8463 6
8464 1
8465 5
8466 8
8467 13
8468 1
8469 12
8470 7
8471 5
8472 6
8473 11
8474 1
8475 10
8476 7
8477 3
8478 8
8479 11
8480 9
8481 2
8482 17
8483 19
8484 16
8485 3
8486 1
8487 2
8488 15
8489 17
8490 16
8491 1
8492 1
8493 2
8494 15
8495 17
8496 10
8497 7
8498 5
8499 2
8500 11
8501 13
8502 16
8503 29
8504 5
8505 24
8506 11
8507 13
8508 6
8509 7
8510 5
8511 2
8512 1
8513 1
8514 4
8515 5
8516 5
8517 10
8518 9
8519 1
8520 4
8521 5
8522 5
8523 10
8524 1
8525 9
8526 4
8527 5
8528 9
8529 14
8530 13
8531 1
8532 10
8533 11
8534 3
8535 8
8536 13
8537 21
8538 16
8539 5
8540 23
8541 28
8542 39
8543 67
8544 8
8545 59
8546 31
8547 28
8548 15
8549 13
8550 16
8551 29
8552 5
8553 24
8554 11
8555 13
8556 10
8557 3
8558 1
8559 2
8560 1
8561 1
8562 2
8563 3
8564 9
8565 12
8566 11
8567 1
8568 4
8569 5
8570 7
8571 12
8572 5
8573 7
8574 2
8575 5
8576 9
8577 14
8578 11
8579 3
8580 14
8581 17
8582 25
8583 42
8584 13
8585 29
8586 12
8587 17
8588 1
8589 16
8590 11
8591 5
8592 10
8593 15
8594 1
8595 14
8596 11
8597 3
8598 12
8599 15
8600 3
8601 12
8602 9
8603 3
8604 8
8605 11
8606 1
8607 10
8608 17
8609 27
8610 18
8611 9
8612 25
8613 34
8614 43
8615 77
8616 20
8617 57
8618 23
8619 34
8620 5
8621 29
8622 18
8623 11
8624 27
8625 38
8626 45
8627 83
8628 32
8629 51
8630 13
8631 38
8632 47
8633 85
8634 60
8635 25
8636 79
8637 104
8638 139
8639 243
8640 10
8641 233
8642 129
8643 104
8644 69
8645 35
8646 60
8647 95
8648 37
8649 58
8650 23
8651 35
8652 32
8653 3
8654 55
8655 58
8656 17
8657 41
8658 38
8659 3
8660 15
8661 18
8662 23
8663 41
8664 20
8665 21
8666 3
8667 18
8668 35
8669 53
8670 38
8671 15
8672 7
8673 8
8674 31
8675 39
8676 28
8677 11
8678 3
8679 8
8680 13
8681 21
8682 16
8683 5
8684 15
8685 20
8686 1
8687 19
8688 10
8689 9
8690 11
8691 20
8692 5
8693 15
8694 6
8695 9
8696 3
8697 6
8698 3
8699 3
8700 2
8701 1
8702 1
8703 2
8704 5
8705 7
8706 6
8707 1
8708 7
8709 8
8710 13
8711 21
8712 8
8713 13
8714 5
8715 8
8716 15
8717 23
8718 20
8719 3
8720 5
8721 8
8722 15
8723 23
8724 10
8725 13
8726 5
8727 8
8728 3
8729 5
8730 2
8731 3
8732 7
8733 10
8734 9
8735 1
8736 2
8737 3
8738 7
8739 10
8740 5
8741 5
8742 2
8743 3
8744 1
8745 2
8746 1
8747 1
8748 4
8749 5
8750 5
8751 10
8752 3
8753 7
8754 2
8755 5
8756 1
8757 4
8758 1
8759 3
8760 4
8761 7
8762 5
8763 2
8764 5
8765 7
8766 10
8767 17
8768 5
8769 12
8770 5
8771 7
8772 10
8773 17
8774 15
8775 2
8776 9
8777 11
8778 6
8779 5
8780 1
8781 4
8782 5
8783 9
8784 8
8785 1
8786 13
8787 14
8788 9
8789 5
8790 4
8791 1
8792 1
8793 2
8794 3
8795 5
8796 8
8797 13
8798 11
8799 2
8800 7
8801 9
8802 4
8803 5
8804 1
8805 4
8806 3
8807 1
8808 8
8809 9
8810 11
8811 20
8812 9
8813 11
8814 2
8815 9
8816 1
8817 8
8818 1
8819 7
8820 8
8821 15
8822 9
8823 6
8824 7
8825 13
8826 2
8827 11
8828 1
8829 10
8830 1
8831 9
8832 4
8833 5
8834 5
8835 10
8836 5
8837 5
8838 10
8839 15
8840 3
8841 12
8842 7
8843 5
8844 2
8845 3
8846 5
8847 8
8848 5
8849 3
8850 10
8851 13
8852 7
8853 6
8854 3
8855 3
8856 8
8857 11
8858 11
8859 22
8860 15
8861 7
8862 26
8863 33
8864 3
8865 30
8866 23
8867 7
8868 12
8869 19
8870 11
8871 8
8872 5
8873 3
8874 6
8875 9
8876 7
8877 2
8878 13
8879 15
8880 2
8881 13
8882 11
8883 2
8884 5
8885 7
8886 6
8887 1
8888 3
8889 4
8890 3
8891 1
8892 2
8893 3
8894 1
8895 2
8896 1
8897 1
8898 2
8899 3
8900 1
8901 2
8902 1
8903 1
8904 2
8905 3
8906 3
8907 6
8908 3
8909 3
8910 6
8911 9
8912 1
8913 8
8914 5
8915 3
8916 2
8917 1
8918 3
8919 4
8920 1
8921 3
8922 2
8923 1
8924 1
8925 2
8926 1
8927 1
8928 2
8929 3
8930 3
8931 6
8932 3
8933 3
8934 6
8935 9
8936 3
8937 6
8938 3
8939 3
8940 6
8941 9
8942 9
8943 18
8944 3
8945 15
8946 6
8947 9
8948 3
8949 6
8950 3
8951 3
8952 6
8953 9
8954 9
8955 18
8956 9
8957 9
8958 18
8959 27
8960 3
8961 24
8962 15
8963 9
8964 6
8965 3
8966 9
8967 12
8968 3
8969 9
8970 6
8971 3
8972 3
8973 6
8974 3
8975 3
8976 6
8977 9
8978 9
8979 18
8980 9
8981 9
8982 18
8983 27
8984 9
8985 18
8986 9
8987 9
8988 18
8989 27
8990 27
8991 54
8992 5
8993 49
8994 22
8995 27
8996 13
8997 14
8998 9
8999 5
9000 4
9001 1
9002 5
9003 6
9004 9
9005 15
9006 14
9007 1
9008 1
9009 2
9010 13
9011 15
9012 8
9013 7
9014 5
9015 2
9016 3
9017 5
9018 2
9019 3
9020 5
9021 8
9022 7
9023 1
9024 4
9025 5
9026 3
9027 2
9028 1
9029 1
9030 2
9031 3
9032 7
9033 10
9034 9
9035 1
9036 8
9037 9
9038 1
9039 8
9040 5
9041 3
9042 6
9043 9
9044 3
9045 6
9046 3
9047 3
9048 2
9049 1
9050 1
9051 2
9052 1
9053 1
9054 2
9055 3
9056 1
9057 2
9058 1
9059 1
9060 2
9061 3
9062 3
9063 6
9064 1
9065 5
9066 2
9067 3
9068 1
9069 2
9070 1
9071 1
9072 4
9073 5
9074 5
9075 10
9076 5
9077 5
9078 10
9079 15
9080 5
9081 10
9082 5
9083 5
9084 10
9085 15
9086 15
9087 30
9088 1
9089 29
9090 14
9091 15
9092 9
9093 6
9094 5
9095 1
9096 4
9097 5
9098 1
9099 4
9100 5
9101 9
9102 6
9103 3
9104 3
9105 6
9106 3
9107 3
9108 2
9109 1
9110 1
9111 2
9112 1
9113 1
9114 2
9115 3
9116 1
9117 2
9118 1
9119 1
9120 2
9121 3
9122 3
9123 6
9124 3
9125 3
9126 6
9127 9
9128 3
9129 6
9130 3
9131 3
9132 6
9133 9
9134 9
9135 18
9136 1
9137 17
9138 8
9139 9
9140 5
9141 4
9142 3
9143 1
9144 2
9145 3
9146 1
9147 2
9148 3
9149 5
9150 4
9151 1
9152 3
9153 4
9154 1
9155 3
9156 6
9157 9
9158 7
9159 2
9160 5
9161 7
9162 2
9163 5
9164 1
9165 4
9166 1
9167 3
9168 4
9169 7
9170 5
9171 2
9172 5
9173 7
9174 10
9175 17
9176 1
9177 16
9178 9
9179 7
9180 4
9181 3
9182 5
9183 8
9184 5
9185 3
9186 10
9187 13
9188 9
9189 4
9190 1
9191 3
9192 6
9193 9
9194 7
9195 2
9196 3
9197 5
9198 4
9199 1
9200 9
9201 10
9202 13
9203 23
9204 12
9205 11
9206 1
9207 10
9208 15
9209 25
9210 16
9211 9
9212 27
9213 36
9214 43
9215 79
9216 2
9217 77
9218 41
9219 36
9220 25
9221 11
9222 16
9223 27
9224 13
9225 14
9226 3
9227 11
9228 12
9229 23
9230 15
9231 8
9232 7
9233 1
9234 8
9235 9
9236 5
9237 4
9238 3
9239 1
9240 6
9241 7
9242 9
9243 16
9244 11
9245 5
9246 20
9247 25
9248 3
9249 22
9250 17
9251 5
9252 8
9253 13
9254 9
9255 4
9256 3
9257 1
9258 6
9259 7
9260 5
9261 2
9262 1
9263 1
9264 4
9265 5
9266 5
9267 10
9268 1
9269 9
9270 4
9271 5
9272 7
9273 12
9274 11
9275 1
9276 8
9277 9
9278 3
9279 6
9280 1
9281 5
9282 2
9283 3
9284 7
9285 10
9286 9
9287 1
9288 6
9289 7
9290 3
9291 4
9292 1
9293 3
9294 2
9295 1
9296 3
9297 4
9298 5
9299 9
9300 4
9301 5
9302 1
9303 4
9304 3
9305 1
9306 4
9307 5
9308 1
9309 4
9310 3
9311 1
9312 2
9313 3
9314 1
9315 2
9316 3
9317 5
9318 4
9319 1
9320 1
9321 2
9322 3
9323 5
9324 2
9325 3
9326 1
9327 2
9328 1
9329 1
9330 2
9331 3
9332 1
9333 2
9334 1
9335 1
9336 2
9337 3
9338 3
9339 6
9340 3
9341 3
9342 6
9343 9
9344 3
9345 6
9346 3
9347 3
9348 6
9349 9
9350 9
9351 18
9352 5
9353 13
9354 4
9355 9
9356 1
9357 8
9358 3
9359 5
9360 4
9361 1
9362 7
9363 8
9364 5
9365 3
9366 2
9367 1
9368 1
9369 2
9370 1
9371 1
9372 4
9373 5
9374 5
9375 10
9376 5
9377 5
9378 10
9379 15
9380 9
9381 6
9382 1
9383 5
9384 6
9385 11
9386 7
9387 4
9388 3
9389 1
9390 4
9391 5
9392 9
9393 14
9394 13
9395 1
9396 12
9397 13
9398 1
9399 12
9400 15
9401 27
9402 16
9403 11
9404 27
9405 38
9406 43
9407 81
9408 4
9409 77
9410 39
9411 38
9412 23
9413 15
9414 16
9415 31
9416 11
9417 20
9418 5
9419 15
9420 12
9421 3
9422 17
9423 20
9424 5
9425 15
9426 12
9427 3
9428 7
9429 10
9430 5
9431 5
9432 6
9433 11
9434 11
9435 22
9436 1
9437 21
9438 10
9439 11
9440 1
9441 10
9442 9
9443 1
9444 2
9445 3
9446 7
9447 10
9448 5
9449 5
9450 2
9451 3
9452 7
9453 10
9454 9
9455 1
9456 4
9457 5
9458 5
9459 10
9460 3
9461 7
9462 2
9463 5
9464 1
9465 4
9466 1
9467 3
9468 2
9469 1
9470 3
9471 4
9472 1
9473 3
9474 2
9475 1
9476 1
9477 2
9478 1
9479 1
9480 2
9481 3
9482 3
9483 6
9484 3
9485 3
9486 6
9487 9
9488 3
9489 6
9490 3
9491 3
9492 6
9493 9
9494 9
9495 18
9496 5
9497 13
9498 4
9499 9
9500 1
9501 8
9502 3
9503 5
9504 2
9505 3
9506 1
9507 2
9508 3
9509 5
9510 4
9511 1
9512 3
9513 4
9514 1
9515 3
9516 6
9517 9
9518 7
9519 2
9520 1
9521 1
9522 6
9523 7
9524 5
9525 2
9526 1
9527 1
9528 2
9529 3
9530 3
9531 6
9532 3
9533 3
9534 6
9535 9
9536 3
9537 6
9538 3
9539 3
9540 6
9541 9
9542 9
9543 18
9544 5
9545 13
9546 4
9547 9
9548 1
9549 8
9550 3
9551 5
9552 4
9553 1
9554 7
9555 8
9556 5
9557 3
9558 2
9559 1
9560 1
9561 2
9562 1
9563 1
9564 4
9565 5
9566 5
9567 10
9568 5
9569 5
9570 10
9571 15
9572 9
9573 6
9574 1
9575 5
9576 6
9577 11
9578 7
9579 4
9580 3
9581 1
9582 4
9583 5
9584 9
9585 14
9586 13
9587 1
9588 12
9589 13
9590 1
9591 12
9592 15
9593 27
9594 16
9595 11
9596 27
9597 38
9598 43
9599 81
9600 2
9601 79
9602 41
9603 38
9604 25
9605 13
9606 16
9607 29
9608 13
9609 16
9610 3
9611 13
9612 12
9613 1
9614 15
9615 16
9616 7
9617 9
9618 8
9619 1
9620 5
9621 6
9622 3
9623 3
9624 6
9625 9
9626 9
9627 18
9628 11
9629 7
9630 20
9631 27
9632 3
9633 24
9634 17
9635 7
9636 8
9637 15
9638 9
9639 6
9640 3
9641 3
9642 6
9643 9
9644 5
9645 4
9646 1
9647 3
9648 4
9649 7
9650 5
9651 2
9652 1
9653 1
9654 4
9655 5
9656 7
9657 12
9658 11
9659 1
9660 8
9661 9
9662 3
9663 6
9664 1
9665 5
9666 2
9667 3
9668 7
9669 10
9670 9
9671 1
9672 6
9673 7
9674 3
9675 4
9676 1
9677 3
9678 2
9679 1
9680 3
9681 4
9682 5
9683 9
9684 4
9685 5
9686 1
9687 4
9688 3
9689 1
9690 4
9691 5
9692 1
9693 4
9694 3
9695 1
9696 2
9697 3
9698 1
9699 2
9700 3
9701 5
9702 4
9703 1
9704 1
9705 2
9706 3
9707 5
9708 2
9709 3
9710 1
9711 2
9712 1
9713 1
9714 2
9715 3
9716 1
9717 2
9718 1
9719 1
9720 2
9721 3
9722 3
9723 6
9724 3
9725 3
9726 6
9727 9
9728 3
9729 6
9730 3
9731 3
9732 6
9733 9
9734 9
9735 18
9736 5
9737 13
9738 4
9739 9
9740 1
9741 8
9742 3
9743 5
9744 4
9745 1
9746 7
9747 8
9748 5
9749 3
9750 2
9751 1
9752 1
9753 2
9754 1
9755 1
9756 4
9757 5
9758 5
9759 10
9760 5
9761 5
9762 10
9763 15
9764 9
9765 6
9766 1
9767 5
9768 6
9769 11
9770 7
9771 4
9772 3
9773 1
9774 4
9775 5
9776 9
9777 14
9778 13
9779 1
9780 12
9781 13
9782 1
9783 12
9784 15
9785 27
9786 16
9787 11
9788 27
9789 38
9790 43
9791 81
9792 4
9793 77
9794 39
9795 38
9796 23
9797 15
9798 16
9799 31
9800 11
9801 20
9802 5
9803 15
9804 12
9805 3
9806 17
9807 20
9808 5
9809 15
9810 12
9811 3
9812 7
9813 10
9814 5
9815 5
9816 6
9817 11
9818 11
9819 22
9820 1
9821 21
9822 10
9823 11
9824 1
9825 10
9826 9
9827 1
9828 2
9829 3
9830 7
9831 10
9832 5
9833 5
9834 2
9835 3
9836 7
9837 10
9838 9
9839 1
9840 4
9841 5
9842 5
9843 10
9844 3
9845 7
9846 2
9847 5
9848 1
9849 4
9850 1
9851 3
9852 2
9853 1
9854 3
9855 4
9856 5
9857 9
9858 8
9859 1
9860 7
9861 8
9862 1
9863 7
9864 6
9865 1
9866 7
9867 8
9868 1
9869 7
9870 6
9871 1
9872 9
9873 10
9874 15
9875 25
9876 10
9877 15
9878 5
9879 10
9880 15
9881 25
9882 20
9883 5
9884 25
9885 30
9886 45
9887 75
9888 6
9889 69
9890 39
9891 30
9892 19
9893 11
9894 20
9895 31
9896 9
9897 22
9898 11
9899 11
9900 10
9901 1
9902 1
9903 2
9904 3
9905 5
9906 4
9907 1
9908 7
9909 8
9910 11
9911 19
9912 6
9913 13
9914 5
9915 8
9916 1
9917 7
9918 4
9919 3
9920 9
9921 12
9922 13
9923 25
9924 10
9925 15
9926 3
9927 12
9928 15
9929 27
9930 18
9931 9
9932 25
9933 34
9934 43
9935 77
9936 12
9937 65
9938 31
9939 34
9940 13
9941 21
9942 18
9943 3
9944 3
9945 6
9946 15
9947 21
9948 10
9949 11
9950 5
9951 6
9952 15
9953 21
9954 20
9955 1
9956 25
9957 26
9958 45
9959 71
9960 18
9961 53
9962 27
9963 26
9964 7
9965 19
9966 20
9967 39
9968 27
9969 12
9970 47
9971 59
9972 34
9973 25
9974 13
9975 12
9976 45
9977 57
9978 58
9979 115
9980 79
9981 36
9982 137
9983 173
9984 4
9985 169
9986 133
9987 36
9988 75
9989 111
9990 58
9991 53
9992 41
9993 12
9994 17
9995 29
9996 34
9997 63
9998 51
9999 12
10000 23



