1 1
2 1
3 1
4 1
5 1
6 3
7 3
8 3
9 1
10 1
11 1
12 1
13 1
14 1
15 1
16 1
17 1
18 3
19 3
20 15
21 45
22 45
23 45
24 15
25 3
26 3
27 1
28 1
29 1
30 1
31 1
32 1
33 11
34 11
35 11
36 11
37 11
38 11
39 11
40 11
41 11
42 77
43 77
44 7
45 7
46 7
47 7
48 7
49 1
50 1
51 1
52 1
53 1
54 3
55 3
56 3
57 3
58 3
59 3
60 3
61 3
62 3
63 9
64 9
65 9
66 27
67 27
68 27
69 9
70 9
71 9
72 3
73 3
74 3
75 3
76 3
77 33
78 33
79 33
80 33
81 11
82 11
83 11
84 11
85 11
86 11
87 11
88 1
89 1
90 1
91 1
92 1
93 1
94 1
95 1
96 1
97 1
98 1
99 1
100 25
101 25
102 25
103 25
104 25
105 5
106 5
107 5
108 5
109 5
110 55
111 55
112 55
113 55
114 55
115 55
116 55
117 55
118 55
119 55
120 275
121 25
122 25
123 25
124 25
125 1
126 1
127 1
128 1
129 1
130 1
131 1
132 1
133 1
134 1
135 1
136 1
137 1
138 1
139 1
140 1
141 1
142 1
143 1
144 1
145 1
146 1
147 1
148 1
149 1
150 1
151 1
152 1
153 1
154 1
155 1
156 13
157 13
158 13
159 13
160 13
161 13
162 39
163 39
164 39
165 39
166 39
167 39
168 39
169 3
170 3
171 3
172 3
173 3
174 3
175 3
176 3
177 3
178 3
179 3
180 3
181 3
182 3
183 3
184 3
185 3
186 3
187 3
188 3
189 9
190 9
191 9
192 9
193 9
194 9
195 9
196 9
197 9
198 27
199 27
200 27
201 27
202 27
203 27
204 27
205 27
206 27
207 9
208 9
209 9
210 9
211 9
212 9
213 9
214 9
215 9
216 3
217 3
218 3
219 3
220 3
221 3
222 3
223 3
224 3
225 3
226 3
227 3
228 3
229 3
230 3
231 3
232 3
233 3
234 3
235 3
236 3
237 3
238 3
239 3
240 3
241 3
242 3
243 1
244 1
245 1
246 1
247 1
248 1
249 1
250 1
251 1
252 1
253 1
254 1
255 1
256 1
257 1
258 1
259 1
260 1
261 1
262 1
263 1
264 1
265 1
266 1
267 1
268 1
269 1
270 1
271 1
272 17
273 17
274 17
275 17
276 17
277 17
278 17
279 17
280 17
281 17
282 17
283 17
284 17
285 17
286 17
287 17
288 17
289 1
290 1
291 1
292 1
293 1
294 49
295 49
296 49
297 49
298 49
299 49
300 49
301 7
302 7
303 7
304 7
305 7
306 7
307 7
308 7
309 7
310 7
311 7
312 7
313 7
314 7
315 7
316 7
317 7
318 7
319 7
320 7
321 7
322 7
323 7
324 7
325 7
326 7
327 7
328 7
329 7
330 7
331 7
332 7
333 7
334 7
335 7
336 49
337 49
338 49
339 49
340 49
341 49
342 931
343 19
344 19
345 19
346 19
347 19
348 19
349 19
350 19
351 19
352 19
353 19
354 19
355 19
356 19
357 19
358 19
359 19
360 19
361 1
362 1
363 11
364 11
365 11
366 11
367 11
368 11
369 11
370 11
371 11
372 11
373 11
374 11
375 11
376 11
377 319
378 319
379 319
380 319
381 319
382 319
383 319
384 319
385 319
386 319
387 319
388 319
389 319
390 319
391 319
392 319
393 319
394 319
395 319
396 319
397 319
398 319
399 319
400 319
401 319
402 319
403 319
404 319
405 319
406 11
407 11
408 11
409 11
410 11
411 11
412 11
413 11
414 11
415 11
416 11
417 11
418 11
419 11
420 11
421 11
422 11
423 11
424 11
425 11
426 11
427 11
428 11
429 11
430 11
431 11
432 11
433 11
434 11
435 319
436 319
437 319
438 319
439 319
440 319
441 319
442 319
443 319
444 319
445 319
446 319
447 319
448 319
449 319
450 319
451 319
452 319
453 319
454 319
455 319
456 319
457 319
458 319
459 319
460 319
461 319
462 319
463 319
464 11
465 11
466 11
467 11
468 11
469 11
470 11
471 11
472 11
473 11
474 11
475 11
476 11
477 11
478 11
479 11
480 11
481 11
482 11
483 11
484 1
485 1
486 3
487 3
488 3
489 3
490 3
491 3
492 3
493 3
494 3
495 3
496 3
497 3
498 3
499 3
500 75
501 75
502 75
503 75
504 75
505 75
506 1725
507 1725
508 1725
509 1725
510 1725
511 1725
512 1725
513 1725
514 1725
515 1725
516 1725
517 1725
518 1725
519 1725
520 1725
521 1725
522 1725
523 1725
524 1725
525 345
526 345
527 345
528 345
529 15
530 15
531 15
532 15
533 15
534 15
535 15
536 15
537 15
538 15
539 15
540 15
541 15
542 15
543 15
544 15
545 15
546 15
547 15
548 15
549 15
550 15
551 15
552 15
553 15
554 15
555 15
556 15
557 15
558 15
559 645
560 645
561 645
562 645
563 645
564 645
565 645
566 645
567 1935
568 1935
569 1935
570 1935
571 1935
572 1935
573 1935
574 1935
575 1935
576 1935
577 1935
578 1935
579 1935
580 1935
581 1935
582 1935
583 1935
584 1935
585 1935
586 1935
587 1935
588 1935
589 1935
590 1935
591 1935
592 1935
593 1935
594 5805
595 5805
596 5805
597 5805
598 5805
599 5805
600 29025
601 29025
602 675
603 675
604 675
605 675
606 675
607 675
608 675
609 675
610 41175
611 41175
612 41175
613 41175
614 41175
615 41175
616 41175
617 41175
618 41175
619 41175
620 41175
621 13725
622 13725
623 13725
624 13725
625 549
626 549
627 549
628 549
629 20313
630 20313
631 20313
632 20313
633 20313
634 20313
635 20313
636 20313
637 20313
638 20313
639 20313
640 20313
641 20313
642 20313
643 20313
644 20313
645 20313
646 20313
647 20313
648 6771
649 6771
650 6771
651 6771
652 6771
653 6771
654 6771
655 6771
656 6771
657 6771
658 6771
659 6771
660 6771
661 6771
662 6771
663 6771
664 6771
665 6771
666 183
667 183
668 183
669 183
670 183
671 3
672 3
673 3
674 3
675 3
676 3
677 3
678 3
679 3
680 3
681 3
682 3
683 3
684 3
685 411
686 411
687 411
688 411
689 411
690 411
691 411
692 411
693 411
694 411
695 411
696 411
697 411
698 411
699 411
700 411
701 411
702 411
703 15207
704 15207
705 15207
706 15207
707 15207
708 15207
709 15207
710 15207
711 15207
712 15207
713 15207
714 15207
715 15207
716 15207
717 15207
718 15207
719 15207
720 15207
721 15207
722 15207
723 15207
724 15207
725 15207
726 15207
727 15207
728 15207
729 5069
730 5069
731 5069
732 5069
733 5069
734 5069
735 5069
736 5069
737 5069
738 5069
739 5069
740 137
741 137
742 137
743 137
744 137
745 137
746 137
747 137
748 137
749 137
750 137
751 137
752 137
753 137
754 137
755 137
756 137
757 137
758 137
759 137
760 137
761 137
762 137
763 137
764 137
765 137
766 137
767 137
768 137
769 137
770 137
771 137
772 137
773 137
774 137
775 137
776 137
777 137
778 137
779 137
780 137
781 137
782 137
783 137
784 137
785 137
786 137
787 137
788 137
789 137
790 137
791 137
792 137
793 137
794 137
795 137
796 137
797 137
798 137
799 137
800 137
801 137
802 137
803 137
804 137
805 137
806 137
807 137
808 137
809 137
810 137
811 137
812 3973
813 3973
814 3973
815 3973
816 3973
817 3973
818 3973
819 3973
820 3973
821 3973
822 29
823 29
824 29
825 29
826 29
827 29
828 29
829 29
830 29
831 29
832 29
833 29
834 29
835 29
836 29
837 29
838 29
839 29
840 29
841 1
842 1
843 1
844 1
845 1
846 1
847 121
848 121
849 121
850 121
851 121
852 121
853 121
854 121
855 121
856 121
857 121
858 11
859 11
860 11
861 11
862 11
863 11
864 11
865 11
866 11
867 11
868 11
869 11
870 11
871 11
872 11
873 11
874 11
875 11
876 11
877 11
878 11
879 11
880 121
881 121
882 121
883 121
884 121
885 121
886 121
887 121
888 121
889 121
890 121
891 11
892 11
893 11
894 11
895 11
896 11
897 11
898 11
899 11
900 11
901 11
902 11
903 11
904 11
905 11
906 11
907 11
908 11
909 11
910 11
911 11
912 11
913 11
914 11
915 11
916 11
917 11
918 11
919 11
920 11
921 11
922 11
923 11
924 121
925 121
926 121
927 121
928 121
929 121
930 3751
931 3751
932 3751
933 3751
934 3751
935 341
936 341
937 341
938 341
939 341
940 341
941 341
942 341
943 341
944 341
945 341
946 341
947 341
948 341
949 341
950 341
951 341
952 341
953 341
954 341
955 341
956 341
957 3751
958 3751
959 3751
960 3751
961 121
962 121
963 121
964 121
965 121
966 121
967 121
968 1
969 1
970 1
971 1
972 1
973 1
974 1
975 1
976 1
977 1
978 1
979 1
980 1
981 1
982 1
983 1
984 1
985 1
986 1
987 1
988 1
989 1
990 1
991 1
992 1
993 1
994 1
995 1
996 1
997 1
998 1
999 1
1000 1
1001 1
1002 1
1003 1
1004 1
1005 1
1006 1
1007 1
1008 1
1009 1
1010 1
1011 1
1012 1
1013 1
1014 1
1015 1
1016 1
1017 1
1018 1
1019 1
1020 1
1021 1
1022 1
1023 1
1024 1
1025 1
1026 1
1027 1
1028 1
1029 1
1030 1
1031 1
1032 1
1033 1
1034 1
1035 1
1036 1
1037 1
1038 1
1039 1
1040 1
1041 1
1042 1
1043 1
1044 1
1045 1
1046 1
1047 1
1048 1
1049 1
1050 1
1051 1
1052 1
1053 1
1054 1
1055 1
1056 1
1057 1
1058 1
1059 1
1060 1
1061 1
1062 1
1063 1
1064 1
1065 1
1066 1
1067 97
1068 97
1069 97
1070 97
1071 97
1072 97
1073 97
1074 97
1075 97
1076 97
1077 97
1078 97
1079 97
1080 97
1081 97
1082 97
1083 97
1084 97
1085 97
1086 97
1087 97
1088 97
1089 97
1090 97
1091 97
1092 97
1093 97
1094 97
1095 97
1096 97
1097 97
1098 97
1099 97
1100 97
1101 97
1102 97
1103 97
1104 97
1105 97
1106 97
1107 97
1108 97
1109 97
1110 97
1111 97
1112 97
1113 97
1114 97
1115 97
1116 97
1117 97
1118 97
1119 97
1120 97
1121 97
1122 97
1123 97
1124 97
1125 97
1126 97
1127 97
1128 97
1129 97
1130 97
1131 97
1132 97
1133 97
1134 97
1135 97
1136 97
1137 97
1138 97
1139 97
1140 97
1141 97
1142 97
1143 97
1144 97
1145 97
1146 97
1147 97
1148 97
1149 97
1150 97
1151 97
1152 97
1153 97
1154 97
1155 97
1156 97
1157 97
1158 97
1159 97
1160 97
1161 97
1162 97
1163 97
1164 1
1165 1
1166 53
1167 53
1168 53
1169 53
1170 53
1171 53
1172 53
1173 53
1174 53
1175 53
1176 53
1177 53
1178 53
1179 53
1180 53
1181 53
1182 53
1183 53
1184 53
1185 53
1186 53
1187 53
1188 53
1189 53
1190 53
1191 53
1192 53
1193 53
1194 53
1195 53
1196 53
1197 53
1198 53
1199 53
1200 53
1201 53
1202 53
1203 53
1204 53
1205 53
1206 53
1207 53
1208 53
1209 53
1210 6413
1211 6413
1212 6413
1213 6413
1214 6413
1215 6413
1216 6413
1217 6413
1218 6413
1219 121
1220 121
1221 11
1222 11
1223 11
1224 11
1225 11
1226 11
1227 11
1228 11
1229 11
1230 11
1231 11
1232 11
1233 11
1234 11
1235 11
1236 11
1237 11
1238 11
1239 11
1240 11
1241 11
1242 11
1243 121
1244 121
1245 121
1246 121
1247 5203
1248 5203
1249 5203
1250 5203
1251 5203
1252 5203
1253 5203
1254 473
1255 473
1256 473
1257 473
1258 473
1259 473
1260 473
1261 473
1262 473
1263 473
1264 473
1265 473
1266 473
1267 473
1268 473
1269 473
1270 473
1271 473
1272 473
1273 473
1274 473
1275 473
1276 473
1277 473
1278 473
1279 473
1280 473
1281 473
1282 473
1283 473
1284 473
1285 473
1286 473
1287 5203
1288 5203
1289 5203
1290 121
1291 121
1292 121
1293 121
1294 121
1295 121
1296 121
1297 121
1298 11
1299 11
1300 11
1301 11
1302 11
1303 11
1304 11
1305 11
1306 11
1307 11
1308 11
1309 11
1310 11
1311 11
1312 11
1313 11
1314 11
1315 11
1316 11
1317 11
1318 11
1319 11
1320 121
1321 121
1322 121
1323 121
1324 121
1325 121
1326 121
1327 121
1328 121
1329 121
1330 121
1331 1
1332 37
1333 37
1334 37
1335 37
1336 37
1337 37
1338 37
1339 37
1340 37
1341 37
1342 37
1343 37
1344 37
1345 37
1346 37
1347 37
1348 37
1349 37
1350 37
1351 37
1352 37
1353 37
1354 37
1355 37
1356 37
1357 37
1358 37
1359 37
1360 37
1361 37
1362 37
1363 37
1364 37
1365 37
1366 37
1367 37
1368 37
1369 1
1370 1
1371 1
1372 1
1373 1
1374 1
1375 1
1376 1
1377 1
1378 1
1379 1
1380 1
1381 1
1382 1
1383 1
1384 1
1385 1
1386 1
1387 1
1388 1
1389 1
1390 1
1391 1
1392 1
1393 1
1394 1
1395 1
1396 1
1397 1
1398 1
1399 1
1400 1
1401 1
1402 1
1403 1
1404 1
1405 1
1406 1
1407 1
1408 1
1409 1
1410 1
1411 1
1412 1
1413 1
1414 1
1415 1
1416 1
1417 1
1418 1
1419 1
1420 1
1421 1
1422 1
1423 1
1424 1
1425 1
1426 1
1427 1
1428 1
1429 1
1430 1
1431 1
1432 1
1433 1
1434 1
1435 1
1436 1
1437 1
1438 1
1439 1
1440 1
1441 1
1442 1
1443 1
1444 1
1445 1
1446 1
1447 1
1448 1
1449 1
1450 1
1451 1
1452 1
1453 1
1454 1
1455 1
1456 1
1457 1
1458 3
1459 3
1460 3
1461 3
1462 3
1463 3
1464 3
1465 3
1466 3
1467 3
1468 3
1469 3
1470 3
1471 3
1472 3
1473 3
1474 3
1475 3
1476 3
1477 3
1478 3
1479 3
1480 3
1481 3
1482 3
1483 3
1484 3
1485 3
1486 3
1487 3
1488 3
1489 3
1490 3
1491 3
1492 3
1493 3
1494 3
1495 3
1496 3
1497 3
1498 3
1499 3
1500 3
1501 3
1502 3
1503 3
1504 3
1505 3
1506 3
1507 3
1508 3
1509 3
1510 3
1511 3
1512 3
1513 3
1514 3
1515 3
1516 3
1517 3
1518 3
1519 3
1520 3
1521 3
1522 3
1523 3
1524 3
1525 3
1526 3
1527 3
1528 3
1529 3
1530 3
1531 3
1532 3
1533 3
1534 3
1535 3
1536 3
1537 3
1538 3
1539 3
1540 3
1541 3
1542 3
1543 3
1544 3
1545 3
1546 3
1547 3
1548 3
1549 3
1550 3
1551 3
1552 3
1553 3
1554 3
1555 3
1556 3
1557 3
1558 3
1559 3
1560 3
1561 3
1562 3
1563 3
1564 3
1565 3
1566 3
1567 3
1568 3
1569 3
1570 3
1571 3
1572 3
1573 3
1574 3
1575 3
1576 3
1577 3
1578 3
1579 3
1580 3
1581 3
1582 3
1583 3
1584 3
1585 3
1586 3
1587 3
1588 3
1589 3
1590 159
1591 159
1592 159
1593 159
1594 159
1595 159
1596 159
1597 159
1598 159
1599 159
1600 159
1601 159
1602 159
1603 159
1604 159
1605 159
1606 159
1607 159
1608 159
1609 159
1610 159
1611 159
1612 159
1613 159
1614 159
1615 159
1616 159
1617 159
1618 159
1619 159
1620 159
1621 159
1622 159
1623 159
1624 159
1625 159
1626 159
1627 159
1628 159
1629 159
1630 159
1631 159
1632 159
1633 159
1634 159
1635 159
1636 159
1637 159
1638 159
1639 159
1640 6519
1641 6519
1642 6519
1643 123
1644 123
1645 123
1646 123
1647 123
1648 123
1649 123
1650 123
1651 123
1652 123
1653 123
1654 123
1655 123
1656 123
1657 123
1658 123
1659 123
1660 123
1661 123
1662 123
1663 123
1664 123
1665 123
1666 123
1667 123
1668 123
1669 123
1670 123
1671 123
1672 123
1673 123
1674 123
1675 123
1676 123
1677 123
1678 123
1679 123
1680 123
1681 3
1682 3
1683 3
1684 3
1685 3
1686 3
1687 3
1688 3
1689 3
1690 3
1691 3
1692 3
1693 3
1694 3
1695 3
1696 3
1697 3
1698 3
1699 3
1700 3
1701 9
1702 9
1703 9
1704 9
1705 9
1706 9
1707 9
1708 9
1709 9
1710 9
1711 9
1712 9
1713 9
1714 9
1715 9
1716 9
1717 9
1718 9
1719 9
1720 9
1721 9
1722 9
1723 9
1724 9
1725 9
1726 9
1727 9
1728 9
1729 9
1730 9
1731 9
1732 9
1733 9
1734 9
1735 9
1736 9
1737 9
1738 9
1739 9
1740 9
1741 9
1742 9
1743 9
1744 9
1745 9
1746 9
1747 9
1748 9
1749 9
1750 9
1751 9
1752 9
1753 9
1754 9
1755 9
1756 9
1757 9
1758 9
1759 9
1760 9
1761 9
1762 9
1763 9
1764 9
1765 9
1766 9
1767 9
1768 9
1769 9
1770 9
1771 9
1772 9
1773 9
1774 9
1775 9
1776 9
1777 9
1778 9
1779 9
1780 9
1781 9
1782 27
1783 27
1784 27
1785 27
1786 27
1787 27
1788 27
1789 27
1790 27
1791 27
1792 27
1793 27
1794 27
1795 27
1796 27
1797 27
1798 27
1799 27
1800 27
1801 27
1802 27
1803 27
1804 27
1805 27
1806 1161
1807 1161
1808 1161
1809 1161
1810 1161
1811 1161
1812 1161
1813 1161
1814 1161
1815 1161
1816 1161
1817 1161
1818 1161
1819 1161
1820 1161
1821 1161
1822 1161
1823 1161
1824 1161
1825 1161
1826 1161
1827 1161
1828 1161
1829 1161
1830 1161
1831 1161
1832 1161
1833 1161
1834 1161
1835 1161
1836 1161
1837 1161
1838 1161
1839 1161
1840 1161
1841 1161
1842 1161
1843 1161
1844 1161
1845 1161
1846 1161
1847 1161
1848 1161
1849 27
1850 27
1851 27
1852 27
1853 27
1854 27
1855 27
1856 27
1857 27
1858 27
1859 27
1860 27
1861 27
1862 27
1863 9
1864 9
1865 9
1866 9
1867 9
1868 9
1869 9
1870 9
1871 9
1872 9
1873 9
1874 9
1875 9
1876 9
1877 9
1878 9
1879 9
1880 9
1881 9
1882 9
1883 9
1884 9
1885 9
1886 9
1887 9
1888 9
1889 9
1890 9
1891 9
1892 9
1893 9
1894 9
1895 9
1896 9
1897 9
1898 9
1899 9
1900 9
1901 9
1902 9
1903 9
1904 9
1905 9
1906 9
1907 9
1908 9
1909 9
1910 9
1911 9
1912 9
1913 9
1914 9
1915 9
1916 9
1917 9
1918 9
1919 9
1920 9
1921 9
1922 9
1923 9
1924 9
1925 9
1926 9
1927 9
1928 9
1929 9
1930 9
1931 9
1932 9
1933 9
1934 9
1935 9
1936 9
1937 9
1938 9
1939 9
1940 9
1941 9
1942 9
1943 9
1944 3
1945 3
1946 3
1947 3
1948 3
1949 3
1950 3
1951 3
1952 3
1953 3
1954 3
1955 3
1956 3
1957 3
1958 3
1959 3
1960 3
1961 3
1962 3
1963 3
1964 3
1965 3
1966 3
1967 3
1968 3
1969 3
1970 3
1971 3
1972 3
1973 3
1974 3
1975 3
1976 3
1977 3
1978 3
1979 3
1980 3
1981 3
1982 3
1983 3
1984 3
1985 3
1986 3
1987 3
1988 3
1989 3
1990 3
1991 3
1992 3
1993 3
1994 3
1995 3
1996 3
1997 3
1998 3
1999 3
2000 3
2001 3
2002 3
2003 3
2004 3
2005 3
2006 3
2007 3
2008 3
2009 3
2010 3
2011 3
2012 3
2013 3
2014 3
2015 3
2016 3
2017 3
2018 3
2019 3
2020 3
2021 3
2022 3
2023 3
2024 3
2025 3
2026 3
2027 3
2028 507
2029 507
2030 507
2031 507
2032 507
2033 507
2034 507
2035 507
2036 507
2037 507
2038 507
2039 507
2040 507
2041 39
2042 39
2043 39
2044 39
2045 39
2046 39
2047 39
2048 39
2049 39
2050 39
2051 39
2052 39
2053 39
2054 39
2055 39
2056 39
2057 39
2058 1911
2059 1911
2060 1911
2061 1911
2062 1911
2063 1911
2064 1911
2065 13377
2066 13377
2067 13377
2068 13377
2069 13377
2070 13377
2071 13377
2072 1911
2073 1911
2074 1911
2075 1911
2076 1911
2077 1911
2078 1911
2079 1911
2080 1911
2081 1911
2082 1911
2083 1911
2084 1911
2085 1911
2086 1911
2087 1911
2088 1911
2089 1911
2090 1911
2091 1911
2092 1911
2093 13377
2094 13377
2095 13377
2096 13377
2097 13377
2098 13377
2099 13377
2100 1911
2101 1911
2102 1911
2103 1911
2104 1911
2105 1911
2106 1911
2107 273
2108 273
2109 273
2110 273
2111 273
2112 273
2113 273
2114 273
2115 273
2116 273
2117 273
2118 273
2119 273
2120 273
2121 273
2122 273
2123 273
2124 273
2125 273
2126 273
2127 273
2128 273
2129 273
2130 273
2131 273
2132 273
2133 273
2134 273
2135 273
2136 273
2137 273
2138 273
2139 273
2140 273
2141 273
2142 273
2143 273
2144 273
2145 273
2146 273
2147 273
2148 273
2149 273
2150 273
2151 273
2152 273
2153 273
2154 273
2155 273
2156 273
2157 273
2158 273
2159 273
2160 273
2161 273
2162 12831
2163 12831
2164 12831
2165 12831
2166 12831
2167 12831
2168 12831
2169 12831
2170 12831
2171 12831
2172 12831
2173 12831
2174 12831
2175 12831
2176 12831
2177 12831
2178 12831
2179 12831
2180 12831
2181 12831
2182 12831
2183 12831
2184 166803
2185 166803
2186 166803
2187 55601
2188 55601
2189 55601
2190 55601
2191 55601
2192 55601
2193 55601
2194 55601
2195 55601
2196 55601
2197 329
2198 329
2199 329
2200 329
2201 329
2202 329
2203 329
2204 329
2205 329
2206 329
2207 329
2208 329
2209 7
2210 7
2211 7
2212 7
2213 7
2214 7
2215 7
2216 7
2217 7
2218 7
2219 7
2220 7
2221 7
2222 7
2223 7
2224 7
2225 7
2226 7
2227 7
2228 7
2229 7
2230 7
2231 7
2232 7
2233 7
2234 7
2235 7
2236 7
2237 7
2238 7
2239 7
2240 7
2241 7
2242 7
2243 7
2244 7
2245 7
2246 7
2247 7
2248 7
2249 7
2250 7
2251 7
2252 7
2253 7
2254 7
2255 7
2256 7
2257 7
2258 7
2259 7
2260 7
2261 7
2262 7
2263 7
2264 7
2265 7
2266 7
2267 7
2268 7
2269 7
2270 7
2271 7
2272 7
2273 7
2274 7
2275 7
2276 7
2277 7
2278 7
2279 7
2280 7
2281 7
2282 7
2283 7
2284 7
2285 7
2286 7
2287 7
2288 7
2289 7
2290 7
2291 7
2292 7
2293 7
2294 7
2295 7
2296 7
2297 7
2298 7
2299 7
2300 7
2301 7
2302 7
2303 7
2304 7
2305 7
2306 7
2307 7
2308 7
2309 7
2310 7
2311 7
2312 7
2313 7
2314 7
2315 7
2316 7
2317 7
2318 7
2319 7
2320 7
2321 7
2322 7
2323 7
2324 7
2325 7
2326 7
2327 7
2328 7
2329 7
2330 7
2331 7
2332 7
2333 7
2334 7
2335 7
2336 7
2337 7
2338 7
2339 7
2340 7
2341 7
2342 7
2343 7
2344 7
2345 7
2346 7
2347 7
2348 7
2349 7
2350 7
2351 7
2352 49
2353 49
2354 49
2355 49
2356 49
2357 49
2358 49
2359 343
2360 343
2361 343
2362 343
2363 343
2364 343
2365 343
2366 49
2367 49
2368 49
2369 49
2370 49
2371 49
2372 49
2373 49
2374 49
2375 49
2376 49
2377 49
2378 49
2379 49
2380 49
2381 49
2382 49
2383 49
2384 49
2385 49
2386 49
2387 343
2388 343
2389 343
2390 343
2391 343
2392 343
2393 343
2394 49
2395 49
2396 49
2397 49
2398 49
2399 49
2400 49
2401 1
2402 1
2403 1
2404 1
2405 1
2406 1
2407 1
2408 1
2409 1
2410 1
2411 1
2412 1
2413 1
2414 1
2415 1
2416 1
2417 1
2418 1
2419 1
2420 1
2421 1
2422 1
2423 1
2424 1
2425 1
2426 1
2427 1
2428 1
2429 1
2430 1
2431 1
2432 1
2433 1
2434 1
2435 1
2436 1
2437 1
2438 1
2439 1
2440 1
2441 1
2442 1
2443 1
2444 1
2445 1
2446 1
2447 1
2448 1
2449 1
2450 1
2451 1
2452 1
2453 1
2454 1
2455 1
2456 1
2457 1
2458 1
2459 1
2460 1
2461 1
2462 1
2463 1
2464 1
2465 1
2466 1
2467 1
2468 1
2469 1
2470 1
2471 1
2472 1
2473 1
2474 1
2475 1
2476 1
2477 1
2478 1
2479 1
2480 1
2481 1
2482 1
2483 1
2484 1
2485 1
2486 1
2487 1
2488 1
2489 1
2490 1
2491 1
2492 1
2493 1
2494 1
2495 1
2496 1
2497 1
2498 1
2499 1
2500 25
2501 25
2502 25
2503 25
2504 25
2505 25
2506 25
2507 25
2508 25
2509 25
2510 25
2511 25
2512 25
2513 25
2514 25
2515 25
2516 25
2517 25
2518 25
2519 25
2520 25
2521 25
2522 25
2523 25
2524 25
2525 25
2526 25
2527 25
2528 25
2529 25
2530 25
2531 25
2532 25
2533 25
2534 25
2535 25
2536 25
2537 25
2538 25
2539 25
2540 25
2541 25
2542 25
2543 25
2544 25
2545 25
2546 25
2547 25
2548 25
2549 25
2550 25
2551 25
2552 25
2553 25
2554 25
2555 25
2556 25
2557 25
2558 25
2559 25
2560 25
2561 25
2562 25
2563 25
2564 25
2565 25
2566 25
2567 25
2568 25
2569 25
2570 25
2571 25
2572 25
2573 25
2574 25
2575 25
2576 25
2577 25
2578 25
2579 25
2580 25
2581 25
2582 25
2583 25
2584 25
2585 25
2586 25
2587 25
2588 25
2589 25
2590 25
2591 25
2592 25
2593 25
2594 25
2595 25
2596 25
2597 25
2598 25
2599 25
2600 25
2601 25
2602 25
2603 25
2604 25
2605 25
2606 25
2607 25
2608 25
2609 25
2610 25
2611 25
2612 25
2613 25
2614 25
2615 25
2616 25
2617 25
2618 25
2619 25
2620 25
2621 25
2622 25
2623 25
2624 25
2625 5
2626 5
2627 5
2628 5
2629 5
2630 5
2631 5
2632 5
2633 5
2634 5
2635 5
2636 5
2637 5
2638 5
2639 5
2640 5
2641 5
2642 5
2643 5
2644 5
2645 5
2646 5
2647 5
2648 5
2649 5
2650 5
2651 5
2652 5
2653 5
2654 5
2655 5
2656 5
2657 5
2658 5
2659 5
2660 5
2661 5
2662 5
2663 5
2664 5
2665 5
2666 5
2667 5
2668 5
2669 5
2670 5
2671 5
2672 5
2673 5
2674 5
2675 5
2676 5
2677 5
2678 5
2679 5
2680 5
2681 5
2682 5
2683 5
2684 5
2685 5
2686 5
2687 5
2688 5
2689 5
2690 5
2691 5
2692 5
2693 5
2694 5
2695 5
2696 5
2697 5
2698 5
2699 5
2700 5
2701 5
2702 5
2703 5
2704 5
2705 5
2706 5
2707 5
2708 5
2709 5
2710 5
2711 5
2712 5
2713 5
2714 5
2715 5
2716 5
2717 5
2718 5
2719 5
2720 5
2721 5
2722 5
2723 5
2724 5
2725 545
2726 545
2727 545
2728 545
2729 545
2730 545
2731 545
2732 545
2733 545
2734 545
2735 545
2736 545
2737 545
2738 545
2739 545
2740 545
2741 545
2742 545
2743 545
2744 545
2745 545
2746 545
2747 545
2748 545
2749 545
2750 545
2751 545
2752 545
2753 545
2754 545
2755 545
2756 28885
2757 28885
2758 28885
2759 28885
2760 28885
2761 28885
2762 28885
2763 28885
2764 28885
2765 28885
2766 28885
2767 28885
2768 28885
2769 28885
2770 28885
2771 28885
2772 28885
2773 28885
2774 28885
2775 28885
2776 28885
2777 28885
2778 28885
2779 28885
2780 28885
2781 28885
2782 28885
2783 28885
2784 28885
2785 28885
2786 28885
2787 28885
2788 28885
2789 28885
2790 28885
2791 28885
2792 28885
2793 28885
2794 28885
2795 28885
2796 28885
2797 28885
2798 28885
2799 28885
2800 28885
2801 28885
2802 28885
2803 28885
2804 28885
2805 28885
2806 28885
2807 28885
2808 28885
2809 545
2810 545
2811 545
2812 545
2813 545
2814 545
2815 545
2816 545
2817 545
2818 545
2819 545
2820 545
2821 545
2822 545
2823 545
2824 545
2825 545
2826 545
2827 545
2828 545
2829 545
2830 545
2831 545
2832 545
2833 545
2834 5
2835 5
2836 5
2837 5
2838 5
2839 5
2840 5
2841 5
2842 5
2843 5
2844 5
2845 5
2846 5
2847 5
2848 5
2849 5
2850 5
2851 5
2852 5
2853 5
2854 5
2855 5
2856 5
2857 5
2858 5
2859 5
2860 5
2861 5
2862 5
2863 5
2864 5
2865 5
2866 5
2867 5
2868 5
2869 5
2870 5
2871 5
2872 5
2873 5
2874 5
2875 5
2876 5
2877 5
2878 5
2879 5
2880 5
2881 5
2882 5
2883 5
2884 5
2885 5
2886 5
2887 5
2888 5
2889 5
2890 5
2891 5
2892 5
2893 5
2894 5
2895 5
2896 5
2897 5
2898 5
2899 5
2900 5
2901 5
2902 5
2903 5
2904 5
2905 5
2906 5
2907 5
2908 5
2909 5
2910 5
2911 5
2912 5
2913 5
2914 5
2915 5
2916 5
2917 5
2918 5
2919 5
2920 5
2921 5
2922 5
2923 5
2924 5
2925 5
2926 5
2927 5
2928 5
2929 5
2930 5
2931 5
2932 5
2933 5
2934 5
2935 5
2936 5
2937 5
2938 5
2939 5
2940 5
2941 5
2942 5
2943 5
2944 5
2945 5
2946 5
2947 5
2948 5
2949 5
2950 5
2951 5
2952 5
2953 5
2954 5
2955 5
2956 5
2957 5
2958 5
2959 5
2960 5
2961 5
2962 5
2963 5
2964 5
2965 5
2966 5
2967 5
2968 5
2969 5
2970 5
2971 5
2972 5
2973 5
2974 5
2975 5
2976 5
2977 5
2978 5
2979 5
2980 5
2981 5
2982 5
2983 5
2984 5
2985 5
2986 5
2987 5
2988 5
2989 5
2990 5
2991 5
2992 5
2993 5
2994 5
2995 5
2996 5
2997 5
2998 5
2999 5
3000 25
3001 25
3002 25
3003 25
3004 25
3005 25
3006 25
3007 25
3008 25
3009 25
3010 25
3011 25
3012 25
3013 25
3014 25
3015 25
3016 25
3017 25
3018 25
3019 25
3020 25
3021 25
3022 25
3023 25
3024 25
3025 25
3026 25
3027 25
3028 25
3029 25
3030 25
3031 25
3032 25
3033 25
3034 25
3035 25
3036 25
3037 25
3038 25
3039 25
3040 25
3041 25
3042 25
3043 25
3044 25
3045 25
3046 25
3047 25
3048 25
3049 25
3050 1525
3051 1525
3052 1525
3053 1525
3054 1525
3055 1525
3056 1525
3057 1525
3058 1525
3059 1525
3060 1525
3061 1525
3062 1525
3063 1525
3064 1525
3065 1525
3066 1525
3067 1525
3068 1525
3069 1525
3070 1525
3071 1525
3072 1525
3073 1525
3074 1525
3075 1525
3076 1525
3077 1525
3078 1525
3079 1525
3080 1525
3081 1525
3082 1525
3083 1525
3084 1525
3085 1525
3086 1525
3087 1525
3088 1525
3089 1525
3090 1525
3091 1525
3092 1525
3093 1525
3094 1525
3095 1525
3096 1525
3097 1525
3098 1525
3099 1525
3100 1525
3101 1525
3102 1525
3103 1525
3104 1525
3105 1525
3106 1525
3107 1525
3108 1525
3109 1525
3110 1525
3111 25
3112 25
3113 25
3114 25
3115 25
3116 25
3117 25
3118 25
3119 25
3120 25
3121 25
3122 25
3123 25
3124 25
3125 1
3126 1
3127 1
3128 1
3129 1
3130 1
3131 1
3132 1
3133 1
3134 1
3135 1
3136 1
3137 1
3138 1
3139 1
3140 1
3141 1
3142 1
3143 1
3144 1
3145 1
3146 1
3147 1
3148 1
3149 1
3150 1
3151 1
3152 1
3153 1
3154 1
3155 1
3156 1
3157 1
3158 1
3159 1
3160 1
3161 1
3162 1
3163 1
3164 1
3165 1
3166 1
3167 1
3168 1
3169 1
3170 1
3171 1
3172 1
3173 1
3174 1
3175 1
3176 1
3177 1
3178 1
3179 1
3180 1
3181 1
3182 1
3183 1
3184 1
3185 1
3186 1
3187 1
3188 1
3189 1
3190 1
3191 1
3192 1
3193 1
3194 1
3195 1
3196 1
3197 1
3198 1
3199 1
3200 1
3201 1
3202 1
3203 1
3204 1
3205 1
3206 1
3207 1
3208 1
3209 1
3210 1
3211 1
3212 1
3213 1
3214 1
3215 1
3216 1
3217 1
3218 1
3219 1
3220 1
3221 1
3222 1
3223 1
3224 1
3225 1
3226 1
3227 1
3228 1
3229 1
3230 1
3231 1
3232 1
3233 1
3234 1
3235 1
3236 1
3237 1
3238 1
3239 1
3240 1
3241 1
3242 1
3243 1
3244 1
3245 1
3246 1
3247 1
3248 1
3249 1
3250 1
3251 1
3252 1
3253 1
3254 1
3255 1
3256 1
3257 1
3258 1
3259 1
3260 1
3261 1
3262 1
3263 1
3264 1
3265 1
3266 1
3267 1
3268 1
3269 1
3270 1
3271 1
3272 1
3273 1
3274 1
3275 1
3276 1
3277 1
3278 1
3279 1
3280 1
3281 1
3282 1
3283 1
3284 1
3285 1
3286 1
3287 1
3288 1
3289 1
3290 1
3291 1
3292 1
3293 1
3294 1
3295 1
3296 1
3297 1
3298 1
3299 1
3300 1
3301 1
3302 1
3303 1
3304 1
3305 1
3306 1
3307 1
3308 1
3309 1
3310 1
3311 1
3312 1
3313 1
3314 1
3315 1
3316 1
3317 1
3318 1
3319 1
3320 1
3321 1
3322 1
3323 1
3324 1
3325 1
3326 1
3327 1
3328 1
3329 1
3330 1
3331 1
3332 1
3333 1
3334 1
3335 1
3336 1
3337 1
3338 1
3339 1
3340 1
3341 1
3342 1
3343 1
3344 1
3345 1
3346 1
3347 1
3348 1
3349 1
3350 1
3351 1
3352 1
3353 1
3354 1
3355 1
3356 1
3357 1
3358 1
3359 1
3360 1
3361 1
3362 1
3363 1
3364 1
3365 1
3366 1
3367 1
3368 1
3369 1
3370 1
3371 1
3372 1
3373 1
3374 1
3375 1
3376 1
3377 1
3378 1
3379 109
3380 109
3381 109
3382 109
3383 109
3384 109
3385 109
3386 109
3387 109
3388 109
3389 109
3390 109
3391 109
3392 109
3393 109
3394 109
3395 109
3396 109
3397 109
3398 109
3399 109
3400 109
3401 109
3402 109
3403 109
3404 109
3405 109
3406 109
3407 109
3408 109
3409 109
3410 109
3411 109
3412 109
3413 109
3414 109
3415 109
3416 109
3417 109
3418 109
3419 109
3420 109
3421 109
3422 6431
3423 6431
3424 6431
3425 6431
3426 6431
3427 6431
3428 6431
3429 6431
3430 6431
3431 6431
3432 6431
3433 6431
3434 6431
3435 6431
3436 6431
3437 6431
3438 6431
3439 6431
3440 6431
3441 6431
3442 6431
3443 6431
3444 6431
3445 6431
3446 6431
3447 6431
3448 6431
3449 6431
3450 6431
3451 6431
3452 6431
3453 6431
3454 6431
3455 6431
3456 6431
3457 6431
3458 6431
3459 6431
3460 6431
3461 6431
3462 6431
3463 6431
3464 6431
3465 6431
3466 6431
3467 6431
3468 6431
3469 6431
3470 6431
3471 6431
3472 6431
3473 6431
3474 6431
3475 6431
3476 6431
3477 6431
3478 6431
3479 6431
3480 6431
3481 109
3482 109
3483 109
3484 109
3485 109
3486 109
3487 109
3488 1
3489 1
3490 1
3491 1
3492 1
3493 1
3494 1
3495 1
3496 1
3497 1
3498 1
3499 1
3500 1
3501 1
3502 1
3503 1
3504 1
3505 1
3506 1
3507 1
3508 1
3509 1
3510 1
3511 1
3512 1
3513 1
3514 1
3515 1
3516 1
3517 1
3518 1
3519 1
3520 1
3521 1
3522 1
3523 1
3524 1
3525 1
3526 1
3527 1
3528 1
3529 1
3530 1
3531 1
3532 1
3533 1
3534 1
3535 1
3536 1
3537 1
3538 1
3539 1
3540 1
3541 1
3542 1
3543 1
3544 1
3545 1
3546 1
3547 1
3548 1
3549 1
3550 1
3551 1
3552 1
3553 1
3554 1
3555 1
3556 1
3557 1
3558 1
3559 1
3560 1
3561 1
3562 1
3563 1
3564 1
3565 1
3566 1
3567 1
3568 1
3569 1
3570 1
3571 1
3572 1
3573 1
3574 1
3575 1
3576 1
3577 1
3578 1
3579 1
3580 1
3581 1
3582 1
3583 1
3584 1
3585 1
3586 1
3587 1
3588 1
3589 1
3590 1
3591 1
3592 1
3593 1
3594 1
3595 1
3596 1
3597 1
3598 1
3599 1
3600 1
3601 1
3602 1
3603 1
3604 1
3605 1
3606 1
3607 1
3608 1
3609 1
3610 1
3611 1
3612 1
3613 1
3614 1
3615 1
3616 1
3617 1
3618 1
3619 1
3620 1
3621 1
3622 1
3623 1
3624 1
3625 1
3626 1
3627 1
3628 1
3629 1
3630 1
3631 1
3632 1
3633 1
3634 1
3635 1
3636 1
3637 1
3638 1
3639 1
3640 1
3641 1
3642 1
3643 1
3644 1
3645 1
3646 1
3647 1
3648 1
3649 1
3650 1
3651 1
3652 1
3653 1
3654 1
3655 1
3656 1
3657 1
3658 1
3659 1
3660 61
3661 61
3662 61
3663 61
3664 61
3665 61
3666 61
3667 61
3668 61
3669 61
3670 61
3671 61
3672 61
3673 61
3674 61
3675 61
3676 61
3677 61
3678 61
3679 61
3680 61
3681 61
3682 61
3683 61
3684 61
3685 61
3686 61
3687 61
3688 61
3689 61
3690 61
3691 61
3692 61
3693 61
3694 61
3695 61
3696 61
3697 61
3698 61
3699 61
3700 61
3701 61
3702 61
3703 61
3704 61
3705 61
3706 61
3707 61
3708 61
3709 61
3710 61
3711 61
3712 61
3713 61
3714 61
3715 61
3716 61
3717 61
3718 61
3719 61
3720 61
3721 1
3722 1
3723 1
3724 1
3725 1
3726 1
3727 1
3728 1
3729 1
3730 1
3731 1
3732 1
3733 1
3734 1
3735 1
3736 1
3737 1
3738 1
3739 1
3740 1
3741 1
3742 1
3743 1
3744 1
3745 1
3746 1
3747 1
3748 1
3749 1
3750 1
3751 1
3752 1
3753 1
3754 1
3755 1
3756 1
3757 1
3758 1
3759 1
3760 1
3761 1
3762 1
3763 1
3764 1
3765 1
3766 1
3767 1
3768 1
3769 1
3770 1
3771 1
3772 1
3773 1
3774 1
3775 1
3776 1
3777 1
3778 1
3779 1
3780 1
3781 1
3782 1
3783 1
3784 1
3785 1
3786 1
3787 1
3788 1
3789 1
3790 1
3791 1
3792 1
3793 1
3794 1
3795 1
3796 1
3797 1
3798 1
3799 1
3800 1
3801 1
3802 1
3803 1
3804 1
3805 1
3806 1
3807 1
3808 1
3809 1
3810 1
3811 1
3812 1
3813 1
3814 1
3815 1
3816 1
3817 1
3818 1
3819 1
3820 1
3821 1
3822 1
3823 1
3824 1
3825 1
3826 1
3827 1
3828 1
3829 1
3830 1
3831 1
3832 1
3833 1
3834 1
3835 1
3836 1
3837 1
3838 1
3839 1
3840 1
3841 1
3842 1
3843 1
3844 1
3845 1
3846 1
3847 1
3848 1
3849 1
3850 1
3851 1
3852 1
3853 1
3854 1
3855 1
3856 1
3857 1
3858 1
3859 1
3860 1
3861 1
3862 1
3863 1
3864 1
3865 1
3866 1
3867 1
3868 1
3869 1
3870 1
3871 1
3872 1
3873 1
3874 1
3875 1
3876 1
3877 1
3878 1
3879 1
3880 1
3881 1
3882 1
3883 1
3884 1
3885 1
3886 1
3887 1
3888 1
3889 1
3890 1
3891 1
3892 1
3893 1
3894 1
3895 1
3896 1
3897 1
3898 1
3899 1
3900 1
3901 1
3902 1
3903 1
3904 1
3905 1
3906 1
3907 1
3908 1
3909 1
3910 1
3911 1
3912 1
3913 1
3914 1
3915 1
3916 1
3917 1
3918 1
3919 1
3920 1
3921 1
3922 1
3923 1
3924 1
3925 1
3926 1
3927 1
3928 1
3929 1
3930 1
3931 1
3932 1
3933 1
3934 1
3935 1
3936 1
3937 1
3938 1
3939 1
3940 1
3941 1
3942 1
3943 1
3944 1
3945 1
3946 1
3947 1
3948 1
3949 1
3950 1
3951 1
3952 1
3953 1
3954 1
3955 1
3956 1
3957 1
3958 1
3959 1
3960 1
3961 1
3962 1
3963 1
3964 1
3965 1
3966 1
3967 1
3968 1
3969 1
3970 1
3971 1
3972 1
3973 1
3974 1
3975 1
3976 1
3977 1
3978 1
3979 1
3980 1
3981 1
3982 1
3983 1
3984 1
3985 1
3986 1
3987 1
3988 1
3989 1
3990 1
3991 1
3992 1
3993 11
3994 11
3995 11
3996 11
3997 11
3998 11
3999 11
4000 11
4001 11
4002 11
4003 11
4004 11
4005 11
4006 11
4007 11
4008 11
4009 11
4010 11
4011 11
4012 11
4013 11
4014 11
4015 11
4016 11
4017 11
4018 11
4019 11
4020 11
4021 11
4022 11
4023 11
4024 11
4025 11
4026 11
4027 11
4028 11
4029 11
4030 11
4031 11
4032 11
4033 11
4034 11
4035 11
4036 11
4037 11
4038 11
4039 11
4040 11
4041 11
4042 11
4043 11
4044 11
4045 11
4046 11
4047 11
4048 11
4049 11
4050 11
4051 11
4052 11
4053 11
4054 11
4055 11
4056 11
4057 11
4058 11
4059 11
4060 11
4061 11
4062 11
4063 11
4064 11
4065 11
4066 11
4067 11
4068 11
4069 11
4070 11
4071 11
4072 11
4073 11
4074 11
4075 11
4076 11
4077 11
4078 11
4079 11
4080 11
4081 11
4082 11
4083 11
4084 11
4085 11
4086 11
4087 11
4088 11
4089 11
4090 11
4091 11
4092 11
4093 11
4094 11
4095 11
4096 11
4097 11
4098 11
4099 11
4100 11
4101 11
4102 11
4103 11
4104 11
4105 11
4106 11
4107 11
4108 11
4109 11
4110 11
4111 11
4112 11
4113 11
4114 11
4115 11
4116 11
4117 11
4118 11
4119 11
4120 11
4121 11
4122 11
4123 11
4124 11
4125 11
4126 11
4127 11
4128 11
4129 11
4130 11
4131 11
4132 11
4133 11
4134 11
4135 11
4136 11
4137 11
4138 11
4139 11
4140 11
4141 11
4142 11
4143 11
4144 11
4145 11
4146 11
4147 11
4148 11
4149 11
4150 11
4151 11
4152 11
4153 11
4154 11
4155 11
4156 11
4157 11
4158 11
4159 11
4160 11
4161 11
4162 11
4163 11
4164 11
4165 11
4166 11
4167 11
4168 11
4169 11
4170 11
4171 11
4172 11
4173 11
4174 11
4175 11
4176 11
4177 11
4178 11
4179 11
4180 11
4181 11
4182 11
4183 11
4184 11
4185 11
4186 11
4187 11
4188 11
4189 11
4190 11
4191 11
4192 11
4193 11
4194 11
4195 11
4196 11
4197 11
4198 11
4199 11
4200 11
4201 11
4202 11
4203 11
4204 11
4205 11
4206 11
4207 11
4208 11
4209 11
4210 11
4211 11
4212 11
4213 11
4214 11
4215 11
4216 11
4217 11
4218 11
4219 11
4220 11
4221 11
4222 11
4223 11
4224 11
4225 11
4226 11
4227 11
4228 11
4229 11
4230 11
4231 11
4232 11
4233 11
4234 11
4235 11
4236 11
4237 11
4238 11
4239 11
4240 11
4241 11
4242 11
4243 11
4244 11
4245 11
4246 11
4247 11
4248 11
4249 11
4250 11
4251 11
4252 11
4253 11
4254 11
4255 11
4256 11
4257 11
4258 11
4259 11
4260 11
4261 11
4262 11
4263 11
4264 11
4265 11
4266 11
4267 11
4268 11
4269 11
4270 11
4271 11
4272 11
4273 11
4274 11
4275 11
4276 11
4277 11
4278 11
4279 11
4280 11
4281 11
4282 11
4283 11
4284 11
4285 11
4286 11
4287 11
4288 11
4289 11
4290 11
4291 11
4292 11
4293 11
4294 11
4295 11
4296 11
4297 11
4298 11
4299 11
4300 11
4301 11
4302 11
4303 11
4304 11
4305 11
4306 11
4307 11
4308 11
4309 11
4310 11
4311 11
4312 11
4313 11
4314 11
4315 11
4316 11
4317 11
4318 11
4319 11
4320 11
4321 11
4322 11
4323 11
4324 11
4325 11
4326 11
4327 11
4328 11
4329 11
4330 11
4331 11
4332 11
4333 11
4334 11
4335 11
4336 11
4337 11
4338 11
4339 11
4340 11
4341 11
4342 11
4343 11
4344 11
4345 11
4346 11
4347 11
4348 11
4349 11
4350 11
4351 11
4352 11
4353 11
4354 11
4355 11
4356 11
4357 11
4358 11
4359 11
4360 11
4361 11
4362 11
4363 11
4364 11
4365 11
4366 11
4367 11
4368 11
4369 11
4370 11
4371 11
4372 11
4373 11
4374 33
4375 33
4376 33
4377 33
4378 33
4379 33
4380 33
4381 33
4382 33
4383 33
4384 33
4385 33
4386 33
4387 33
4388 33
4389 33
4390 33
4391 33
4392 33
4393 33
4394 33
4395 33
4396 33
4397 33
4398 33
4399 33
4400 33
4401 33
4402 33
4403 33
4404 33
4405 33
4406 33
4407 33
4408 33
4409 33
4410 33
4411 33
4412 33
4413 33
4414 33
4415 33
4416 33
4417 33
4418 33
4419 33
4420 33
4421 33
4422 2211
4423 2211
4424 2211
4425 2211
4426 2211
4427 2211
4428 2211
4429 2211
4430 2211
4431 2211
4432 2211
4433 2211
4434 2211
4435 2211
4436 2211
4437 2211
4438 2211
4439 2211
4440 2211
4441 2211
4442 2211
4443 2211
4444 2211
4445 2211
4446 2211
4447 2211
4448 2211
4449 2211
4450 2211
4451 2211
4452 2211
4453 2211
4454 2211
4455 2211
4456 2211
4457 2211
4458 2211
4459 2211
4460 2211
4461 2211
4462 2211
4463 2211
4464 2211
4465 2211
4466 2211
4467 2211
4468 2211
4469 2211
4470 2211
4471 2211
4472 2211
4473 2211
4474 2211
4475 2211
4476 2211
4477 2211
4478 2211
4479 2211
4480 2211
4481 2211
4482 2211
4483 2211
4484 2211
4485 2211
4486 2211
4487 2211
4488 2211
4489 33
4490 33
4491 33
4492 33
4493 33
4494 33
4495 33
4496 33
4497 33
4498 33
4499 33
4500 33
4501 33
4502 33
4503 33
4504 33
4505 33
4506 33
4507 33
4508 33
4509 33
4510 33
4511 33
4512 33
4513 33
4514 33
4515 33
4516 33
4517 33
4518 33
4519 33
4520 33
4521 33
4522 33
4523 33
4524 33
4525 33
4526 33
4527 33
4528 33
4529 33
4530 33
4531 33
4532 33
4533 33
4534 33
4535 33
4536 33
4537 33
4538 33
4539 33
4540 33
4541 33
4542 33
4543 33
4544 33
4545 33
4546 33
4547 33
4548 33
4549 33
4550 33
4551 33
4552 33
4553 33
4554 33
4555 33
4556 33
4557 33
4558 33
4559 33
4560 33
4561 33
4562 33
4563 33
4564 33
4565 33
4566 33
4567 33
4568 33
4569 33
4570 33
4571 33
4572 33
4573 33
4574 33
4575 33
4576 33
4577 33
4578 33
4579 33
4580 33
4581 33
4582 33
4583 33
4584 33
4585 33
4586 33
4587 33
4588 33
4589 33
4590 33
4591 33
4592 33
4593 33
4594 33
4595 33
4596 33
4597 33
4598 33
4599 33
4600 33
4601 33
4602 33
4603 33
4604 33
4605 33
4606 33
4607 33
4608 33
4609 33
4610 33
4611 33
4612 33
4613 33
4614 33
4615 33
4616 33
4617 33
4618 33
4619 33
4620 33
4621 33
4622 33
4623 33
4624 9537
4625 9537
4626 9537
4627 9537
4628 9537
4629 9537
4630 9537
4631 9537
4632 9537
4633 9537
4634 9537
4635 9537
4636 9537
4637 9537
4638 9537
4639 9537
4640 9537
4641 561
4642 561
4643 561
4644 561
4645 561
4646 561
4647 561
4648 561
4649 561
4650 561
4651 561
4652 561
4653 561
4654 561
4655 561
4656 561
4657 561
4658 561
4659 561
4660 561
4661 561
4662 561
4663 561
4664 561
4665 561
4666 561
4667 561
4668 561
4669 561
4670 561
4671 561
4672 561
4673 561
4674 561
4675 561
4676 561
4677 561
4678 561
4679 561
4680 561
4681 561
4682 561
4683 561
4684 561
4685 561
4686 561
4687 561
4688 561
4689 561
4690 561
4691 561
4692 561
4693 561
4694 561
4695 561
4696 561
4697 561
4698 561
4699 561
4700 561
4701 561
4702 561
4703 561
4704 561
4705 561
4706 561
4707 561
4708 561
4709 561
4710 561
4711 561
4712 561
4713 561
4714 561
4715 561
4716 561
4717 561
4718 561
4719 561
4720 561
4721 561
4722 561
4723 561
4724 561
4725 561
4726 561
4727 561
4728 561
4729 561
4730 561
4731 561
4732 561
4733 561
4734 561
4735 561
4736 561
4737 561
4738 561
4739 561
4740 561
4741 561
4742 561
4743 561
4744 561
4745 561
4746 561
4747 561
4748 561
4749 561
4750 561
4751 561
4752 561
4753 561
4754 561
4755 561
4756 561
4757 561
4758 561
4759 561
4760 561
4761 561
4762 561
4763 561
4764 561
4765 561
4766 561
4767 561
4768 561
4769 561
4770 561
4771 561
4772 561
4773 561
4774 561
4775 561
4776 561
4777 561
4778 561
4779 561
4780 561
4781 561
4782 561
4783 561
4784 561
4785 561
4786 561
4787 561
4788 561
4789 561
4790 561
4791 561
4792 561
4793 561
4794 561
4795 561
4796 61149
4797 61149
4798 61149
4799 61149
4800 61149
4801 61149
4802 61149
4803 61149
4804 61149
4805 61149
4806 61149
4807 61149
4808 61149
4809 61149
4810 61149
4811 61149
4812 61149
4813 61149
4814 61149
4815 61149
4816 61149
4817 61149
4818 61149
4819 61149
4820 61149
4821 61149
4822 61149
4823 61149
4824 61149
4825 61149
4826 61149
4827 61149
4828 61149
4829 61149
4830 61149
4831 61149
4832 61149
4833 61149
4834 61149
4835 61149
4836 61149
4837 61149
4838 61149
4839 61149
4840 61149
4841 61149
4842 61149
4843 61149
4844 61149
4845 61149
4846 61149
4847 61149
4848 61149
4849 61149
4850 61149
4851 61149
4852 61149
4853 61149
4854 61149
4855 61149
4856 61149
4857 61149
4858 61149
4859 61149
4860 61149
4861 61149
4862 61149
4863 61149
4864 61149
4865 61149
4866 61149
4867 61149
4868 61149
4869 61149
4870 61149
4871 61149
4872 61149
4873 61149
4874 61149
4875 61149
4876 61149
4877 61149
4878 61149
4879 61149
4880 61149
4881 61149
4882 61149
4883 61149
4884 61149
4885 61149
4886 61149
4887 61149
4888 61149
4889 61149
4890 61149
4891 61149
4892 61149
4893 61149
4894 61149
4895 61149
4896 1039533
4897 1039533
4898 1039533
4899 1039533
4900 1039533
4901 1039533
4902 1039533
4903 1039533
4904 1039533
4905 9537
4906 9537
4907 9537
4908 9537
4909 9537
4910 9537
4911 9537
4912 9537
4913 33
4914 33
4915 33
4916 33
4917 33
4918 33
4919 33
4920 33
4921 33
4922 33
4923 33
4924 33
4925 33
4926 33
4927 33
4928 33
4929 33
4930 33
4931 33
4932 33
4933 33
4934 33
4935 33
4936 33
4937 33
4938 33
4939 33
4940 33
4941 33
4942 33
4943 33
4944 33
4945 33
4946 33
4947 33
4948 33
4949 33
4950 33
4951 33
4952 33
4953 33
4954 33
4955 33
4956 33
4957 33
4958 33
4959 33
4960 33
4961 33
4962 33
4963 33
4964 33
4965 33
4966 33
4967 33
4968 33
4969 33
4970 2343
4971 2343
4972 2343
4973 2343
4974 2343
4975 2343
4976 2343
4977 2343
4978 2343
4979 2343
4980 2343
4981 2343
4982 2343
4983 2343
4984 2343
4985 2343
4986 2343
4987 2343
4988 2343
4989 2343
4990 2343
4991 2343
4992 2343
4993 2343
4994 531861
4995 531861
4996 531861
4997 531861
4998 531861
4999 531861
5000 531861
5001 531861
5002 531861
5003 531861
5004 531861
5005 531861
5006 531861
5007 531861
5008 531861
5009 531861
5010 531861
5011 531861
5012 531861
5013 531861
5014 531861
5015 531861
5016 531861
5017 531861
5018 531861
5019 531861
5020 531861
5021 531861
5022 531861
5023 531861
5024 531861
5025 531861
5026 531861
5027 531861
5028 531861
5029 531861
5030 531861
5031 531861
5032 531861
5033 531861
5034 531861
5035 531861
5036 531861
5037 531861
5038 531861
5039 531861
5040 531861
5041 7491
5042 7491
5043 7491
5044 7491
5045 7491
5046 7491
5047 7491
5048 7491
5049 7491
5050 7491
5051 7491
5052 7491
5053 7491
5054 7491
5055 7491
5056 7491
5057 7491
5058 7491
5059 7491
5060 7491
5061 7491
5062 7491
5063 7491
5064 7491
5065 7491
5066 7491
5067 7491
5068 7491
5069 7491
5070 7491
5071 7491
5072 7491
5073 7491
5074 7491
5075 7491
5076 7491
5077 7491
5078 7491
5079 7491
5080 7491
5081 7491
5082 7491
5083 7491
5084 7491
5085 7491
5086 7491
5087 7491
5088 7491
5089 7491
5090 7491
5091 7491
5092 7491
5093 7491
5094 7491
5095 7491
5096 7491
5097 7491
5098 7491
5099 7491
5100 7491
5101 7491
5102 7491
5103 22473
5104 22473
5105 22473
5106 22473
5107 22473
5108 22473
5109 22473
5110 22473
5111 22473
5112 22473
5113 22473
5114 22473
5115 22473
5116 22473
5117 22473
5118 22473
5119 22473
5120 22473
5121 22473
5122 22473
5123 22473
5124 22473
5125 22473
5126 22473
5127 22473
5128 22473
5129 22473
5130 22473
5131 22473
5132 22473
5133 22473
5134 22473
5135 22473
5136 22473
5137 22473
5138 22473
5139 22473
5140 22473
5141 22473
5142 22473
5143 22473
5144 22473
5145 22473
5146 22473
5147 22473
5148 22473
5149 22473
5150 22473
5151 22473
5152 22473
5153 22473
5154 22473
5155 22473
5156 22473
5157 22473
5158 22473
5159 22473
5160 22473
5161 22473
5162 22473
5163 22473
5164 22473
5165 22473
5166 22473
5167 22473
5168 22473
5169 22473
5170 22473
5171 22473
5172 22473
5173 22473
5174 22473
5175 22473
5176 22473
5177 22473
5178 22473
5179 22473
5180 22473
5181 22473
5182 22473
5183 22473
5184 22473
5185 22473
5186 22473
5187 22473
5188 22473
5189 22473
5190 22473
5191 22473
5192 22473
5193 22473
5194 22473
5195 22473
5196 22473
5197 22473
5198 22473
5199 22473
5200 22473
5201 22473
5202 22473
5203 22473
5204 22473
5205 22473
5206 22473
5207 22473
5208 22473
5209 22473
5210 22473
5211 22473
5212 22473
5213 22473
5214 22473
5215 22473
5216 22473
5217 22473
5218 22473
5219 22473
5220 22473
5221 99
5222 99
5223 99
5224 99
5225 99
5226 99
5227 99
5228 99
5229 99
5230 99
5231 99
5232 99
5233 99
5234 99
5235 99
5236 99
5237 99
5238 99
5239 99
5240 99
5241 99
5242 99
5243 99
5244 99
5245 99
5246 99
5247 99
5248 99
5249 99
5250 99
5251 99
5252 99
5253 99
5254 99
5255 99
5256 7227
5257 7227
5258 7227
5259 7227
5260 7227
5261 7227
5262 7227
5263 7227
5264 7227
5265 7227
5266 7227
5267 7227
5268 7227
5269 7227
5270 7227
5271 7227
5272 7227
5273 7227
5274 7227
5275 7227
5276 7227
5277 7227
5278 7227
5279 7227
5280 7227
5281 7227
5282 7227
5283 7227
5284 7227
5285 7227
5286 7227
5287 7227
5288 7227
5289 7227
5290 7227
5291 7227
5292 7227
5293 7227
5294 7227
5295 7227
5296 7227
5297 7227
5298 7227
5299 7227
5300 7227
5301 7227
5302 7227
5303 7227
5304 7227
5305 7227
5306 7227
5307 7227
5308 7227
5309 7227
5310 7227
5311 7227
5312 7227
5313 7227
5314 7227
5315 7227
5316 7227
5317 7227
5318 7227
5319 7227
5320 7227
5321 7227
5322 7227
5323 7227
5324 657
5325 657
5326 657
5327 657
5328 657
5329 9
5330 9
5331 9
5332 9
5333 9
5334 9
5335 9
5336 9
5337 9
5338 9
5339 9
5340 9
5341 9
5342 9
5343 9
5344 9
5345 9
5346 27
5347 27
5348 27
5349 27
5350 27
5351 27
5352 27
5353 27
5354 27
5355 27
5356 27
5357 27
5358 27
5359 27
5360 27
5361 27
5362 27
5363 27
5364 27
5365 27
5366 27
5367 27
5368 27
5369 27
5370 27
5371 27
5372 27
5373 27
5374 27
5375 27
5376 27
5377 27
5378 27
5379 27
5380 27
5381 27
5382 27
5383 27
5384 27
5385 27
5386 27
5387 27
5388 27
5389 27
5390 27
5391 27
5392 27
5393 27
5394 27
5395 27
5396 27
5397 27
5398 27
5399 27
5400 27
5401 27
5402 27
5403 27
5404 27
5405 27
5406 27
5407 27
5408 27
5409 27
5410 27
5411 27
5412 27
5413 27
5414 27
5415 27
5416 27
5417 27
5418 27
5419 27
5420 27
5421 27
5422 27
5423 27
5424 27
5425 27
5426 27
5427 27
5428 27
5429 27
5430 27
5431 27
5432 27
5433 27
5434 27
5435 27
5436 27
5437 27
5438 27
5439 27
5440 27
5441 27
5442 27
5443 27
5444 27
5445 27
5446 27
5447 27
5448 27
5449 27
5450 27
5451 27
5452 27
5453 27
5454 27
5455 27
5456 27
5457 27
5458 27
5459 27
5460 27
5461 27
5462 27
5463 27
5464 27
5465 27
5466 27
5467 27
5468 27
5469 27
5470 27
5471 27
5472 27
5473 27
5474 27
5475 27
5476 27
5477 27
5478 27
5479 27
5480 27
5481 27
5482 27
5483 27
5484 27
5485 27
5486 27
5487 27
5488 27
5489 27
5490 27
5491 27
5492 27
5493 27
5494 27
5495 27
5496 27
5497 27
5498 27
5499 27
5500 27
5501 27
5502 27
5503 27
5504 27
5505 27
5506 27
5507 27
5508 27
5509 27
5510 27
5511 27
5512 27
5513 27
5514 27
5515 27
5516 27
5517 27
5518 27
5519 27
5520 27
5521 27
5522 27
5523 27
5524 27
5525 27
5526 27
5527 27
5528 27
5529 27
5530 27
5531 27
5532 27
5533 27
5534 27
5535 27
5536 27
5537 27
5538 27
5539 27
5540 27
5541 27
5542 27
5543 27
5544 27
5545 27
5546 27
5547 27
5548 27
5549 27
5550 27
5551 27
5552 27
5553 27
5554 27
5555 27
5556 27
5557 27
5558 27
5559 27
5560 27
5561 27
5562 27
5563 27
5564 27
5565 27
5566 27
5567 27
5568 27
5569 27
5570 27
5571 27
5572 27
5573 27
5574 27
5575 27
5576 27
5577 27
5578 27
5579 27
5580 27
5581 27
5582 27
5583 27
5584 27
5585 27
5586 27
5587 27
5588 27
5589 9
5590 9
5591 9
5592 9
5593 9
5594 9
5595 9
5596 9
5597 9
5598 9
5599 9
5600 9
5601 9
5602 9
5603 9
5604 9
5605 9
5606 9
5607 9
5608 9
5609 9
5610 9
5611 9
5612 9
5613 9
5614 9
5615 9
5616 9
5617 9
5618 9
5619 9
5620 9
5621 9
5622 9
5623 9
5624 9
5625 9
5626 9
5627 9
5628 9
5629 9
5630 9
5631 9
5632 9
5633 9
5634 9
5635 9
5636 9
5637 9
5638 9
5639 9
5640 9
5641 9
5642 9
5643 9
5644 9
5645 9
5646 9
5647 9
5648 9
5649 9
5650 9
5651 9
5652 9
5653 9
5654 9
5655 9
5656 9
5657 9
5658 9
5659 9
5660 9
5661 9
5662 9
5663 9
5664 9
5665 9
5666 9
5667 9
5668 9
5669 9
5670 9
5671 9
5672 9
5673 9
5674 9
5675 9
5676 9
5677 9
5678 9
5679 9
5680 9
5681 9
5682 9
5683 9
5684 9
5685 9
5686 9
5687 9
5688 9
5689 9
5690 9
5691 9
5692 9
5693 9
5694 9
5695 9
5696 9
5697 9
5698 9
5699 9
5700 9
5701 9
5702 9
5703 9
5704 9
5705 9
5706 9
5707 9
5708 9
5709 9
5710 9
5711 9
5712 9
5713 9
5714 9
5715 9
5716 9
5717 9
5718 9
5719 9
5720 9
5721 9
5722 9
5723 9
5724 9
5725 9
5726 9
5727 9
5728 9
5729 9
5730 9
5731 9
5732 9
5733 9
5734 9
5735 9
5736 9
5737 9
5738 9
5739 9
5740 9
5741 9
5742 9
5743 9
5744 9
5745 9
5746 9
5747 9
5748 9
5749 9
5750 9
5751 9
5752 9
5753 9
5754 9
5755 9
5756 9
5757 9
5758 9
5759 9
5760 9
5761 9
5762 9
5763 9
5764 9
5765 9
5766 9
5767 9
5768 9
5769 9
5770 9
5771 9
5772 9
5773 9
5774 9
5775 9
5776 9
5777 9
5778 9
5779 9
5780 9
5781 9
5782 9
5783 9
5784 9
5785 9
5786 9
5787 9
5788 9
5789 9
5790 9
5791 9
5792 9
5793 9
5794 9
5795 9
5796 9
5797 9
5798 9
5799 9
5800 9
5801 9
5802 9
5803 9
5804 9
5805 9
5806 9
5807 9
5808 9
5809 9
5810 9
5811 9
5812 9
5813 9
5814 9
5815 9
5816 9
5817 9
5818 9
5819 9
5820 9
5821 9
5822 9
5823 9
5824 9
5825 9
5826 9
5827 9
5828 9
5829 9
5830 9
5831 9
5832 3
5833 3
5834 3
5835 3
5836 3
5837 3
5838 3
5839 3
5840 3
5841 3
5842 3
5843 3
5844 3
5845 3
5846 3
5847 3
5848 3
5849 3
5850 3
5851 3
5852 3
5853 3
5854 3
5855 3
5856 3
5857 3
5858 3
5859 3
5860 3
5861 3
5862 3
5863 3
5864 3
5865 3
5866 3
5867 3
5868 3
5869 3
5870 3
5871 3
5872 3
5873 3
5874 3
5875 3
5876 3
5877 3
5878 3
5879 3
5880 3
5881 3
5882 3
5883 3
5884 3
5885 3
5886 3
5887 3
5888 3
5889 3
5890 3
5891 3
5892 3
5893 3
5894 3
5895 3
5896 3
5897 3
5898 3
5899 3
5900 3
5901 3
5902 3
5903 3
5904 3
5905 3
5906 3
5907 3
5908 3
5909 3
5910 3
5911 3
5912 3
5913 3
5914 3
5915 3
5916 3
5917 3
5918 3
5919 3
5920 3
5921 3
5922 3
5923 3
5924 3
5925 3
5926 3
5927 3
5928 3
5929 3
5930 3
5931 3
5932 3
5933 3
5934 3
5935 3
5936 3
5937 3
5938 3
5939 3
5940 3
5941 3
5942 3
5943 3
5944 3
5945 3
5946 3
5947 3
5948 3
5949 3
5950 3
5951 3
5952 3
5953 3
5954 3
5955 3
5956 3
5957 3
5958 3
5959 3
5960 3
5961 3
5962 3
5963 3
5964 3
5965 3
5966 3
5967 3
5968 3
5969 3
5970 3
5971 3
5972 3
5973 3
5974 3
5975 3
5976 3
5977 3
5978 3
5979 3
5980 3
5981 3
5982 3
5983 3
5984 3
5985 3
5986 3
5987 3
5988 3
5989 3
5990 3
5991 3
5992 3
5993 3
5994 3
5995 3
5996 3
5997 3
5998 3
5999 3
6000 3
6001 3
6002 3
6003 3
6004 3
6005 3
6006 3
6007 3
6008 3
6009 3
6010 3
6011 3
6012 3
6013 3
6014 3
6015 3
6016 3
6017 3
6018 3
6019 3
6020 3
6021 3
6022 3
6023 3
6024 3
6025 3
6026 3
6027 3
6028 3
6029 3
6030 3
6031 3
6032 3
6033 3
6034 3
6035 3
6036 3
6037 3
6038 3
6039 3
6040 3
6041 3
6042 3
6043 3
6044 3
6045 3
6046 3
6047 3
6048 3
6049 3
6050 3
6051 3
6052 3
6053 3
6054 3
6055 3
6056 3
6057 3
6058 3
6059 3
6060 3
6061 3
6062 3
6063 3
6064 3
6065 3
6066 3
6067 3
6068 3
6069 3
6070 3
6071 3
6072 3
6073 3
6074 3
6075 3
6076 3
6077 3
6078 3
6079 3
6080 3
6081 3
6082 3
6083 3
6084 3
6085 3
6086 3
6087 3
6088 2283
6089 2283
6090 2283
6091 2283
6092 2283
6093 2283
6094 2283
6095 2283
6096 2283
6097 2283
6098 2283
6099 2283
6100 2283
6101 2283
6102 2283
6103 2283
6104 2283
6105 2283
6106 2283
6107 2283
6108 1162047
6109 1162047
6110 1162047
6111 1162047
6112 1162047
6113 1162047
6114 1162047
6115 1162047
6116 1162047
6117 1162047
6118 1162047
6119 1162047
6120 1162047
6121 1162047
6122 1162047
6123 1162047
6124 1162047
6125 1162047
6126 1162047
6127 1162047
6128 1162047
6129 1162047
6130 1162047
6131 1162047
6132 1162047
6133 1162047
6134 1162047
6135 1162047
6136 1162047
6137 1162047
6138 1162047
6139 1162047
6140 1162047
6141 1162047
6142 1162047
6143 1162047
6144 1162047
6145 1162047
6146 1162047
6147 1162047
6148 1162047
6149 1162047
6150 1162047
6151 1162047
6152 1162047
6153 1162047
6154 1162047
6155 1162047
6156 1162047
6157 1162047
6158 1162047
6159 1162047
6160 1162047
6161 1162047
6162 91801713
6163 91801713
6164 91801713
6165 91801713
6166 91801713
6167 91801713
6168 91801713
6169 91801713
6170 91801713
6171 91801713
6172 91801713
6173 91801713
6174 91801713
6175 91801713
6176 91801713
6177 91801713
6178 91801713
6179 91801713
6180 91801713
6181 91801713
6182 91801713
6183 91801713
6184 91801713
6185 91801713
6186 91801713
6187 91801713
6188 91801713
6189 91801713
6190 91801713
6191 91801713
6192 91801713
6193 91801713
6194 91801713
6195 91801713
6196 91801713
6197 91801713
6198 91801713
6199 91801713
6200 91801713
6201 91801713
6202 91801713
6203 91801713
6204 91801713
6205 91801713
6206 91801713
6207 91801713
6208 91801713
6209 91801713
6210 91801713
6211 91801713
6212 91801713
6213 91801713
6214 91801713
6215 91801713
6216 91801713
6217 91801713
6218 91801713
6219 91801713
6220 91801713
6221 91801713
6222 91801713
6223 91801713
6224 91801713
6225 91801713
6226 91801713
6227 91801713
6228 91801713
6229 91801713
6230 91801713
6231 91801713
6232 91801713
6233 91801713
6234 91801713
6235 91801713
6236 91801713
6237 91801713
6238 91801713
6239 91801713
6240 91801713
6241 1162047
6242 1162047
6243 1162047
6244 1162047
6245 1162047
6246 1162047
6247 1162047
6248 1162047
6249 1162047
6250 1162047
6251 1162047
6252 1162047
6253 1162047
6254 1162047
6255 1162047
6256 1162047
6257 1162047
6258 1162047
6259 1162047
6260 1162047
6261 1162047
6262 1162047
6263 1162047
6264 1162047
6265 1162047
6266 1162047
6267 1162047
6268 1162047
6269 1162047
6270 1162047
6271 1162047
6272 1162047
6273 1162047
6274 1162047
6275 1162047
6276 1162047
6277 1162047
6278 1162047
6279 1162047
6280 1162047
6281 1162047
6282 1162047
6283 1162047
6284 1162047
6285 1162047
6286 1162047
6287 1162047
6288 1162047
6289 1162047
6290 1162047
6291 1162047
6292 1162047
6293 1162047
6294 1162047
6295 1162047
6296 1162047
6297 1162047
6298 1162047
6299 1162047
6300 1162047
6301 1162047
6302 1162047
6303 1162047
6304 1162047
6305 1162047
6306 1162047
6307 1162047
6308 1162047
6309 1162047
6310 1162047
6311 1162047
6312 1162047
6313 1162047
6314 1162047
6315 1162047
6316 1162047
6317 1162047
6318 1162047
6319 1162047
6320 1162047
6321 1162047
6322 1162047
6323 1162047
6324 1162047
6325 1162047
6326 1162047
6327 1162047
6328 1162047
6329 1162047
6330 1162047
6331 1162047
6332 1162047
6333 1162047
6334 1162047
6335 1162047
6336 1162047
6337 1162047
6338 1162047
6339 1162047
6340 1162047
6341 1162047
6342 1162047
6343 1162047
6344 1162047
6345 1162047
6346 1162047
6347 1162047
6348 1162047
6349 1162047
6350 1162047
6351 1162047
6352 1162047
6353 1162047
6354 1162047
6355 1162047
6356 1162047
6357 1162047
6358 1162047
6359 1162047
6360 1162047
6361 1162047
6362 1162047
6363 1162047
6364 1162047
6365 1162047
6366 1162047
6367 1162047
6368 1162047
6369 1162047
6370 1162047
6371 1162047
6372 1162047
6373 1162047
6374 1162047
6375 1162047
6376 1162047
6377 1162047
6378 1162047
6379 1162047
6380 1162047
6381 1162047
6382 1162047
6383 1162047
6384 1162047
6385 1162047
6386 1162047
6387 1162047
6388 1162047
6389 1162047
6390 1162047
6391 1162047
6392 1162047
6393 1162047
6394 1162047
6395 1162047
6396 1162047
6397 1162047
6398 1162047
6399 1162047
6400 1162047
6401 1162047
6402 1162047
6403 1162047
6404 1162047
6405 1162047
6406 1162047
6407 1162047
6408 1162047
6409 1162047
6410 1162047
6411 1162047
6412 1162047
6413 1162047
6414 1162047
6415 1162047
6416 1162047
6417 1162047
6418 1162047
6419 1162047
6420 1162047
6421 1162047
6422 1162047
6423 1162047
6424 1162047
6425 1162047
6426 1162047
6427 1162047
6428 1162047
6429 1162047
6430 1162047
6431 1162047
6432 1162047
6433 1162047
6434 1162047
6435 1162047
6436 1162047
6437 1162047
6438 1162047
6439 1162047
6440 1162047
6441 1162047
6442 1162047
6443 1162047
6444 1162047
6445 1162047
6446 1162047
6447 1162047
6448 1162047
6449 1162047
6450 1162047
6451 1162047
6452 1162047
6453 1162047
6454 1162047
6455 1162047
6456 1162047
6457 1162047
6458 1162047
6459 1162047
6460 1162047
6461 1162047
6462 1162047
6463 1162047
6464 1162047
6465 1162047
6466 1162047
6467 1162047
6468 1162047
6469 1162047
6470 1162047
6471 1162047
6472 1162047
6473 1162047
6474 1162047
6475 1162047
6476 1162047
6477 1162047
6478 1162047
6479 1162047
6480 1162047
6481 1162047
6482 1162047
6483 1162047
6484 1162047
6485 1162047
6486 1162047
6487 1162047
6488 1162047
6489 1162047
6490 1162047
6491 1162047
6492 1162047
6493 1162047
6494 1162047
6495 1162047
6496 1162047
6497 1162047
6498 419498967
6499 419498967
6500 419498967
6501 419498967
6502 419498967
6503 419498967
6504 419498967
6505 419498967
6506 419498967
6507 419498967
6508 419498967
6509 419498967
6510 419498967
6511 419498967
6512 419498967
6513 419498967
6514 419498967
6515 419498967
6516 419498967
6517 22078893
6518 22078893
6519 22078893
6520 22078893
6521 22078893
6522 22078893
6523 22078893
6524 22078893
6525 22078893
6526 22078893
6527 22078893
6528 22078893
6529 22078893
6530 22078893
6531 22078893
6532 22078893
6533 22078893
6534 22078893
6535 22078893
6536 22078893
6537 22078893
6538 22078893
6539 22078893
6540 22078893
6541 22078893
6542 22078893
6543 22078893
6544 22078893
6545 22078893
6546 22078893
6547 22078893
6548 22078893
6549 22078893
6550 22078893
6551 22078893
6552 22078893
6553 22078893
6554 22078893
6555 22078893
6556 22078893
6557 22078893
6558 22078893
6559 22078893
6560 22078893
6561 7359631
6562 7359631
6563 7359631
6564 7359631
6565 7359631
6566 7359631
6567 7359631
6568 7359631
6569 7359631
6570 7359631
6571 7359631
6572 7359631
6573 7359631
6574 7359631
6575 7359631
6576 7359631
6577 7359631
6578 7359631
6579 7359631
6580 7359631
6581 7359631
6582 7359631
6583 7359631
6584 7359631
6585 7359631
6586 7359631
6587 7359631
6588 7359631
6589 7359631
6590 7359631
6591 7359631
6592 7359631
6593 7359631
6594 7359631
6595 7359631
6596 7359631
6597 7359631
6598 7359631
6599 7359631
6600 7359631
6601 7359631
6602 7359631
6603 7359631
6604 7359631
6605 7359631
6606 7359631
6607 7359631
6608 7359631
6609 7359631
6610 7359631
6611 7359631
6612 7359631
6613 7359631
6614 7359631
6615 7359631
6616 7359631
6617 14459
6618 14459
6619 14459
6620 14459
6621 14459
6622 14459
6623 14459
6624 14459
6625 14459
6626 14459
6627 14459
6628 14459
6629 14459
6630 14459
6631 14459
6632 14459
6633 14459
6634 14459
6635 14459
6636 14459
6637 14459
6638 14459
6639 14459
6640 14459
6641 14459
6642 14459
6643 14459
6644 14459
6645 14459
6646 14459
6647 14459
6648 14459
6649 14459
6650 14459
6651 14459
6652 14459
6653 14459
6654 14459
6655 14459
6656 14459
6657 14459
6658 14459
6659 14459
6660 14459
6661 14459
6662 14459
6663 14459
6664 14459
6665 14459
6666 14459
6667 14459
6668 14459
6669 14459
6670 14459
6671 14459
6672 14459
6673 14459
6674 14459
6675 14459
6676 14459
6677 14459
6678 14459
6679 14459
6680 14459
6681 14459
6682 14459
6683 14459
6684 14459
6685 14459
6686 14459
6687 14459
6688 14459
6689 14459
6690 14459
6691 14459
6692 14459
6693 14459
6694 14459
6695 14459
6696 14459
6697 14459
6698 14459
6699 14459
6700 14459
6701 14459
6702 14459
6703 14459
6704 14459
6705 14459
6706 14459
6707 14459
6708 14459
6709 14459
6710 14459
6711 14459
6712 14459
6713 14459
6714 14459
6715 14459
6716 14459
6717 14459
6718 14459
6719 14459
6720 14459
6721 14459
6722 14459
6723 14459
6724 14459
6725 14459
6726 14459
6727 14459
6728 14459
6729 14459
6730 14459
6731 14459
6732 14459
6733 14459
6734 14459
6735 14459
6736 14459
6737 14459
6738 14459
6739 14459
6740 14459
6741 14459
6742 14459
6743 14459
6744 14459
6745 14459
6746 14459
6747 14459
6748 14459
6749 14459
6750 14459
6751 14459
6752 14459
6753 14459
6754 14459
6755 14459
6756 14459
6757 14459
6758 14459
6759 14459
6760 14459
6761 14459
6762 14459
6763 14459
6764 14459
6765 14459
6766 14459
6767 14459
6768 14459
6769 14459
6770 14459
6771 14459
6772 14459
6773 14459
6774 14459
6775 14459
6776 14459
6777 14459
6778 14459
6779 14459
6780 14459
6781 14459
6782 14459
6783 14459
6784 14459
6785 14459
6786 14459
6787 14459
6788 14459
6789 14459
6790 14459
6791 14459
6792 14459
6793 14459
6794 14459
6795 14459
6796 14459
6797 14459
6798 14459
6799 14459
6800 14459
6801 14459
6802 14459
6803 14459
6804 14459
6805 14459
6806 1200097
6807 1200097
6808 1200097
6809 1200097
6810 1200097
6811 1200097
6812 1200097
6813 1200097
6814 1200097
6815 1200097
6816 1200097
6817 1200097
6818 1200097
6819 1200097
6820 1200097
6821 1200097
6822 1200097
6823 1200097
6824 1200097
6825 1200097
6826 1200097
6827 1200097
6828 1200097
6829 1200097
6830 1200097
6831 1200097
6832 1200097
6833 1200097
6834 1200097
6835 1200097
6836 1200097
6837 1200097
6838 1200097
6839 1200097
6840 22801843
6841 22801843
6842 22801843
6843 22801843
6844 22801843
6845 22801843
6846 22801843
6847 22801843
6848 22801843
6849 29963
6850 29963
6851 29963
6852 29963
6853 29963
6854 29963
6855 29963
6856 29963
6857 29963
6858 29963
6859 83
6860 83
6861 83
6862 83
6863 83
6864 83
6865 83
6866 83
6867 83
6868 83
6869 83
6870 83
6871 83
6872 83
6873 83
6874 83
6875 83
6876 83
6877 83
6878 83
6879 83
6880 83
6881 83
6882 83
6883 83
6884 83
6885 83
6886 83
6887 83
6888 83
6889 1
6890 1
6891 1
6892 1
6893 1
6894 1
6895 1
6896 1
6897 1
6898 1
6899 1
6900 1
6901 1
6902 1
6903 1
6904 1
6905 1
6906 1
6907 1
6908 1
6909 1
6910 1
6911 1
6912 1
6913 1
6914 1
6915 1
6916 1
6917 1
6918 1
6919 1
6920 1
6921 1
6922 1
6923 1
6924 1
6925 1
6926 1
6927 1
6928 1
6929 1
6930 1
6931 1
6932 1
6933 1
6934 1
6935 1
6936 1
6937 1
6938 1
6939 1
6940 1
6941 1
6942 1
6943 1
6944 1
6945 1
6946 1
6947 1
6948 1
6949 1
6950 1
6951 1
6952 1
6953 1
6954 1
6955 1
6956 1
6957 1
6958 1
6959 1
6960 1
6961 1
6962 1
6963 1
6964 1
6965 1
6966 1
6967 1
6968 1
6969 1
6970 1
6971 1
6972 1
6973 1
6974 1
6975 1
6976 109
6977 109
6978 109
6979 109
6980 109
6981 109
6982 109
6983 109
6984 109
6985 109
6986 109
6987 109
6988 109
6989 109
6990 109
6991 109
6992 109
6993 109
6994 109
6995 109
6996 109
6997 109
6998 109
6999 109
7000 109
7001 109
7002 109
7003 109
7004 109
7005 109
7006 109
7007 109
7008 109
7009 109
7010 109
7011 109
7012 109
7013 109
7014 109
7015 109
7016 109
7017 109
7018 109
7019 109
7020 109
7021 109
7022 109
7023 109
7024 109
7025 109
7026 109
7027 109
7028 109
7029 109
7030 109
7031 109
7032 109
7033 109
7034 109
7035 109
7036 109
7037 109
7038 109
7039 109
7040 109
7041 109
7042 109
7043 109
7044 109
7045 109
7046 109
7047 109
7048 109
7049 109
7050 109
7051 109
7052 109
7053 109
7054 109
7055 109
7056 109
7057 109
7058 109
7059 109
7060 109
7061 109
7062 109
7063 109
7064 109
7065 109
7066 109
7067 109
7068 109
7069 109
7070 109
7071 109
7072 109
7073 109
7074 109
7075 109
7076 109
7077 109
7078 109
7079 109
7080 109
7081 109
7082 109
7083 109
7084 109
7085 1
7086 1
7087 1
7088 1
7089 1
7090 1
7091 1
7092 1
7093 1
7094 1
7095 1
7096 1
7097 1
7098 1
7099 1
7100 1
7101 1
7102 1
7103 1
7104 1
7105 1
7106 1
7107 1
7108 1
7109 1
7110 1
7111 1
7112 1
7113 1
7114 1
7115 1
7116 1
7117 1
7118 1
7119 1
7120 1
7121 1
7122 1
7123 1
7124 1
7125 1
7126 1
7127 1
7128 1
7129 1
7130 1
7131 1
7132 1
7133 1
7134 1
7135 1
7136 1
7137 1
7138 1
7139 1
7140 1
7141 1
7142 1
7143 1
7144 1
7145 1
7146 1
7147 1
7148 1
7149 1
7150 1
7151 1
7152 1
7153 1
7154 1
7155 1
7156 1
7157 1
7158 1
7159 1
7160 1
7161 1
7162 1
7163 1
7164 1
7165 1
7166 1
7167 1
7168 1
7169 1
7170 1
7171 1
7172 1
7173 1
7174 1
7175 1
7176 1
7177 1
7178 1
7179 1
7180 1
7181 1
7182 1
7183 1
7184 1
7185 1
7186 1
7187 1
7188 1
7189 1
7190 1
7191 1
7192 1
7193 1
7194 1
7195 1
7196 1
7197 1
7198 1
7199 1
7200 1
7201 1
7202 1
7203 1
7204 1
7205 1
7206 1
7207 1
7208 1
7209 1
7210 1
7211 1
7212 1
7213 1
7214 1
7215 1
7216 1
7217 1
7218 1
7219 1
7220 1
7221 1
7222 1
7223 1
7224 1
7225 1
7226 1
7227 1
7228 1
7229 1
7230 1
7231 1
7232 1
7233 1
7234 1
7235 1
7236 1
7237 1
7238 1
7239 1
7240 1
7241 1
7242 1
7243 1
7244 1
7245 1
7246 1
7247 1
7248 1
7249 1
7250 1
7251 1
7252 1
7253 1
7254 1
7255 1
7256 1
7257 1
7258 1
7259 1
7260 1
7261 1
7262 1
7263 1
7264 1
7265 1
7266 1
7267 1
7268 1
7269 1
7270 1
7271 1
7272 1
7273 1
7274 1
7275 1
7276 1
7277 1
7278 1
7279 1
7280 1
7281 1
7282 1
7283 1
7284 1
7285 1
7286 1
7287 1
7288 1
7289 1
7290 1
7291 1
7292 1
7293 1
7294 1
7295 1
7296 1
7297 1
7298 1
7299 1
7300 1
7301 1
7302 1
7303 1
7304 1
7305 1
7306 1
7307 1
7308 1
7309 1
7310 1
7311 1
7312 1
7313 1
7314 1
7315 1
7316 1
7317 1
7318 1
7319 1
7320 1
7321 1
7322 1
7323 1
7324 1
7325 1
7326 1
7327 1
7328 1
7329 1
7330 1
7331 1
7332 1
7333 1
7334 1
7335 1
7336 1
7337 1
7338 1
7339 1
7340 1
7341 1
7342 1
7343 1
7344 1
7345 1
7346 1
7347 1
7348 1
7349 1
7350 1
7351 1
7352 1
7353 1
7354 1
7355 1
7356 1
7357 1
7358 1
7359 1
7360 1
7361 1
7362 1
7363 1
7364 1
7365 1
7366 1
7367 1
7368 1
7369 1
7370 1
7371 1
7372 1
7373 1
7374 1
7375 1
7376 1
7377 1
7378 1
7379 1
7380 1
7381 1
7382 1
7383 1
7384 1
7385 1
7386 1
7387 1
7388 1
7389 1
7390 1
7391 1
7392 1
7393 1
7394 1
7395 1
7396 1
7397 1
7398 1
7399 1
7400 1
7401 1
7402 1
7403 1
7404 1
7405 1
7406 1
7407 1
7408 1
7409 1
7410 1
7411 1
7412 1
7413 1
7414 1
7415 1
7416 1
7417 1
7418 1
7419 1
7420 1
7421 1
7422 1
7423 1
7424 1
7425 1
7426 1
7427 1
7428 1
7429 1
7430 1
7431 1
7432 1
7433 1
7434 1
7435 1
7436 1
7437 1
7438 1
7439 1
7440 1
7441 1
7442 1
7443 1
7444 1
7445 1
7446 1
7447 1
7448 1
7449 1
7450 1
7451 1
7452 1
7453 1
7454 1
7455 1
7456 1
7457 1
7458 1
7459 1
7460 1
7461 1
7462 1
7463 1
7464 1
7465 1
7466 1
7467 1
7468 1
7469 1
7470 1
7471 1
7472 1
7473 1
7474 1
7475 1
7476 1
7477 1
7478 1
7479 1
7480 1
7481 1
7482 1
7483 1
7484 1
7485 1
7486 1
7487 1
7488 1
7489 1
7490 1
7491 1
7492 1
7493 1
7494 1
7495 1
7496 1
7497 1
7498 1
7499 1
7500 1
7501 1
7502 1
7503 1
7504 1
7505 1
7506 1
7507 1
7508 1
7509 1
7510 1
7511 1
7512 1
7513 1
7514 1
7515 1
7516 1
7517 1
7518 1
7519 1
7520 1
7521 1
7522 1
7523 1
7524 1
7525 1
7526 1
7527 1
7528 1
7529 1
7530 1
7531 1
7532 1
7533 1
7534 1
7535 1
7536 1
7537 1
7538 1
7539 1
7540 1
7541 1
7542 1
7543 1
7544 1
7545 1
7546 1
7547 1
7548 1
7549 1
7550 1
7551 1
7552 1
7553 1
7554 1
7555 1
7556 1
7557 1
7558 1
7559 1
7560 1
7561 1
7562 199
7563 199
7564 199
7565 199
7566 199
7567 199
7568 199
7569 199
7570 199
7571 199
7572 199
7573 199
7574 199
7575 199
7576 199
7577 199
7578 199
7579 199
7580 199
7581 199
7582 199
7583 199
7584 199
7585 199
7586 199
7587 199
7588 199
7589 199
7590 199
7591 199
7592 199
7593 199
7594 199
7595 199
7596 199
7597 199
7598 199
7599 199
7600 199
7601 199
7602 199
7603 199
7604 199
7605 199
7606 199
7607 199
7608 199
7609 199
7610 199
7611 199
7612 199
7613 199
7614 199
7615 199
7616 199
7617 199
7618 199
7619 199
7620 199
7621 199
7622 199
7623 199
7624 199
7625 199
7626 199
7627 199
7628 199
7629 199
7630 199
7631 199
7632 199
7633 199
7634 199
7635 199
7636 199
7637 199
7638 199
7639 199
7640 199
7641 199
7642 199
7643 199
7644 199
7645 199
7646 199
7647 199
7648 199
7649 199
7650 199
7651 199
7652 199
7653 199
7654 199
7655 199
7656 199
7657 199
7658 199
7659 199
7660 199
7661 199
7662 199
7663 199
7664 199
7665 199
7666 199
7667 199
7668 199
7669 199
7670 199
7671 199
7672 199
7673 199
7674 199
7675 199
7676 199
7677 199
7678 199
7679 199
7680 199
7681 199
7682 199
7683 199
7684 199
7685 199
7686 199
7687 199
7688 199
7689 199
7690 199
7691 199
7692 199
7693 199
7694 199
7695 199
7696 199
7697 199
7698 199
7699 199
7700 199
7701 199
7702 199
7703 199
7704 199
7705 199
7706 199
7707 199
7708 199
7709 199
7710 199
7711 199
7712 199
7713 199
7714 199
7715 199
7716 199
7717 199
7718 199
7719 199
7720 199
7721 199
7722 199
7723 199
7724 199
7725 199
7726 199
7727 199
7728 199
7729 199
7730 199
7731 199
7732 199
7733 199
7734 199
7735 199
7736 199
7737 199
7738 199
7739 199
7740 199
7741 199
7742 199
7743 199
7744 199
7745 199
7746 199
7747 199
7748 199
7749 199
7750 199
7751 199
7752 199
7753 199
7754 199
7755 199
7756 199
7757 199
7758 199
7759 199
7760 199
7761 1
7762 1
7763 1
7764 1
7765 1
7766 1
7767 1
7768 1
7769 1
7770 1
7771 1
7772 1
7773 1
7774 1
7775 1
7776 1
7777 1
7778 1
7779 1
7780 1
7781 1
7782 1
7783 1
7784 1
7785 1
7786 1
7787 1
7788 1
7789 1
7790 1
7791 1
7792 1
7793 1
7794 1
7795 1
7796 1
7797 1
7798 1
7799 1
7800 1
7801 1
7802 1
7803 1
7804 1
7805 1
7806 1
7807 1
7808 1
7809 1
7810 1
7811 1
7812 1
7813 1
7814 1
7815 1
7816 1
7817 1
7818 1
7819 1
7820 1
7821 1
7822 1
7823 1
7824 1
7825 1
7826 1
7827 1
7828 1
7829 1
7830 1
7831 1
7832 89
7833 89
7834 89
7835 89
7836 89
7837 89
7838 89
7839 89
7840 89
7841 89
7842 89
7843 89
7844 89
7845 89
7846 89
7847 89
7848 89
7849 89
7850 89
7851 89
7852 89
7853 89
7854 89
7855 89
7856 89
7857 89
7858 89
7859 89
7860 89
7861 89
7862 89
7863 89
7864 89
7865 89
7866 89
7867 89
7868 89
7869 89
7870 89
7871 89
7872 89
7873 89
7874 89
7875 89
7876 89
7877 89
7878 89
7879 89
7880 89
7881 89
7882 89
7883 89
7884 89
7885 89
7886 89
7887 89
7888 89
7889 89
7890 89
7891 89
7892 89
7893 89
7894 89
7895 89
7896 89
7897 89
7898 89
7899 89
7900 89
7901 89
7902 89
7903 89
7904 89
7905 89
7906 89
7907 89
7908 89
7909 89
7910 89
7911 89
7912 89
7913 89
7914 89
7915 89
7916 89
7917 89
7918 89
7919 89
7920 89
7921 1
7922 1
7923 1
7924 1
7925 1
7926 1
7927 1
7928 1
7929 1
7930 1
7931 1
7932 1
7933 1
7934 1
7935 1
7936 1
7937 1
7938 1
7939 1
7940 1
7941 1
7942 1
7943 1
7944 1
7945 1
7946 1
7947 1
7948 1
7949 1
7950 1
7951 1
7952 1
7953 1
7954 1
7955 1
7956 1
7957 1
7958 1
7959 1
7960 1
7961 1
7962 1
7963 1
7964 1
7965 1
7966 1
7967 1
7968 1
7969 1
7970 1
7971 1
7972 1
7973 1
7974 1
7975 1
7976 1
7977 1
7978 1
7979 1
7980 1
7981 1
7982 1
7983 1
7984 1
7985 1
7986 1
7987 1
7988 1
7989 1
7990 1
7991 1
7992 1
7993 1
7994 1
7995 1
7996 1
7997 1
7998 1
7999 1
8000 1
8001 1
8002 1
8003 1
8004 1
8005 1
8006 1
8007 1
8008 1
8009 1
8010 1
8011 1
8012 1
8013 1
8014 1
8015 1
8016 1
8017 1
8018 1
8019 1
8020 1
8021 1
8022 1
8023 1
8024 1
8025 1
8026 1
8027 1
8028 1
8029 1
8030 1
8031 1
8032 1
8033 1
8034 1
8035 1
8036 1
8037 1
8038 1
8039 1
8040 1
8041 1
8042 1
8043 1
8044 1
8045 1
8046 1
8047 1
8048 1
8049 1
8050 1
8051 1
8052 1
8053 1
8054 1
8055 1
8056 1
8057 1
8058 1
8059 1
8060 1
8061 1
8062 1
8063 1
8064 1
8065 1
8066 1
8067 1
8068 1
8069 1
8070 1
8071 1
8072 1
8073 1
8074 1
8075 1
8076 1
8077 1
8078 1
8079 1
8080 1
8081 1
8082 1
8083 1
8084 1
8085 1
8086 1
8087 1
8088 1
8089 1
8090 1
8091 1
8092 1
8093 1
8094 1
8095 1
8096 1
8097 1
8098 1
8099 1
8100 1
8101 1
8102 1
8103 1
8104 1
8105 1
8106 1
8107 1
8108 1
8109 1
8110 1
8111 1
8112 1
8113 1
8114 1
8115 1
8116 1
8117 1
8118 1
8119 1
8120 1
8121 1
8122 1
8123 1
8124 1
8125 1
8126 1
8127 1
8128 1
8129 1
8130 1
8131 1
8132 1
8133 1
8134 1
8135 1
8136 1
8137 1
8138 1
8139 1
8140 1
8141 1
8142 1
8143 1
8144 1
8145 1
8146 1
8147 1
8148 1
8149 1
8150 1
8151 1
8152 1
8153 1
8154 1
8155 1
8156 1
8157 1
8158 1
8159 1
8160 1
8161 1
8162 1
8163 1
8164 1
8165 1
8166 1
8167 1
8168 1
8169 1
8170 1
8171 1
8172 1
8173 1
8174 1
8175 1
8176 1
8177 1
8178 1
8179 1
8180 1
8181 1
8182 1
8183 1
8184 1
8185 1
8186 1
8187 1
8188 1
8189 1
8190 1
8191 1
8192 1
8193 1
8194 1
8195 1
8196 1
8197 1
8198 1
8199 1
8200 1
8201 1
8202 1
8203 1
8204 1
8205 1
8206 1
8207 1
8208 1
8209 1
8210 1
8211 1
8212 1
8213 1
8214 1
8215 1
8216 1
8217 1
8218 1
8219 1
8220 1
8221 1
8222 1
8223 1
8224 1
8225 1
8226 1
8227 1
8228 1
8229 1
8230 1
8231 1
8232 1
8233 1
8234 1
8235 1
8236 1
8237 1
8238 1
8239 1
8240 1
8241 1
8242 1
8243 1
8244 1
8245 97
8246 97
8247 97
8248 97
8249 97
8250 97
8251 97
8252 97
8253 97
8254 97
8255 97
8256 97
8257 97
8258 97
8259 97
8260 97
8261 97
8262 97
8263 97
8264 97
8265 97
8266 97
8267 97
8268 97
8269 97
8270 97
8271 97
8272 97
8273 97
8274 97
8275 97
8276 97
8277 97
8278 97
8279 97
8280 97
8281 97
8282 97
8283 97
8284 97
8285 97
8286 97
8287 97
8288 97
8289 97
8290 97
8291 97
8292 97
8293 97
8294 97
8295 97
8296 97
8297 97
8298 97
8299 97
8300 97
8301 97
8302 97
8303 97
8304 97
8305 97
8306 97
8307 97
8308 97
8309 97
8310 97
8311 97
8312 97
8313 97
8314 97
8315 97
8316 97
8317 97
8318 97
8319 97
8320 97
8321 97
8322 97
8323 97
8324 97
8325 97
8326 97
8327 97
8328 97
8329 97
8330 97
8331 97
8332 97
8333 97
8334 97
8335 97
8336 97
8337 97
8338 97
8339 97
8340 97
8341 97
8342 1
8343 1
8344 1
8345 1
8346 1
8347 1
8348 1
8349 1
8350 1
8351 1
8352 1
8353 1
8354 1
8355 1
8356 1
8357 1
8358 1
8359 1
8360 1
8361 1
8362 1
8363 1
8364 1
8365 1
8366 1
8367 1
8368 1
8369 1
8370 1
8371 1
8372 1
8373 1
8374 1
8375 1
8376 1
8377 1
8378 1
8379 1
8380 1
8381 1
8382 1
8383 1
8384 1
8385 1
8386 1
8387 1
8388 1
8389 1
8390 1
8391 1
8392 1
8393 109
8394 109
8395 109
8396 109
8397 109
8398 109
8399 109
8400 109
8401 109
8402 109
8403 109
8404 109
8405 109
8406 109
8407 109
8408 109
8409 109
8410 109
8411 109
8412 109
8413 109
8414 109
8415 109
8416 109
8417 109
8418 109
8419 109
8420 109
8421 109
8422 109
8423 109
8424 109
8425 109
8426 109
8427 109
8428 109
8429 109
8430 109
8431 109
8432 109
8433 109
8434 109
8435 109
8436 109
8437 109
8438 109
8439 109
8440 109
8441 109
8442 109
8443 109
8444 109
8445 109
8446 109
8447 109
8448 109
8449 109
8450 109
8451 109
8452 109
8453 109
8454 109
8455 109
8456 109
8457 109
8458 109
8459 109
8460 109
8461 109
8462 109
8463 109
8464 109
8465 109
8466 109
8467 109
8468 109
8469 109
8470 109
8471 109
8472 109
8473 109
8474 109
8475 109
8476 109
8477 109
8478 109
8479 109
8480 109
8481 109
8482 109
8483 109
8484 109
8485 109
8486 109
8487 109
8488 109
8489 109
8490 109
8491 109
8492 109
8493 109
8494 109
8495 109
8496 109
8497 109
8498 109
8499 109
8500 109
8501 109
8502 1
8503 1
8504 1
8505 1
8506 1
8507 1
8508 1
8509 1
8510 1
8511 1
8512 1
8513 1
8514 1
8515 1
8516 1
8517 1
8518 1
8519 1
8520 1
8521 1
8522 1
8523 1
8524 1
8525 1
8526 1
8527 1
8528 1
8529 1
8530 1
8531 1
8532 1
8533 1
8534 1
8535 1
8536 1
8537 1
8538 1
8539 1
8540 1
8541 1
8542 1
8543 1
8544 1
8545 1
8546 1
8547 1
8548 1
8549 1
8550 1
8551 1
8552 1
8553 1
8554 1
8555 1
8556 1
8557 1
8558 1
8559 1
8560 1
8561 1
8562 1
8563 1
8564 1
8565 1
8566 1
8567 1
8568 1
8569 1
8570 1
8571 1
8572 1
8573 1
8574 1
8575 1
8576 1
8577 1
8578 1
8579 1
8580 1
8581 1
8582 1
8583 1
8584 1
8585 1
8586 1
8587 1
8588 1
8589 1
8590 1
8591 1
8592 1
8593 1
8594 1
8595 1
8596 1
8597 1
8598 1
8599 1
8600 1
8601 1
8602 1
8603 1
8604 1
8605 1
8606 1
8607 1
8608 1
8609 1
8610 1
8611 1
8612 1
8613 1
8614 1
8615 1
8616 1
8617 1
8618 1
8619 1
8620 1
8621 1
8622 1
8623 1
8624 1
8625 1
8626 1
8627 1
8628 1
8629 1
8630 1
8631 1
8632 1
8633 1
8634 1
8635 1
8636 1
8637 1
8638 1
8639 1
8640 1
8641 1
8642 1
8643 1
8644 1
8645 1
8646 1
8647 1
8648 1
8649 1
8650 1
8651 1
8652 1
8653 1
8654 1
8655 1
8656 1
8657 1
8658 1
8659 1
8660 1
8661 1
8662 1
8663 1
8664 1
8665 1
8666 1
8667 1
8668 1
8669 1
8670 1
8671 1
8672 1
8673 1
8674 1
8675 1
8676 1
8677 1
8678 1
8679 1
8680 1
8681 1
8682 1
8683 1
8684 1
8685 1
8686 1
8687 1
8688 1
8689 1
8690 1
8691 1
8692 1
8693 1
8694 1
8695 1
8696 1
8697 1
8698 1
8699 1
8700 1
8701 1
8702 1
8703 1
8704 1
8705 1
8706 1
8707 1
8708 1
8709 1
8710 1
8711 1
8712 1
8713 1
8714 1
8715 1
8716 1
8717 1
8718 1
8719 1
8720 1
8721 1
8722 1
8723 1
8724 1
8725 1
8726 1
8727 1
8728 1
8729 1
8730 1
8731 1
8732 1
8733 1
8734 1
8735 1
8736 1
8737 1
8738 1
8739 1
8740 1
8741 1
8742 1
8743 1
8744 1
8745 1
8746 1
8747 1
8748 1
8749 1
8750 1
8751 1
8752 1
8753 1
8754 1
8755 1
8756 1
8757 1
8758 1
8759 1
8760 1
8761 1
8762 1
8763 1
8764 1
8765 1
8766 1
8767 1
8768 1
8769 1
8770 1
8771 1
8772 1
8773 1
8774 1
8775 1
8776 1
8777 1
8778 1
8779 1
8780 1
8781 1
8782 1
8783 1
8784 1
8785 1
8786 1
8787 1
8788 1
8789 1
8790 1
8791 1
8792 1
8793 1
8794 1
8795 1
8796 1
8797 1
8798 1
8799 1
8800 1
8801 1
8802 1
8803 1
8804 1
8805 1
8806 1
8807 1
8808 1
8809 1
8810 1
8811 1
8812 1
8813 1
8814 1
8815 1
8816 1
8817 1
8818 1
8819 1
8820 1
8821 1
8822 1
8823 1
8824 1
8825 1
8826 1
8827 1
8828 1
8829 1
8830 1
8831 1
8832 1
8833 1
8834 1
8835 1
8836 1
8837 1
8838 1
8839 1
8840 1
8841 1
8842 1
8843 1
8844 1
8845 1
8846 1
8847 1
8848 1
8849 1
8850 1
8851 1
8852 1
8853 1
8854 1
8855 1
8856 1
8857 1
8858 1
8859 1
8860 1
8861 1
8862 1
8863 1
8864 1
8865 1
8866 1
8867 1
8868 1
8869 1
8870 1
8871 1
8872 1
8873 1
8874 1
8875 1
8876 1
8877 269
8878 269
8879 269
8880 269
8881 269
8882 269
8883 269
8884 269
8885 269
8886 269
8887 269
8888 269
8889 269
8890 269
8891 269
8892 269
8893 269
8894 269
8895 269
8896 269
8897 269
8898 269
8899 269
8900 269
8901 269
8902 269
8903 269
8904 269
8905 269
8906 269
8907 269
8908 269
8909 269
8910 269
8911 269
8912 269
8913 269
8914 269
8915 269
8916 269
8917 269
8918 269
8919 269
8920 269
8921 269
8922 269
8923 269
8924 269
8925 269
8926 269
8927 269
8928 269
8929 269
8930 269
8931 269
8932 269
8933 269
8934 269
8935 269
8936 269
8937 269
8938 269
8939 269
8940 269
8941 269
8942 269
8943 269
8944 269
8945 269
8946 269
8947 269
8948 269
8949 269
8950 269
8951 269
8952 269
8953 269
8954 269
8955 269
8956 269
8957 269
8958 269
8959 269
8960 269
8961 269
8962 269
8963 269
8964 269
8965 269
8966 269
8967 269
8968 269
8969 269
8970 269
8971 269
8972 269
8973 269
8974 269
8975 269
8976 269
8977 269
8978 269
8979 269
8980 269
8981 269
8982 269
8983 269
8984 269
8985 269
8986 269
8987 269
8988 269
8989 269
8990 269
8991 269
8992 269
8993 269
8994 269
8995 269
8996 269
8997 269
8998 269
8999 269
9000 269
9001 269
9002 269
9003 269
9004 269
9005 269
9006 269
9007 269
9008 269
9009 269
9010 269
9011 269
9012 269
9013 269
9014 269
9015 269
9016 269
9017 269
9018 269
9019 269
9020 269
9021 269
9022 269
9023 269
9024 269
9025 269
9026 269
9027 269
9028 269
9029 269
9030 269
9031 269
9032 269
9033 269
9034 269
9035 269
9036 269
9037 269
9038 269
9039 269
9040 269
9041 269
9042 269
9043 269
9044 269
9045 269
9046 269
9047 29321
9048 29321
9049 29321
9050 29321
9051 29321
9052 29321
9053 29321
9054 29321
9055 29321
9056 29321
9057 29321
9058 29321
9059 29321
9060 29321
9061 29321
9062 29321
9063 29321
9064 29321
9065 29321
9066 29321
9067 29321
9068 29321
9069 29321
9070 29321
9071 29321
9072 29321
9073 29321
9074 29321
9075 29321
9076 29321
9077 29321
9078 29321
9079 29321
9080 29321
9081 29321
9082 29321
9083 29321
9084 29321
9085 29321
9086 29321
9087 29321
9088 29321
9089 29321
9090 29321
9091 29321
9092 29321
9093 29321
9094 29321
9095 29321
9096 29321
9097 29321
9098 29321
9099 29321
9100 29321
9101 29321
9102 29321
9103 29321
9104 29321
9105 29321
9106 29321
9107 29321
9108 29321
9109 29321
9110 29321
9111 29321
9112 29321
9113 29321
9114 29321
9115 29321
9116 29321
9117 29321
9118 29321
9119 29321
9120 29321
9121 29321
9122 29321
9123 29321
9124 29321
9125 29321
9126 29321
9127 29321
9128 29321
9129 29321
9130 29321
9131 29321
9132 29321
9133 29321
9134 29321
9135 29321
9136 29321
9137 29321
9138 29321
9139 29321
9140 29321
9141 29321
9142 29321
9143 29321
9144 29321
9145 29321
9146 109
9147 109
9148 109
9149 109
9150 109
9151 109
9152 109
9153 109
9154 109
9155 109
9156 1
9157 1
9158 1
9159 1
9160 1
9161 1
9162 1
9163 1
9164 1
9165 1
9166 1
9167 1
9168 1
9169 1
9170 1
9171 1
9172 1
9173 1
9174 1
9175 1
9176 1
9177 1
9178 1
9179 1
9180 1
9181 1
9182 1
9183 1
9184 1
9185 1
9186 1
9187 1
9188 1
9189 1
9190 1
9191 1
9192 1
9193 1
9194 1
9195 1
9196 1
9197 1
9198 1
9199 1
9200 1
9201 1
9202 1
9203 1
9204 1
9205 1
9206 1
9207 1
9208 1
9209 1
9210 1
9211 1
9212 1
9213 1
9214 1
9215 1
9216 1
9217 1
9218 1
9219 1
9220 1
9221 1
9222 1
9223 1
9224 1
9225 1
9226 1
9227 1
9228 1
9229 1
9230 1
9231 1
9232 1
9233 1
9234 1
9235 1
9236 1
9237 1
9238 1
9239 1
9240 1
9241 1
9242 1
9243 1
9244 1
9245 1
9246 1
9247 1
9248 1
9249 1
9250 1
9251 1
9252 1
9253 1
9254 1
9255 1
9256 1
9257 1
9258 1
9259 1
9260 1
9261 1
9262 1
9263 1
9264 1
9265 1
9266 1
9267 1
9268 1
9269 1
9270 1
9271 1
9272 1
9273 1
9274 1
9275 1
9276 1
9277 1
9278 1
9279 1
9280 1
9281 1
9282 1
9283 1
9284 1
9285 1
9286 1
9287 1
9288 1
9289 1
9290 1
9291 1
9292 1
9293 1
9294 1
9295 1
9296 1
9297 1
9298 1
9299 1
9300 1
9301 1
9302 1
9303 1
9304 1
9305 1
9306 1
9307 1
9308 1
9309 1
9310 1
9311 1
9312 97
9313 97
9314 97
9315 97
9316 97
9317 11737
9318 11737
9319 11737
9320 11737
9321 11737
9322 11737
9323 11737
9324 11737
9325 11737
9326 11737
9327 11737
9328 129107
9329 129107
9330 129107
9331 129107
9332 129107
9333 129107
9334 129107
9335 129107
9336 129107
9337 129107
9338 129107
9339 11737
9340 11737
9341 11737
9342 11737
9343 11737
9344 11737
9345 11737
9346 11737
9347 11737
9348 11737
9349 11737
9350 11737
9351 11737
9352 11737
9353 11737
9354 11737
9355 11737
9356 11737
9357 11737
9358 11737
9359 11737
9360 11737
9361 11737
9362 11737
9363 11737
9364 11737
9365 11737
9366 11737
9367 11737
9368 11737
9369 11737
9370 11737
9371 11737
9372 129107
9373 129107
9374 129107
9375 129107
9376 129107
9377 129107
9378 129107
9379 129107
9380 129107
9381 129107
9382 129107
9383 11737
9384 11737
9385 11737
9386 11737
9387 11737
9388 11737
9389 11737
9390 11737
9391 11737
9392 11737
9393 11737
9394 11737
9395 11737
9396 11737
9397 11737
9398 11737
9399 11737
9400 11737
9401 11737
9402 11737
9403 11737
9404 11737
9405 11737
9406 11737
9407 11737
9408 11737
9409 121
9410 121
9411 121
9412 121
9413 121
9414 121
9415 121
9416 1331
9417 1331
9418 1331
9419 1331
9420 1331
9421 1331
9422 1331
9423 1331
9424 1331
9425 1331
9426 1331
9427 121
9428 121
9429 121
9430 121
9431 121
9432 121
9433 121
9434 121
9435 121
9436 121
9437 121
9438 11
9439 11
9440 11
9441 11
9442 11
9443 11
9444 11
9445 11
9446 11
9447 11
9448 11
9449 11
9450 11
9451 11
9452 11
9453 11
9454 11
9455 11
9456 11
9457 11
9458 11
9459 11
9460 11
9461 11
9462 11
9463 11
9464 11
9465 11
9466 11
9467 11
9468 11
9469 11
9470 11
9471 11
9472 11
9473 11
9474 11
9475 11
9476 11
9477 11
9478 11
9479 11
9480 11
9481 11
9482 11
9483 11
9484 11
9485 11
9486 11
9487 11
9488 11
9489 11
9490 11
9491 11
9492 11
9493 9493
9494 9493
9495 9493
9496 9493
9497 9493
9498 9493
9499 9493
9500 9493
9501 9493
9502 9493
9503 9493
9504 9493
9505 9493
9506 9493
9507 9493
9508 9493
9509 9493
9510 9493
9511 9493
9512 9493
9513 9493
9514 9493
9515 9493
9516 9493
9517 9493
9518 9493
9519 9493
9520 9493
9521 9493
9522 9493
9523 9493
9524 9493
9525 9493
9526 9493
9527 9493
9528 9493
9529 9493
9530 9493
9531 9493
9532 9493
9533 9493
9534 9493
9535 9493
9536 9493
9537 9493
9538 9493
9539 9493
9540 9493
9541 9493
9542 9493
9543 9493
9544 9493
9545 9493
9546 9493
9547 9493
9548 9493
9549 9493
9550 9493
9551 9493
9552 9493
9553 9493
9554 9493
9555 9493
9556 9493
9557 9493
9558 9493
9559 9493
9560 9493
9561 9493
9562 9493
9563 9493
9564 9493
9565 9493
9566 9493
9567 9493
9568 9493
9569 9493
9570 9493
9571 9493
9572 9493
9573 9493
9574 9493
9575 9493
9576 9493
9577 9493
9578 9493
9579 9493
9580 9493
9581 9493
9582 9493
9583 9493
9584 9493
9585 9493
9586 9493
9587 9493
9588 9493
9589 9493
9590 9493
9591 9493
9592 9493
9593 9493
9594 9493
9595 9493
9596 9493
9597 9493
9598 9493
9599 9493
9600 9493
9601 9493
9602 9493
9603 9493
9604 9493
9605 9493
9606 9493
9607 9493
9608 9493
9609 9493
9610 9493
9611 9493
9612 9493
9613 9493
9614 9493
9615 9493
9616 9493
9617 9493
9618 9493
9619 9493
9620 9493
9621 9493
9622 9493
9623 9493
9624 9493
9625 9493
9626 9493
9627 9493
9628 9493
9629 9493
9630 9493
9631 9493
9632 9493
9633 9493
9634 9493
9635 9493
9636 9493
9637 9493
9638 9493
9639 9493
9640 9493
9641 9493
9642 9493
9643 9493
9644 9493
9645 9493
9646 9493
9647 9493
9648 9493
9649 9493
9650 9493
9651 9493
9652 9493
9653 9493
9654 9493
9655 9493
9656 9493
9657 9493
9658 9493
9659 9493
9660 9493
9661 9493
9662 9493
9663 9493
9664 9493
9665 9493
9666 9493
9667 9493
9668 9493
9669 9493
9670 9493
9671 9493
9672 9493
9673 9493
9674 9493
9675 9493
9676 9493
9677 9493
9678 9493
9679 9493
9680 104423
9681 104423
9682 104423
9683 104423
9684 104423
9685 104423
9686 104423
9687 104423
9688 104423
9689 104423
9690 104423
9691 104423
9692 104423
9693 104423
9694 104423
9695 104423
9696 104423
9697 104423
9698 104423
9699 104423
9700 104423
9701 104423
9702 1148653
9703 1148653
9704 1148653
9705 1148653
9706 1148653
9707 1148653
9708 1148653
9709 1148653
9710 1148653
9711 1148653
9712 1148653
9713 104423
9714 104423
9715 104423
9716 104423
9717 104423
9718 104423
9719 104423
9720 104423
9721 104423
9722 104423
9723 104423
9724 104423
9725 104423
9726 104423
9727 104423
9728 104423
9729 104423
9730 104423
9731 104423
9732 104423
9733 104423
9734 104423
9735 104423
9736 104423
9737 104423
9738 104423
9739 104423
9740 104423
9741 104423
9742 104423
9743 104423
9744 104423
9745 104423
9746 104423
9747 104423
9748 104423
9749 104423
9750 104423
9751 104423
9752 104423
9753 104423
9754 104423
9755 104423
9756 104423
9757 104423
9758 104423
9759 104423
9760 104423
9761 104423
9762 104423
9763 104423
9764 104423
9765 104423
9766 104423
9767 104423
9768 1148653
9769 1148653
9770 1148653
9771 1148653
9772 1148653
9773 1148653
9774 1148653
9775 1148653
9776 1148653
9777 1148653
9778 1148653
9779 104423
9780 104423
9781 104423
9782 104423
9783 104423
9784 104423
9785 104423
9786 104423
9787 104423
9788 104423
9789 104423
9790 104423
9791 104423
9792 104423
9793 104423
9794 104423
9795 104423
9796 104423
9797 104423
9798 104423
9799 104423
9800 104423
9801 9493
9802 9493
9803 9493
9804 9493
9805 9493
9806 9493
9807 9493
9808 9493
9809 9493
9810 9493
9811 9493
9812 9493
9813 9493
9814 9493
9815 9493
9816 9493
9817 9493
9818 9493
9819 9493
9820 9493
9821 9493
9822 9493
9823 9493
9824 9493
9825 9493
9826 9493
9827 9493
9828 9493
9829 9493
9830 9493
9831 9493
9832 9493
9833 9493
9834 9493
9835 9493
9836 9493
9837 9493
9838 9493
9839 9493
9840 9493
9841 9493
9842 9493
9843 9493
9844 9493
9845 9493
9846 9493
9847 9493
9848 9493
9849 9493
9850 9493
9851 9493
9852 9493
9853 9493
9854 9493
9855 9493
9856 9493
9857 9493
9858 9493
9859 9493
9860 9493
9861 9493
9862 9493
9863 9493
9864 9493
9865 9493
9866 9493
9867 9493
9868 9493
9869 9493
9870 9493
9871 9493
9872 9493
9873 9493
9874 9493
9875 9493
9876 9493
9877 9493
9878 9493
9879 9493
9880 9493
9881 9493
9882 9493
9883 9493
9884 9493
9885 9493
9886 9493
9887 9493
9888 9493
9889 9493
9890 9493
9891 9493
9892 9493
9893 9493
9894 9493
9895 9493
9896 9493
9897 9493
9898 9493
9899 9493
9900 9493
9901 9493
9902 9493
9903 9493
9904 9493
9905 9493
9906 9493
9907 9493
9908 9493
9909 9493
9910 9493
9911 9493
9912 9493
9913 9493
9914 9493
9915 9493
9916 9493
9917 9493
9918 9493
9919 9493
9920 9493
9921 9493
9922 9493
9923 9493
9924 9493
9925 9493
9926 9493
9927 9493
9928 9493
9929 9493
9930 9493
9931 9493
9932 9493
9933 9493
9934 9493
9935 9493
9936 9493
9937 9493
9938 9493
9939 9493
9940 9493
9941 9493
9942 9493
9943 9493
9944 9493
9945 9493
9946 9493
9947 9493
9948 9493
9949 9493
9950 9493
9951 9493
9952 9493
9953 9493
9954 9493
9955 9493
9956 9493
9957 9493
9958 9493
9959 9493
9960 9493
9961 9493
9962 9493
9963 9493
9964 9493
9965 9493
9966 9493
9967 9493
9968 9493
9969 9493
9970 9493
9971 9493
9972 9493
9973 9493
9974 9493
9975 9493
9976 9493
9977 9493
9978 9493
9979 9493
9980 9493
9981 9493
9982 9493
9983 9493
9984 9493
9985 9493
9986 9493
9987 9493
9988 9493
9989 9493
9990 9493
9991 9493
9992 9493
9993 9493
9994 9493
9995 9493
9996 9493
9997 9493
9998 9493
9999 9493
10000 9493










