0 1
1 3
2 9
3 41
4 593
5 135457
6 8606778433
7 36893769626691833985
8 680564733921105089459460297630318346497
9 231584178474632390853419071752762496470716041121409734167406717963826481922561
10 26815615859885194199148049996411692254998133647381181234659401927543671673952289484963451359197178719769319587553959913206505955355812743737096686941766657
11 359538626972463181545861038157804946723595395788461314546860162315465351611003478783509255353750221021728690262298043601334696234239972297023720912231634639049674595201156716604579925139035446791478158076607504077765176409644907100029029184101525605744660600778701832121648011067760211756580532681816151164929
12 64634012142622014601429753377339903920888205339430968064260690855049310277735781786394402823045826927377435921843796038988239118300981842190176304772896568651574181655634580763617001529093417125685363222457086496228623502542631104126876857761976448287212955152838890973779939645499110412173429767860848661818659891306162298057367650874285959144573826614090012161249098997165642965821531052820347762558726767288648663617472742108651391313041338866635816143267743849029635732998379538151145885088726030355186531123597913114892440608132829072455818275892012158810244071090652722300355505441207111965525957809828532326401
