
1 0
2 1
3 2
4 2
5 1
6 2
7 3
8 1
9 2
10 2
11 3
12 2
13 5
14 1
15 4
16 3
17 2
18 2
19 1
20 1
21 2
22 5
23 4
24 1
25 7
26 2
27 4
28 4
29 6
30 2
31 5
32 1
33 4
34 3
35 5
36 2
37 8
38 2
39 6
40 3
41 3
42 3
43 5
44 2
45 5
46 4
47 7
48 5
49 7
50 3
51 5
52 3
53 3
54 1
55 11
56 4
57 7
58 6
59 5
60 2
61 4
62 3
63 8
64 5
65 6
66 1
67 14
68 1
69 6
70 7
71 6
72 6
73 8
74 3
75 6
76 7
77 7
78 5
79 9
80 3
81 3
82 5
83 7
84 7
85 15
86 5
87 6
88 5
89 2
90 5
91 15
92 6
93 12
94 8
95 7
96 3
97 15
98 8
99 10
100 5
101 1
102 6
103 7
104 6
105 4
106 7
107 6
108 4
109 11
110 2
111 11
112 10
113 7
114 4
115 12
116 3
117 9
118 2
119 18
120 9
121 7
122 2
123 13
124 6
125 11
126 6
127 10
128 4
129 5
130 16
131 9
132 6
133 21
134 2
135 12
136 4
137 13
138 4
139 9
140 8
141 8
142 12
143 9
144 5
145 10
146 3
147 13
148 7
149 9
150 5
151 10
152 9
153 11
154 7
155 18
156 10
157 12
158 3
159 14
160 9
161 3
162 6
163 22
164 9
165 9
166 4
167 10
168 1
169 27
170 8
171 8
172 3
173 6
174 7
175 23
176 9
177 24
178 4
179 9
180 5
181 10
182 7
183 11
184 7
185 5
186 6
187 14
188 12
189 12
190 13
191 16
192 4
193 26
194 5
195 12
196 6
197 14
198 5
199 18
200 3
201 9
202 10
203 13
204 7
205 15
206 4
207 22
208 10
209 20
210 11
211 11
212 2
213 11
214 17
215 8
216 5
217 15
218 4
219 16
220 12
221 12
222 3
223 22
224 5
225 16
226 7
227 8
228 6
229 15
230 8
231 11
232 18
233 16
234 12
235 23
236 3
237 14
238 10
239 21
240 5
241 13
242 7
243 14
244 7
245 24
246 7
247 19
248 7
249 14
250 4
251 12
252 12
253 45
254 12
255 5
256 4
257 8
258 11
259 26
260 10
261 6
262 8
263 14
264 4
265 30
266 11
267 21
268 8
269 9
270 7
271 12
272 10
273 23
274 16
275 28
276 3
277 24
278 5
279 22
280 17
281 11
282 5
283 8
284 14
285 12
286 11
287 20
288 8
289 29
290 6
291 17
292 9
293 15
294 11
295 23
296 9
297 8
298 16
299 12
300 13
301 20
302 13
303 16
304 12
305 21
306 8
307 28
308 8
309 23
310 11
311 17
312 10
313 18
314 8
315 17
316 13
317 25
318 7
319 24
320 10
321 9
322 15
323 21
324 10
325 14
326 6
327 12
328 13
329 17
330 15
331 20
332 4
333 14
334 8
335 12
336 5
337 27
338 6
339 16
340 15
341 6
342 9
343 32
344 11
345 25
346 10
347 16
348 9
349 31
350 9
351 23
352 13
353 14
354 5
355 22
356 11
357 26
358 20
359 17
360 5
361 28
362 9
363 27
364 17
365 20
366 8
367 27
368 14
369 15
370 15
371 17
372 13
373 31
374 5
375 29
376 8
377 30
378 10
379 44
380 12
381 6
382 12
383 10
384 12
385 36
386 7
387 15
388 12
389 31
390 10
391 28
392 13
393 19
394 15
395 15
396 11
397 30
398 4
399 18
400 16
401 14
402 7
403 49
404 7
405 23
406 16
407 24
408 13
409 20
410 16
411 12
412 14
413 17
414 11
415 32
416 8
417 22
418 15
419 22
420 7
421 21
422 13
423 18
424 18
425 17
426 6
427 48
428 14
429 20
430 16
431 15
432 9
433 25
434 19
435 21
436 14
437 11
438 16
439 24
440 10
441 24
442 21
443 25
444 10
445 31
446 3
447 11
448 18
449 22
450 10
451 16
452 16
453 20
454 26
455 22
456 9
457 31
458 9
459 19
460 17
461 22
462 13
463 41
464 14
465 12
466 17
467 19
468 10
469 26
470 13
471 12
472 13
473 35
474 10
475 44
476 10
477 27
478 15
479 13
480 13
481 17
482 12
483 35
484 27
485 24
486 4
487 40
488 9
489 22
490 17
491 13
492 7
493 29
494 18
495 18
496 24
497 13
498 18
499 54
500 10
501 21
502 8
503 23
504 20
505 50
506 16
507 21
508 15
509 18
510 15
511 24
512 12
513 19
514 11
515 16
516 3
517 33
518 18
519 26
520 22
521 9
522 12
523 21
524 13
525 21
526 16
527 28
528 3
529 42
530 5
531 24
532 26
533 43
534 12
535 19
536 7
537 15
538 22
539 35
540 15
541 37
542 9
543 22
544 16
545 17
546 10
547 39
548 15
549 20
550 20
551 21
552 17
553 43
554 21
555 24
556 7
557 28
558 9
559 43
560 19
561 21
562 23
563 13
564 19
565 21
566 5
567 25
568 20
569 25
570 11
571 36
572 9
573 30
574 20
575 40
576 6
577 44
578 14
579 18
580 14
581 25
582 11
583 42
584 14
585 26
586 5
587 28
588 14
589 44
590 11
591 7
592 21
593 23
594 12
595 45
596 9
597 35
598 24
599 37
600 8
601 16
602 15
603 28
604 22
605 26
606 13
607 16
608 14
609 39
610 21
611 17
612 10
613 29
614 11
615 27
616 12
617 49
618 19
619 34
620 9
621 18
622 15
623 34
624 13
625 37
626 6
627 31
628 15
629 25
630 13
631 34
632 17
633 13
634 12
635 18
636 19
637 34
638 17
639 32
640 11
641 20
642 11
643 68
644 16
645 39
646 21
647 11
648 18
649 36
650 18
651 17
652 38
653 32
654 7
655 39
656 8
657 29
658 33
659 37
660 13
661 22
662 9
663 18
664 21
665 25
666 14
667 30
668 11
669 52
670 20
671 33
672 16
673 36
674 9
675 25
676 18
677 14
678 8
679 34
680 17
681 22
682 16
683 51
684 4
685 53
686 8
687 36
688 18
689 24
690 16
691 27
692 11
693 28
694 45
695 31
696 11
697 52
698 6
699 18
700 19
701 26
702 15
703 35
704 21
705 13
706 15
707 31
708 23
709 62
710 6
711 21
712 15
713 37
714 25
715 61
716 10
717 22
718 12
719 22
720 23
721 33
722 16
723 35
724 15
725 30
726 8
727 47
728 21
729 41
730 23
731 21
732 11
733 32
734 15
735 36
736 18
737 34
738 17
739 47
740 11
741 22
742 37
743 35
744 7
745 29
746 14
747 23
748 25
749 41
750 11
751 45
752 13
753 47
754 22
755 27
756 6
757 41
758 18
759 16
760 35
761 17
762 25
763 46
764 27
765 35
766 12
767 28
768 9
769 63
770 17
771 36
772 24
773 22
774 18
775 36
776 14
777 27
778 22
779 32
780 11
781 25
782 22
783 28
784 23
785 64
786 19
787 30
788 18
789 26
790 24
791 32
792 24
793 81
794 11
795 50
796 12
797 29
798 18
799 54
800 11
801 11
802 19
803 19
804 27
805 55
806 25
807 36
808 10
809 33
810 10
811 36
812 19
813 50
814 29
815 30
816 11
817 46
818 20
819 37
820 20
821 34
822 5
823 49
824 16
825 34
826 24
827 35
828 23
829 30
830 20
831 21
832 23
833 40
834 27
835 36
836 8
837 47
838 15
839 47
840 22
841 54
842 13
843 24
844 21
845 24
846 19
847 67
848 23
849 24
850 21
851 23
852 14
853 62
854 15
855 40
856 26
857 28
858 18
859 41
860 18
861 26
862 40
863 31
864 12
865 40
866 11
867 34
868 28
869 42
870 21
871 25
872 17
873 34
874 27
875 40
876 14
877 53
878 6
879 36
880 23
881 24
882 20
883 108
884 19
885 21
886 18
887 25
888 13
889 63
890 32
891 36
892 21
893 26
894 6
895 55
896 14
897 33
898 32
899 18
900 20
901 31
902 17
903 42
904 28
905 32
906 7
907 63
908 7
909 34
910 26
911 45
912 19
913 41
914 12
915 15
916 20
917 49
918 31
919 52
920 10
921 22
922 14
923 51
924 25
925 64
926 6
927 30
928 43
929 27
930 17
931 45
932 14
933 30
934 12
935 50
936 9
937 39
938 30
939 44
940 25
941 11
942 22
943 33
944 21
945 34
946 23
947 60
948 14
949 99
950 11
951 41
952 24
953 21
954 15
955 45
956 15
957 41
958 27
959 43
960 22
961 46
962 17
963 24
964 14
965 36
966 8
967 77
968 22
969 35
970 27
971 17
972 19
973 43
974 25
975 37
976 11
977 34
978 11
979 54
980 35
981 32
982 26
983 24
984 19
985 32
986 15
987 35
988 41
989 46
990 15
991 50
992 13
993 64
994 37
995 46
996 14
997 36
998 12
999 30
1000 37
1001 33
1002 36
1003 43
1004 16
1005 40
1006 18
1007 44
1008 23
1009 52
1010 12
1011 20
1012 49
1013 45
1014 22
1015 55
1016 17
1017 42
1018 17
1019 32
1020 9
1021 43
1022 16
1023 43
1024 36
1025 32
1026 21
1027 54
1028 13
1029 33
1030 48
1031 33
1032 15
1033 66
1034 13
1035 57
1036 16
1037 55
1038 21
1039 44
1040 14
1041 22
1042 39
1043 36
1044 27
1045 58
1046 9
1047 35
1048 24
1049 41
1050 15
1051 58
1052 12
1053 21
1054 36
1055 35
1056 9
1057 46
1058 15
1059 57
1060 27
1061 41
1062 8
1063 41
1064 23
1065 62
1066 23
1067 24
1068 22
1069 26
1070 25
1071 42
1072 36
1073 33
1074 10
1075 53
1076 11
1077 30
1078 28
1079 54
1080 11
1081 55
1082 28
1083 31
1084 27
1085 39
1086 18
1087 90
1088 14
1089 40
1090 38
1091 24
1092 27
1093 97
1094 24
1095 24
1096 14
1097 14
1098 25
1099 80
1100 35
1101 32
1102 21
1103 44
1104 12
1105 84
1106 14
1107 32
1108 24
1109 25
1110 34
1111 32
1112 23
1113 46
1114 26
1115 29
1116 9
1117 64
1118 11
1119 37
1120 42
1121 36
1122 21
1123 45
1124 19
1125 35
1126 19
1127 53
1128 20
1129 71
1130 12
1131 30
1132 25
1133 50
1134 23
1135 53
1136 14
1137 31
1138 31
1139 27
1140 17
1141 43
1142 31
1143 48
1144 23
1145 51
1146 13
1147 64
1148 13
1149 71
1150 31
1151 26
1152 21
1153 41
1154 18
1155 40
1156 42
1157 41
1158 10
1159 90
1160 14
1161 33
1162 37
1163 50
1164 22
1165 49
1166 21
1167 24
1168 34
1169 51
1170 32
1171 50
1172 17
1173 29
1174 9
1175 53
1176 16
1177 100
1178 36
1179 37
1180 23
1181 21
1182 29
1183 64
1184 27
1185 63
1186 14
1187 43
1188 14
1189 101
1190 19
1191 35
1192 27
1193 24
1194 20
1195 29
1196 16
1197 54
1198 57
1199 39
1200 15
1201 51
1202 19
1203 46
1204 40
1205 29
1206 17
1207 47
1208 42
1209 29
1210 34
1211 27
1212 16
1213 76
1214 15
1215 49
1216 14
1217 53
1218 18
1219 71
1220 32
1221 29
1222 43
1223 24
1224 15
1225 71
1226 16
1227 62
1228 13
1229 36
1230 18
1231 49
1232 25
1233 46
1234 23
1235 32
1236 17
1237 52
1238 15
1239 30
1240 30
1241 53
1242 18
1243 86
1244 24
1245 43
1246 44
1247 63
1248 23
1249 29
1250 23
1251 22
1252 33
1253 53
1254 31
1255 101
1256 9
1257 37
1258 25
1259 57
1260 25
1261 49
1262 14
1263 29
1264 37
1265 33
1266 20
1267 41
1268 30
1269 53
1270 13
1271 31
1272 23
1273 57
1274 37
1275 64
1276 35
1277 34
1278 23
1279 45
1280 34
1281 35
1282 28
1283 35
1284 11
1285 70
1286 13
1287 54
1288 31
1289 56
1290 36
1291 36
1292 27
1293 30
1294 35
1295 42
1296 23
1297 75
1298 15
1299 63
1300 13
1301 41
1302 23
1303 91
1304 24
1305 19
1306 28
1307 35
1308 23
1309 75
1310 28
1311 26
1312 34
1313 52
1314 11
1315 69
1316 15
1317 39
1318 49
1319 38
1320 26
1321 40
1322 16
1323 50
1324 44
1325 58
1326 14
1327 79
1328 15
1329 38
1330 30
1331 62
1332 28
1333 50
1334 40
1335 32
1336 31
1337 61
1338 34
1339 57
1340 20
1341 30
1342 27
1343 58
1344 29
1345 82
1346 27
1347 34
1348 24
1349 38
1350 25
1351 43
1352 34
1353 48
1354 23
1355 38
1356 18
1357 71
1358 30
1359 63
1360 40
1361 17
1362 23
1363 46
1364 34
1365 93
1366 34
1367 54
1368 14
1369 89
1370 11
1371 32
1372 35
1373 80
1374 18
1375 57
1376 19
1377 31
1378 46
1379 53
1380 35
1381 36
1382 9
1383 38
1384 26
1385 50
1386 26
1387 92
1388 21
1389 35
1390 42
1391 30
1392 20
1393 74
1394 22
1395 38
1396 22
1397 48
1398 24
1399 60
1400 33
1401 32
1402 36
1403 34
1404 26
1405 52
1406 21
1407 52
1408 33
1409 61
1410 20
1411 95
1412 19
1413 45
1414 23
1415 55
1416 20
1417 45
1418 28
1419 33
1420 39
1421 31
1422 27
1423 111
1424 24
1425 56
1426 18
1427 53
1428 26
1429 116
1430 34
1431 27
1432 33
1433 25
1434 29
1435 117
1436 9
1437 33
1438 27
1439 52
1440 13
1441 59
1442 45
1443 52
1444 45
1445 43
1446 20
1447 33
1448 26
1449 42
1450 57
1451 51
1452 19
1453 63
1454 13
1455 62
1456 27
1457 85
1458 27
1459 41
1460 18
1461 31
1462 61
1463 56
1464 33
1465 67
1466 13
1467 83
1468 28
1469 42
1470 13
1471 56
1472 29
1473 38
1474 48
1475 45
1476 27
1477 68
1478 33
1479 63
1480 18
1481 37
1482 14
1483 63
1484 36
1485 51
1486 39
1487 28
1488 29
1489 63
1490 20
1491 35
1492 25
1493 70
1494 21
1495 77
1496 13
1497 58
1498 40
1499 57
1500 30
1501 36
1502 30
1503 45
1504 32
1505 46
1506 31
1507 117
1508 18
1509 36
1510 33
1511 37
1512 23
1513 71
1514 18
1515 25
1516 37
1517 32
1518 28
1519 119
1520 33
1521 44
1522 23
1523 63
1524 18
1525 76
1526 19
1527 78
1528 34
1529 48
1530 31
1531 35
1532 40
1533 55
1534 36
1535 56
1536 11
1537 67
1538 13
1539 52
1540 52
1541 68
1542 22
1543 44
1544 27
1545 39
1546 27
1547 55
1548 25
1549 80
1550 17
1551 35
1552 40
1553 40
1554 35
1555 120
1556 14
1557 27
1558 46
1559 42
1560 30
1561 43
1562 39
1563 58
1564 27
1565 82
1566 13
1567 102
1568 27
1569 53
1570 32
1571 22
1572 22
1573 53
1574 26
1575 57
1576 47
1577 57
1578 32
1579 70
1580 16
1581 36
1582 35
1583 56
1584 36
1585 57
1586 25
1587 39
1588 59
1589 43
1590 12
1591 55
1592 12
1593 74
1594 26
1595 77
1596 18
1597 108
1598 28
1599 40
1600 36
1601 29
1602 18
1603 62
1604 36
1605 89
1606 22
1607 59
1608 12
1609 85
1610 27
1611 46
1612 33
1613 28
1614 29
1615 55
1616 26
1617 53
1618 55
1619 45
1620 21
1621 63
1622 21
1623 48
1624 29
1625 41
1626 23
1627 54
1628 27
1629 39
1630 18
1631 48
1632 41
1633 77
1634 9
1635 58
1636 17
1637 68
1638 35
1639 105
1640 32
1641 20
1642 34
1643 40
1644 34
1645 77
1646 31
1647 42
1648 22
1649 56
1650 20
1651 98
1652 26
1653 76
1654 40
1655 40
1656 18
1657 61
1658 26
1659 72
1660 50
1661 41
1662 23
1663 80
1664 19
1665 56
1666 29
1667 44
1668 20
1669 54
1670 33
1671 28
1672 50
1673 58
1674 26
1675 75
1676 21
1677 60
1678 32
1679 54
1680 21
1681 82
1682 41
1683 49
1684 41
1685 26
1686 16
1687 74
1688 48
1689 51
1690 31
1691 38
1692 24
1693 76
1694 29
1695 75
1696 26
1697 50
1698 32
1699 56
1700 31
1701 51
1702 39
1703 56
1704 20
1705 96
1706 14
1707 41
1708 50
1709 71
1710 58
1711 38
1712 24
1713 23
1714 54
1715 63
1716 31
1717 104
1718 14
1719 68
1720 31
1721 42
1722 17
1723 87
1724 28
1725 43
1726 41
1727 48
1728 33
1729 81
1730 32
1731 44
1732 15
1733 44
1734 24
1735 93
1736 13
1737 103
1738 45
1739 61
1740 23
1741 53
1742 26
1743 58
1744 43
1745 55
1746 14
1747 85
1748 30
1749 78
1750 55
1751 44
1752 27
1753 55
1754 37
1755 39
1756 28
1757 73
1758 39
1759 78
1760 19
1761 69
1762 26
1763 60
1764 29
1765 79
1766 18
1767 46
1768 50
1769 40
1770 33
1771 79
1772 30
1773 52
1774 42
1775 70
1776 22
1777 63
1778 20
1779 63
1780 60
1781 29
1782 23
1783 66
1784 22
1785 61
1786 46
1787 74
1788 24
1789 71
1790 17
1791 34
1792 52
1793 76
1794 34
1795 53
1796 23
1797 55
1798 41
1799 55
1800 34
1801 48
1802 20
1803 67
1804 31
1805 79
1806 23
1807 141
1808 31
1809 41
1810 33
1811 27
1812 26
1813 85
1814 33
1815 61
1816 31
1817 47
1818 21
1819 109
1820 37
1821 39
1822 42
1823 34
1824 28
1825 79
1826 20
1827 61
1828 62
1829 60
1830 20
1831 78
1832 15
1833 63
1834 30
1835 94
1836 23
1837 46
1838 42
1839 46
1840 46
1841 55
1842 52
1843 60
1844 21
1845 47
1846 27
1847 68
1848 54
1849 99
1850 30
1851 28
1852 49
1853 49
1854 26
1855 59
1856 24
1857 54
1858 42
1859 76
1860 25
1861 49
1862 31
1863 86
1864 66
1865 40
1866 18
1867 68
1868 29
1869 67
1870 67
1871 53
1872 20
1873 106
1874 23
1875 68
1876 25
1877 68
1878 20
1879 67
1880 28
1881 35
1882 52
1883 48
1884 43
1885 133
1886 19
1887 70
1888 25
1889 34
1890 32
1891 83
1892 32
1893 54
1894 21
1895 31
1896 22
1897 107
1898 42
1899 66
1900 27
1901 62
1902 16
1903 105
1904 48
1905 61
1906 41
1907 37
1908 24
1909 65
1910 42
1911 50
1912 48
1913 57
1914 12
1915 100
1916 15
1917 80
1918 64
1919 66
1920 22
1921 27
1922 29
1923 40
1924 52
1925 66
1926 43
1927 68
1928 26
1929 61
1930 30
1931 49
1932 32
1933 86
1934 27
1935 48
1936 50
1937 56
1938 33
1939 107
1940 31
1941 53
1942 35
1943 56
1944 27
1945 134
1946 16
1947 67
1948 47
1949 42
1950 35
1951 53
1952 40
1953 40
1954 56
1955 71
1956 13
1957 110
1958 33
1959 74
1960 30
1961 82
1962 37
1963 71
1964 35
1965 31
1966 32
1967 59
1968 38
1969 110
1970 24
1971 44
1972 26
1973 75
1974 33
1975 126
1976 21
1977 33
1978 61
1979 39
1980 24
1981 95
1982 52
1983 86
1984 51
1985 57
1986 17
1987 80
1988 34
1989 71
1990 54
1991 30
1992 33
1993 46
1994 36
1995 92
1996 57
1997 51
1998 10
1999 69
2000 26
2001 61
2002 64
2003 101
2004 25
2005 58
2006 26
2007 53
2008 40
2009 79
2010 35
2011 67
2012 18
2013 91
2014 40
2015 67
2016 25
2017 135
2018 26
2019 19
2020 44
2021 39
2022 47
2023 129
2024 38
2025 70
2026 18
2027 66
2028 33
2029 107
2030 27
2031 49
2032 46
2033 63
2034 39
2035 85
2036 32
2037 54
2038 49
2039 75
2040 28
2041 49
2042 20
2043 62
2044 47
2045 68
2046 27
2047 88
2048 29
2049 44
2050 54
2051 57
2052 30
2053 95
2054 23
2055 57
2056 32
2057 74
2058 40
2059 105
2060 30
2061 28
2062 55
2063 42
2064 29
2065 83
2066 20
2067 55
2068 33
2069 110
2070 17
2071 88
2072 43
2073 107
2074 62
2075 33
2076 25
2077 79
2078 42
2079 73
2080 71
2081 37
2082 24
2083 63
2084 18
2085 64
2086 44
2087 74
2088 48
2089 48
2090 40
2091 50
2092 39
2093 70
2094 52
2095 104
2096 24
2097 55
2098 28
2099 65
2100 37
2101 117
2102 40
2103 28
2104 45
2105 52
2106 34
2107 82
2108 39
2109 52
2110 30
2111 39
2112 14
2113 140
2114 34
2115 91
2116 37
2117 60
2118 47
2119 62
2120 27
2121 35
2122 67
2123 41
2124 27
2125 96
2126 24
2127 75
2128 67
2129 59
2130 30
2131 49
2132 47
2133 39
2134 64
2135 64
2136 22
2137 118
2138 29
2139 86
2140 22
2141 41
2142 28
2143 163
2144 39
2145 62
2146 44
2147 44
2148 44
2149 79
2150 34
2151 50
2152 40
2153 64
2154 21
2155 84
2156 33
2157 76
2158 54
2159 42
2160 24
2161 42
2162 21
2163 70
2164 74
2165 106
2166 11
2167 101
2168 22
2169 59
2170 77
2171 81
2172 28
2173 64
2174 20
2175 52
2176 41
2177 79
2178 43
2179 116
2180 12
2181 50
2182 28
2183 97
2184 38
2185 103
2186 23
2187 61
2188 48
2189 51
2190 51
2191 66
2192 47
2193 61
2194 25
2195 45
2196 21
2197 79
2198 34
2199 75
2200 42
2201 33
2202 30
2203 117
2204 42
2205 86
2206 33
2207 62
2208 20
2209 135
2210 37
2211 55
2212 54
2213 49
2214 26
2215 80
2216 25
2217 54
2218 37
2219 46
2220 50
2221 124
2222 26
2223 66
2224 35
2225 80
2226 19
2227 114
2228 25
2229 30
2230 38
2231 45
2232 47
2233 148
2234 70
2235 49
2236 26
2237 80
2238 19
2239 93
2240 24
2241 58
2242 62
2243 57
2244 40
2245 70
2246 22
2247 73
2248 72
2249 86
2250 16
2251 79
2252 15
2253 63
2254 50
2255 104
2256 29
2257 64
2258 31
2259 44
2260 70
2261 45
2262 53
2263 75
2264 26
2265 62
2266 28
2267 96
2268 35
2269 91
2270 51
2271 23
2272 50
2273 41
2274 38
2275 109
2276 28
2277 127
2278 31
2279 81
2280 26
2281 141
2282 31
2283 95
2284 37
2285 32
2286 20
2287 70
2288 48
2289 86
2290 64
2291 48
2292 29
2293 122
2294 19
2295 68
2296 39
2297 68
2298 37
2299 82
2300 53
2301 35
2302 83
2303 101
2304 36
2305 80
2306 13
2307 50
2308 46
2309 86
2310 29
2311 86
2312 41
2313 52
2314 50
2315 55
2316 22
2317 73
2318 34
2319 81
2320 43
2321 37
2322 39
2323 97
2324 42
2325 82
2326 52
2327 39
2328 25
2329 63
2330 36
2331 60
2332 72
2333 61
2334 17
2335 155
2336 19
2337 68
2338 40
2339 76
2340 24
2341 63
2342 30
2343 32
2344 50
2345 71
2346 47
2347 119
2348 25
2349 75
2350 25
2351 47
2352 38
2353 162
2354 37
2355 56
2356 31
2357 45
2358 35
2359 105
2360 52
2361 38
2362 33
2363 73
2364 30
2365 114
2366 39
2367 74
2368 69
2369 42
2370 44
2371 40
2372 28
2373 89
2374 81
2375 90
2376 17
2377 138
2378 18
2379 83
2380 43
2381 95
2382 21
2383 47
2384 35
2385 50
2386 48
2387 84
2388 36
2389 71
2390 23
2391 67
2392 57
2393 57
2394 27
2395 111
2396 26
2397 55
2398 49
2399 60
2400 45
2401 87
2402 33
2403 83
2404 39
2405 75
2406 15
2407 131
2408 35
2409 75
2410 77
2411 36
2412 34
2413 86
2414 47
2415 64
2416 50
2417 69
2418 43
2419 141
2420 31
2421 55
2422 50
2423 72
2424 56
2425 77
2426 27
2427 30
2428 52
2429 68
2430 50
2431 100
2432 25
2433 77
2434 43
2435 57
2436 40
2437 146
2438 41
2439 49
2440 49
2441 41
2442 32
2443 148
2444 38
2445 66
2446 31
2447 88
2448 23
2449 102
2450 38
2451 90
2452 61
2453 22
2454 44
2455 74
2456 38
2457 94
2458 62
2459 66
2460 22
2461 59
2462 27
2463 74
2464 67
2465 136
2466 27
2467 69
2468 41
2469 62
2470 49
2471 46
2472 37
2473 87
2474 23
2475 95
2476 32
2477 81
2478 29
2479 150
2480 35
2481 30
2482 54
2483 43
2484 44
2485 139
2486 26
2487 87
2488 42
2489 91
2490 35
2491 75
2492 36
2493 87
2494 61
2495 60
2496 39
2497 61
2498 48
2499 69
2500 78
2501 49
2502 20
2503 76
2504 25
2505 59
2506 42
2507 111
2508 53
2509 123
2510 30
2511 46
2512 56
2513 92
2514 31
2515 138
2516 20
2517 83
2518 31
2519 70
2520 50
2521 92
2522 43
2523 57
2524 56
2525 46
2526 22
2527 122
2528 48
2529 88
2530 47
2531 63
2532 24
2533 149
2534 34
2535 96
2536 41
2537 38
2538 36
2539 84
2540 42
2541 77
2542 78
2543 73
2544 31
2545 118
2546 25
2547 66
2548 50
2549 76
2550 43
2551 49
2552 42
2553 85
2554 51
2555 103
2556 41
2557 105
2558 17
2559 66
2560 34
2561 66
2562 55
2563 123
2564 46
2565 39
2566 69
2567 59
2568 44
2569 106
2570 34
2571 57
2572 54
2573 91
2574 26
2575 129
2576 32
2577 96
2578 59
2579 48
2580 39
2581 57
2582 27
2583 82
2584 74
2585 96
2586 16
2587 98
2588 22
2589 116
2590 62
2591 61
2592 35
2593 64
2594 35
2595 64
2596 41
2597 75
2598 48
2599 113
2600 35
2601 71
2602 47
2603 58
2604 32
2605 176
2606 31
2607 54
2608 92
2609 40
2610 31
2611 106
2612 68
2613 68
2614 32
2615 66
2616 9
2617 113
2618 45
2619 108
2620 56
2621 52
2622 32
2623 91
2624 43
2625 77
2626 30
2627 90
2628 28
2629 147
2630 21
2631 46
2632 73
2633 99
2634 37
2635 74
2636 22
2637 39
2638 86
2639 100
2640 50
2641 139
2642 15
2643 59
2644 53
2645 100
2646 32
2647 160
2648 34
2649 47
2650 56
2651 59
2652 53
2653 107
2654 51
2655 75
2656 32
2657 85
2658 31
2659 114
2660 40
2661 59
2662 39
2663 55
2664 46
2665 84
2666 33
2667 93
2668 56
2669 59
2670 31
2671 104
2672 33
2673 81
2674 52
2675 67
2676 45
2677 92
2678 45
2679 44
2680 77
2681 36
2682 48
2683 163
2684 30
2685 110
2686 42
2687 86
2688 31
2689 157
2690 34
2691 33
2692 44
2693 66
2694 41
2695 130
2696 44
2697 70
2698 52
2699 97
2700 28
2701 63
2702 44
2703 86
2704 72
2705 45
2706 41
2707 96
2708 22
2709 97
2710 61
2711 56
2712 20
2713 91
2714 24
2715 141
2716 60
2717 113
2718 49
2719 82
2720 34
2721 28
2722 61
2723 75
2724 46
2725 105
2726 20
2727 73
2728 50
2729 84
2730 37
2731 87
2732 44
2733 46
2734 54
2735 57
2736 43
2737 203
2738 54
2739 65
2740 50
2741 54
2742 30
2743 147
2744 45
2745 80
2746 33
2747 38
2748 42
2749 69
2750 36
2751 71
2752 50
2753 99
2754 37
2755 160
2756 18
2757 58
2758 63
2759 93
2760 33
2761 89
2762 55
2763 39
2764 73
2765 67
2766 49
2767 107
2768 29
2769 66
2770 40
2771 62
2772 46
2773 174
2774 37
2775 68
2776 69
2777 61
2778 43
2779 83
2780 34
2781 67
2782 41
2783 108
2784 37
2785 98
2786 34
2787 147
2788 67
2789 46
2790 34
2791 49
2792 34
2793 91
2794 118
2795 107
2796 11
2797 127
2798 34
2799 92
2800 62
2801 73
2802 32
2803 77
2804 44
2805 41
2806 55
2807 63
2808 60
2809 135
2810 41
2811 55
2812 39
2813 72
2814 48
2815 162
2816 45
2817 61
2818 48
2819 58
2820 40
2821 110
2822 34
2823 70
2824 24
2825 66
2826 24
2827 146
2828 73
2829 103
2830 79
2831 45
2832 67
2833 72
2834 42
2835 74
2836 71
2837 79
2838 25
2839 166
2840 11
2841 63
2842 80
2843 90
2844 27
2845 78
2846 26
2847 52
2848 58
2849 96
2850 45
2851 88
2852 24
2853 99
2854 50
2855 82
2856 30
2857 136
2858 36
2859 67
2860 61
2861 64
2862 27
2863 125
2864 44
2865 79
2866 36
2867 69
2868 30
2869 117
2870 55
2871 71
2872 67
2873 60
2874 28
2875 80
2876 35
2877 54
2878 76
2879 75
2880 33
2881 105
2882 24
2883 119
2884 48
2885 154
2886 29
2887 93
2888 40
2889 39
2890 48
2891 60
2892 64
2893 161
2894 27
2895 65
2896 21
2897 116
2898 43
2899 155
2900 40
2901 36
2902 58
2903 61
2904 53
2905 151
2906 34
2907 98
2908 49
2909 63
2910 30
2911 82
2912 42
2913 96
2914 88
2915 49
2916 40
2917 89
2918 61
2919 92
2920 68
2921 62
2922 23
2923 161
2924 35
2925 98
2926 41
2927 130
2928 28
2929 73
2930 67
2931 47
2932 55
2933 83
2934 30
2935 118
2936 25
2937 98
2938 56
2939 63
2940 51
2941 101
2942 41
2943 57
2944 80
2945 54
2946 54
2947 132
2948 66
2949 125
2950 35
2951 70
2952 32
2953 135
2954 30
2955 81
2956 43
2957 50
2958 45
2959 119
2960 42
2961 52
2962 97
2963 84
2964 30
2965 137
2966 13
2967 69
2968 90
2969 120
2970 49
2971 71
2972 23
2973 61
2974 40
2975 131
2976 37
2977 98
2978 22
2979 97
2980 44
2981 75
2982 67
2983 141
2984 47
2985 68
2986 56
2987 43
2988 44
2989 132
2990 61
2991 69
2992 46
2993 81
2994 20
2995 149
2996 34
2997 99
2998 70
2999 63
3000 28
3001 72
3002 59
3003 128
3004 85
3005 64
3006 31
3007 111
3008 41
3009 89
3010 50
3011 62
3012 47
3013 79
3014 55
3015 83
3016 44
3017 89
3018 36
3019 158
3020 25
3021 69
3022 28
3023 77
3024 46
3025 175
3026 38
3027 63
3028 76
3029 60
3030 31
3031 93
3032 33
3033 69
3034 44
3035 85
3036 31
3037 220
3038 38
3039 93
3040 95
3041 49
3042 48
3043 58
3044 53
3045 98
3046 49
3047 88
3048 40
3049 122
3050 26
3051 59
3052 56
3053 103
3054 40
3055 75
3056 34
3057 90
3058 58
3059 115
3060 56
3061 94
3062 31
3063 130
3064 29
3065 63
3066 35
3067 140
3068 48
3069 53
3070 74
3071 40
3072 44
3073 111
3074 58
3075 85
3076 37
3077 76
3078 25
3079 164
3080 42
3081 74
3082 73
3083 94
3084 44
3085 66
3086 24
3087 78
3088 97
3089 126
3090 25
3091 102
3092 29
3093 54
3094 106
3095 99
3096 34
3097 72
3098 38
3099 36
3100 79
3101 81
3102 60
3103 137
3104 30
3105 113
3106 51
3107 86
3108 36
3109 143
3110 40
3111 46
3112 53
3113 81
3114 66
3115 107
3116 42
3117 114
3118 55
3119 77
3120 26
3121 96
3122 68
3123 108
3124 49
3125 69
3126 22
3127 122
3128 48
3129 83
3130 54
3131 66
3132 32
3133 144
3134 44
3135 99
3136 57
3137 53
3138 43
3139 116
3140 61
3141 37
3142 53
3143 62
3144 64
3145 131
3146 28
3147 77
3148 40
3149 86
3150 56
3151 162
3152 36
3153 53
3154 62
3155 54
3156 35
3157 126
3158 62
3159 89
3160 51
3161 80
3162 27
3163 135
3164 40
3165 90
3166 35
3167 65
3168 34
3169 81
3170 31
3171 78
3172 111
3173 112
3174 30
3175 90
3176 19
3177 82
3178 96
3179 128
3180 56
3181 58
3182 65
3183 65
3184 78
3185 69
3186 22
3187 114
3188 22
3189 76
3190 73
3191 94
3192 57
3193 189
3194 31
3195 61
3196 53
3197 59
3198 45
3199 144
3200 49
3201 86
3202 47
3203 97
3204 28
3205 158
3206 35
3207 70
3208 48
3209 51
3210 64
3211 91
3212 59
3213 127
3214 51
3215 60
3216 17
3217 153
3218 26
3219 80
3220 54
3221 69
3222 59
3223 109
3224 54
3225 51
3226 59
3227 79
3228 55
3229 148
3230 27
3231 72
3232 46
3233 99
3234 48
3235 187
3236 37
3237 69
3238 77
3239 59
3240 38
3241 84
3242 52
3243 99
3244 50
3245 86
3246 22
3247 93
3248 43
3249 144
3250 97
3251 30
3252 47
3253 63
3254 45
3255 102
3256 88
3257 101
3258 18
3259 133
3260 39
3261 83
3262 47
3263 97
3264 46
3265 153
3266 49
3267 74
3268 68
3269 92
3270 69
3271 110
3272 29
3273 53
3274 55
3275 102
3276 36
3277 157
3278 55
3279 58
3280 43
3281 39
3282 35
3283 112
3284 47
3285 63
3286 25
3287 109
3288 45
3289 128
3290 49
3291 102
3292 73
3293 65
3294 53
3295 70
3296 33
3297 65
3298 99
3299 78
3300 32
3301 102
3302 23
3303 89
3304 103
3305 111
3306 34
3307 78
3308 42
3309 64
3310 78
3311 61
3312 69
3313 118
3314 39
3315 135
3316 46
3317 75
3318 40
3319 98
3320 49
3321 56
3322 99
3323 70
3324 43
3325 167
3326 48
3327 98
3328 35
3329 77
3330 28
3331 78
3332 51
3333 81
3334 79
3335 66
3336 49
3337 96
3338 53
3339 80
3340 52
3341 65
3342 31
3343 205
3344 21
3345 94
3346 47
3347 131
3348 55
3349 137
3350 31
3351 38
3352 58
3353 144
3354 56
3355 162
3356 29
3357 67
3358 32
3359 93
3360 61
3361 160
3362 51
3363 49
3364 78
3365 71
3366 50
3367 206
3368 44
3369 129
3370 40
3371 45
3372 32
3373 144
3374 38
3375 101
3376 37
3377 54
3378 61
3379 86
3380 53
3381 69
3382 110
3383 91
3384 19
3385 122
3386 20
3387 97
3388 93
3389 150
3390 30
3391 62
3392 38
3393 68
3394 50
3395 75
3396 33
3397 141
3398 27
3399 109
3400 66
3401 71
3402 42
3403 156
3404 52
3405 69
3406 52
3407 68
3408 53
3409 117
3410 76
3411 93
3412 49
3413 82
3414 35
3415 110
3416 31
3417 139
3418 82
3419 61
3420 70
3421 74
3422 62
3423 64
3424 92
3425 87
3426 21
3427 156
3428 31
3429 80
3430 73
3431 120
3432 38
3433 129
3434 26
3435 60
3436 48
3437 123
3438 55
3439 150
3440 50
3441 69
3442 44
3443 103
3444 74
3445 166
3446 38
3447 66
3448 90
3449 45
3450 45
3451 94
3452 59
3453 91
3454 54
3455 91
3456 24
3457 164
3458 76
3459 140
3460 38
3461 36
3462 31
3463 139
3464 45
3465 122
3466 73
3467 69
3468 36
3469 145
3470 34
3471 65
3472 49
3473 118
3474 50
3475 108
3476 41
3477 113
3478 84
3479 144
3480 66
3481 98
3482 35
3483 94
3484 57
3485 111
3486 40
3487 118
3488 43
3489 54
3490 84
3491 61
3492 56
3493 81
3494 36
3495 98
3496 53
3497 175
3498 40
3499 184
3500 41
3501 72
3502 89
3503 66
3504 35
3505 96
3506 24
3507 123
3508 101
3509 123
3510 30
3511 80
3512 35
3513 70
3514 74
3515 94
3516 31
3517 68
3518 54
3519 74
3520 80
3521 110
3522 55
3523 166
3524 31
3525 99
3526 34
3527 66
3528 40
3529 160
3530 54
3531 63
3532 85
3533 47
3534 55
3535 186
3536 38
3537 74
3538 45
3539 82
3540 30
3541 154
3542 63
3543 158
3544 51
3545 40
3546 26
3547 96
3548 53
3549 97
3550 92
3551 85
3552 30
3553 130
3554 43
3555 75
3556 57
3557 140
3558 50
3559 91
3560 52
3561 39
3562 74
3563 97
3564 85
3565 179
3566 28
3567 135
3568 46
3569 143
3570 52
3571 92
3572 40
3573 104
3574 67
3575 92
3576 36
3577 141
3578 69
3579 84
3580 40
3581 84
3582 27
3583 127
3584 56
3585 93
3586 68
3587 70
3588 48
3589 108
3590 58
3591 67
3592 70
3593 91
3594 25
3595 174
3596 30
3597 131
3598 74
3599 97
3600 64
3601 79
3602 38
3603 43
3604 68
3605 66
3606 47
3607 217
3608 34
3609 110
3610 44
3611 84
3612 51
3613 146
3614 46
3615 64
3616 52
3617 49
3618 38
3619 160
3620 85
3621 72
3622 63
3623 85
3624 35
3625 113
3626 44
3627 152
3628 105
3629 75
3630 40
3631 72
3632 43
3633 144
3634 117
3635 184
3636 20
3637 154
3638 25
3639 113
3640 91
3641 85
3642 48
3643 90
3644 51
3645 65
3646 66
3647 77
3648 33
3649 132
3650 42
3651 70
3652 66
3653 109
3654 33
3655 218
3656 39
3657 72
3658 70
3659 71
3660 40
3661 140
3662 55
3663 93
3664 57
3665 102
3666 26
3667 134
3668 55
3669 89
3670 38
3671 49
3672 65
3673 133
3674 49
3675 115
3676 44
3677 121
3678 48
3679 164
3680 23
3681 67
3682 53
3683 149
3684 66
3685 107
3686 60
3687 58
3688 54
3689 86
3690 69
3691 106
3692 33
3693 81
3694 52
3695 110
3696 33
3697 196
3698 50
3699 64
3700 78
3701 39
3702 46
3703 184
3704 54
3705 126
3706 50
3707 123
3708 34
3709 141
3710 58
3711 118
3712 112
3713 56
3714 35
3715 75
3716 46
3717 97
3718 97
3719 111
3720 36
3721 110
3722 35
3723 111
3724 87
3725 105
3726 43
3727 75
3728 46
3729 100
3730 103
3731 67
3732 54
3733 174
3734 30
3735 74
3736 32
3737 81
3738 68
3739 232
3740 55
3741 59
3742 83
3743 76
3744 55
3745 178
3746 35
3747 68
3748 44
3749 98
3750 57
3751 147
3752 80
3753 87
3754 72
3755 73
3756 36
3757 87
3758 33
3759 83
3760 98
3761 79
3762 43
3763 188
3764 20
3765 103
3766 49
3767 117
3768 51
3769 94
3770 35
3771 62
3772 78
3773 118
3774 47
3775 148
3776 26
3777 94
3778 45
3779 97
3780 50
3781 171
3782 61
3783 78
3784 94
3785 110
3786 25
3787 137
3788 85
3789 93
3790 55
3791 77
3792 26
3793 120
3794 70
3795 104
3796 90
3797 63
3798 69
3799 107
3800 42
3801 87
3802 93
3803 75
3804 37
3805 139
3806 20
3807 158
3808 65
3809 121
3810 44
3811 121
3812 35
3813 67
3814 79
3815 101
3816 46
3817 201
3818 43
3819 98
3820 77
3821 80
3822 52
3823 118
3824 61
3825 42
3826 55
3827 71
3828 66
3829 153
3830 60
3831 79
3832 40
3833 89
3834 30
3835 148
3836 37
3837 140
3838 59
3839 75
3840 62
3841 58
3842 82
3843 142
3844 99
3845 73
3846 15
3847 164
3848 35
3849 106
3850 66
3851 77
3852 32
3853 126
3854 96
3855 70
3856 56
3857 81
3858 38
3859 164
3860 38
3861 84
3862 57
3863 98
3864 47
3865 179
3866 47
3867 58
3868 83
3869 65
3870 52
3871 122
3872 80
3873 135
3874 45
3875 122
3876 39
3877 151
3878 31
3879 95
3880 72
3881 52
3882 81
3883 130
3884 43
3885 103
3886 91
3887 137
3888 36
3889 141
3890 31
3891 49
3892 82
3893 176
3894 65
3895 116
3896 31
3897 54
3898 81
3899 119
3900 70
3901 95
3902 35
3903 101
3904 49
3905 118
3906 32
3907 170
3908 55
3909 69
3910 95
3911 54
3912 45
3913 195
3914 70
3915 128
3916 44
3917 104
3918 29
3919 157
3920 57
3921 115
3922 75
3923 44
3924 50
3925 115
3926 43
3927 98
3928 107
3929 70
3930 54
3931 108
3932 41
3933 91
3934 113
3935 77
3936 40
3937 166
3938 61
3939 111
3940 52
3941 102
3942 74
3943 157
3944 37
3945 85
3946 30
3947 120
3948 48
3949 216
3950 52
3951 58
3952 83
3953 80
3954 64
3955 127
3956 36
3957 125
3958 74
3959 112
3960 45
3961 114
3962 36
3963 136
3964 86
3965 84
3966 27
3967 87
3968 44
3969 114
3970 116
3971 97
3972 63
3973 153
3974 33
3975 117
3976 80
3977 119
3978 56
3979 75
3980 53
3981 51
3982 80
3983 127
3984 40
3985 176
3986 19
3987 87
3988 53
3989 117
3990 42
3991 151
3992 53
3993 54
3994 118
3995 67
3996 51
3997 163
3998 63
3999 83
4000 52
4001 77
4002 50
4003 156
4004 68
4005 152
4006 67
4007 72
4008 55
4009 132
4010 53
4011 72
4012 77
4013 116
4014 41
4015 241
4016 41
4017 73
4018 89
4019 140
4020 42
4021 52
4022 35
4023 72
4024 95
4025 134
4026 44
4027 156
4028 47
4029 166
4030 57
4031 90
4032 62
4033 142
4034 52
4035 83
4036 48
4037 79
4038 51
4039 125
4040 64
4041 95
4042 47
4043 110
4044 32
4045 135
4046 41
4047 118
4048 126
4049 96
4050 34
4051 99
4052 59
4053 105
4054 72
4055 73
4056 28
4057 164
4058 48
4059 82
4060 88
4061 77
4062 55
4063 126
4064 49
4065 37
4066 48
4067 87
4068 76
4069 190
4070 41
4071 98
4072 35
4073 110
4074 70
4075 269
4076 29
4077 75
4078 54
4079 76
4080 64
4081 116
4082 55
4083 91
4084 58
4085 95
4086 26
4087 152
4088 32
4089 131
4090 104
4091 61
4092 40
4093 144
4094 61
4095 121
4096 90
4097 162
4098 22
4099 105
4100 44
4101 98
4102 127
4103 161
4104 49
4105 69
4106 56
4107 90
4108 109
4109 86
4110 73
4111 88
4112 27
4113 151
4114 54
4115 127
4116 33
4117 183
4118 39
4119 78
4120 95
4121 44
4122 51
4123 164
4124 65
4125 85
4126 68
4127 85
4128 41
4129 200
4130 64
4131 74
4132 80
4133 53
4134 58
4135 102
4136 38
4137 132
4138 55
4139 150
4140 36
4141 193
4142 41
4143 100
4144 52
4145 123
4146 55
4147 131
4148 84
4149 60
4150 68
4151 71
4152 68
4153 186
4154 43
4155 94
4156 44
4157 89
4158 83
4159 236
4160 48
4161 60
4162 104
4163 77
4164 51
4165 140
4166 38
4167 108
4168 87
4169 88
4170 38
4171 106
4172 68
4173 134
4174 66
4175 77
4176 40
4177 68
4178 57
4179 163
4180 100
4181 115
4182 33
4183 143
4184 39
4185 146
4186 69
4187 153
4188 59
4189 131
4190 49
4191 51
4192 120
4193 93
4194 70
4195 173
4196 37
4197 84
4198 43
4199 136
4200 47
4201 164
4202 58
4203 72
4204 88
4205 91
4206 34
4207 145
4208 51
4209 84
4210 73
4211 103
4212 35
4213 207
4214 58
4215 103
4216 68
4217 94
4218 75
4219 109
4220 52
4221 47
4222 83
4223 144
4224 41
4225 216
4226 24
4227 163
4228 49
4229 117
4230 36
4231 74
4232 62
4233 80
4234 91
4235 119
4236 83
4237 159
4238 54
4239 99
4240 57
4241 62
4242 43
4243 168
4244 76
4245 85
4246 71
4247 82
4248 46
4249 222
4250 64
4251 76
4252 53
4253 131
4254 31
4255 195
4256 62
4257 170
4258 100
4259 60
4260 61
4261 92
4262 56
4263 131
4264 82
4265 83
4266 31
4267 207
4268 38
4269 105
4270 72
4271 118
4272 61
4273 134
4274 44
4275 65
4276 51
4277 150
4278 69
4279 221
4280 41
4281 72
4282 63
4283 111
4284 75
4285 143
4286 28
4287 63
4288 73
4289 85
4290 61
4291 172
4292 65
4293 102
4294 65
4295 122
4296 25
4297 119
4298 56
4299 104
4300 92
4301 73
4302 78
4303 110
4304 66
4305 140
4306 75
4307 89
4308 31
4309 131
4310 41
4311 113
4312 63
4313 149
4314 69
4315 98
4316 38
4317 88
4318 82
4319 98
4320 56
4321 133
4322 30
4323 161
4324 99
4325 113
4326 28
4327 216
4328 61
4329 80
4330 68
4331 54
4332 63
4333 180
4334 63
4335 141
4336 44
4337 132
4338 39
4339 139
4340 45
4341 87
4342 115
4343 81
4344 58
4345 108
4346 41
4347 119
4348 128
4349 185
4350 46
4351 108
4352 31
4353 106
4354 81
4355 157
4356 36
4357 117
4358 45
4359 72
4360 125
4361 88
4362 43
4363 139
4364 33
4365 98
4366 48
4367 133
4368 76
4369 173
4370 63
4371 58
4372 104
4373 39
4374 62
4375 137
4376 75
4377 84
4378 56
4379 194
4380 36
4381 193
4382 58
4383 150
4384 53
4385 55
4386 39
4387 152
4388 64
4389 137
4390 112
4391 78
4392 49
4393 190
4394 60
4395 101
4396 74
4397 102
4398 55
4399 126
4400 56
4401 63
4402 112
4403 114
4404 59
4405 178
4406 36
4407 96
4408 46
4409 162
4410 51
4411 138
4412 48
4413 63
4414 93
4415 88
4416 40
4417 191
4418 60
4419 109
4420 71
4421 95
4422 50
4423 172
4424 43
4425 206
4426 105
4427 111
4428 47
4429 98
4430 40
4431 84
4432 156
4433 114
4434 56
4435 124
4436 28
4437 79
4438 108
4439 127
4440 75
4441 75
4442 63
4443 74
4444 89
4445 148
4446 38
4447 271
4448 44
4449 83
4450 38
4451 98
4452 49
4453 223
4454 70
4455 88
4456 42
4457 65
4458 51
4459 170
4460 61
4461 76
4462 40
4463 104
4464 68
4465 210
4466 62
4467 127
4468 62
4469 74
4470 65
4471 114
4472 55
4473 79
4474 123
4475 90
4476 37
4477 187
4478 42
4479 95
4480 68
4481 87
4482 89
4483 129
4484 57
4485 82
4486 66
4487 121
4488 67
4489 178
4490 30
4491 117
4492 68
4493 192
4494 35
4495 164
4496 30
4497 94
4498 93
4499 80
4500 82
4501 75
4502 72
4503 161
4504 78
4505 92
4506 17
4507 121
4508 69
4509 174
4510 134
4511 82
4512 67
4513 138
4514 57
4515 107
4516 72
4517 73
4518 33
4519 209
4520 33
4521 102
4522 104
4523 134
4524 61
4525 128
4526 60
4527 65
4528 81
4529 99
4530 62
4531 179
4532 51
4533 150
4534 40
4535 109
4536 46
4537 189
4538 58
4539 72
4540 73
4541 51
4542 71
4543 196
4544 87
4545 122
4546 52
4547 111
4548 44
4549 150
4550 58
4551 79
4552 76
4553 66
4554 50
4555 145
4556 50
4557 150
4558 129
4559 123
4560 27
4561 134
4562 32
4563 141
4564 90
4565 168
4566 64
4567 85
4568 74
4569 77
4570 116
4571 67
4572 56
4573 136
4574 36
4575 121
4576 58
4577 165
4578 52
4579 224
4580 64
4581 63
4582 54
4583 63
4584 43
4585 249
4586 51
4587 117
4588 64
4589 116
4590 30
4591 136
4592 51
4593 122
4594 63
4595 79
4596 59
4597 136
4598 45
4599 123
4600 75
4601 131
4602 53
4603 209
4604 44
4605 87
4606 55
4607 162
4608 77
4609 138
4610 77
4611 40
4612 93
4613 152
4614 98
4615 145
4616 32
4617 93
4618 77
4619 128
4620 51
4621 214
4622 53
4623 123
4624 91
4625 71
4626 37
4627 176
4628 50
4629 134
4630 60
4631 79
4632 36
4633 146
4634 73
4635 171
4636 91
4637 60
4638 51
4639 99
4640 82
4641 102
4642 120
4643 148
4644 35
4645 176
4646 37
4647 155
4648 84
4649 114
4650 39
4651 92
4652 83
4653 85
4654 118
4655 121
4656 47
4657 168
4658 36
4659 124
4660 62
4661 91
4662 70
4663 166
4664 56
4665 83
4666 45
4667 75
4668 68
4669 233
4670 65
4671 69
4672 47
4673 115
4674 44
4675 212
4676 48
4677 101
4678 129
4679 85
4680 77
4681 88
4682 61
4683 69
4684 95
4685 194
4686 44
4687 274
4688 31
4689 111
4690 84
4691 130
4692 48
4693 114
4694 48
4695 86
4696 67
4697 126
4698 104
4699 185
4700 53
4701 119
4702 54
4703 86
4704 56
4705 164
4706 46
4707 71
4708 84
4709 100
4710 50
4711 131
4712 114
4713 128
4714 55
4715 89
4716 35
4717 228
4718 70
4719 214
4720 84
4721 66
4722 37
4723 124
4724 63
4725 121
4726 57
4727 113
4728 43
4729 195
4730 48
4731 135
4732 103
4733 116
4734 66
4735 100
4736 33
4737 95
4738 87
4739 107
4740 99
4741 120
4742 43
4743 93
4744 78
4745 112
4746 54
4747 215
4748 46
4749 78
4750 137
4751 84
4752 54
4753 207
4754 73
4755 129
4756 57
4757 148
4758 29
4759 176
4760 53
4761 106
4762 69
4763 92
4764 59
4765 126
4766 49
4767 128
4768 120
4769 105
4770 34
4771 130
4772 36
4773 165
4774 111
4775 159
4776 44
4777 111
4778 74
4779 103
4780 57
4781 53
4782 81
4783 243
4784 44
4785 123
4786 62
4787 116
4788 63
4789 253
4790 67
4791 46
4792 78
4793 65
4794 71
4795 203
4796 61
4797 194
4798 43
4799 132
4800 38
4801 100
4802 47
4803 82
4804 107
4805 97
4806 53
4807 111
4808 98
4809 109
4810 123
4811 111
4812 41
4813 140
4814 33
4815 98
4816 88
4817 147
4818 68
4819 119
4820 27
4821 65
4822 89
4823 134
4824 58
4825 225
4826 16
4827 135
4828 56
4829 132
4830 108
4831 158
4832 55
4833 89
4834 90
4835 74
4836 27
4837 148
4838 82
4839 115
4840 63
4841 106
4842 32
4843 213
4844 79
4845 194
4846 52
4847 64
4848 50
4849 114
4850 73
4851 106
4852 143
4853 82
4854 51
4855 244
4856 32
4857 126
4858 59
4859 110
4860 67
4861 117
4862 92
4863 78
4864 94
4865 143
4866 53
4867 184
4868 44
4869 140
4870 45
4871 90
4872 57
4873 269
4874 71
4875 77
4876 69
4877 81
4878 67
4879 141
4880 72
4881 68
4882 113
4883 142
4884 50
4885 143
4886 49
4887 135
4888 106
4889 93
4890 73
4891 57
4892 61
4893 108
4894 122
4895 119
4896 29
4897 139
4898 30
4899 164
4900 112
4901 119
4902 73
4903 155
4904 57
4905 69
4906 82
4907 213
4908 83
4909 214
4910 24
4911 75
4912 60
4913 139
4914 51
4915 222
4916 49
4917 80
4918 113
4919 88
4920 74
4921 131
4922 79
4923 106
4924 61
4925 118
4926 38
4927 209
4928 66
4929 166
4930 98
4931 65
4932 63
4933 146
4934 49
4935 98
4936 52
4937 121
4938 61
4939 200
4940 45
4941 76
4942 94
4943 113
4944 83
4945 131
4946 46
4947 106
4948 92
4949 126
4950 47
4951 190
4952 34
4953 137
4954 64
4955 115
4956 32
4957 203
4958 63
4959 131
4960 114
4961 72
4962 60
4963 152
4964 92
4965 109
4966 27
4967 109
4968 31
4969 157
4970 71
4971 141
4972 95
4973 83
4974 68
4975 117
4976 56
4977 148
4978 137
4979 120
4980 33
4981 172
4982 42
4983 104
4984 129
4985 152
4986 51
4987 170
4988 51
4989 67
4990 89
4991 111
4992 92
4993 202
4994 53
4995 146
4996 37
4997 146
4998 73
4999 246
5000 55
5001 52
5002 67
5003 113
5004 81
5005 197
5006 58
5007 107
5008 57
5009 141
5010 37
5011 112
5012 51
5013 123
5014 103
5015 106
5016 57
5017 149
5018 57
5019 124
5020 116
5021 92
5022 33
5023 154
5024 20
5025 126
5026 87
5027 183
5028 48
5029 105
5030 68
5031 73
5032 144
5033 86
5034 60
5035 149
5036 35
5037 142
5038 88
5039 170
5040 58
5041 170
5042 81
5043 106
5044 80
5045 56
5046 48
5047 165
5048 55
5049 150
5050 59
5051 59
5052 39
5053 156
5054 82
5055 161
5056 71
5057 76
5058 65
5059 158
5060 57
5061 155
5062 86
5063 182
5064 40
5065 267
5066 22
5067 87
5068 77
5069 178
5070 53
5071 109
5072 108
5073 94
5074 100
5075 127
5076 43
5077 167
5078 36
5079 75
5080 64
5081 84
5082 66
5083 326
5084 64
5085 89
5086 75
5087 69
5088 63
5089 235
5090 80
5091 117
5092 55
5093 175
5094 44
5095 158
5096 57
5097 133
5098 96
5099 70
5100 53
5101 99
5102 63
5103 171
5104 94
5105 143
5106 30
5107 230
5108 43
5109 147
5110 94
5111 102
5112 53
5113 85
5114 90
5115 106
5116 105
5117 100
5118 83
5119 180
5120 49
5121 79
5122 86
5123 118
5124 88
5125 182
5126 32
5127 109
5128 98
5129 113
5130 73
5131 192
5132 60
5133 109
5134 47
5135 152
5136 33
5137 245
5138 61
5139 107
5140 131
5141 86
5142 72
5143 96
5144 43
5145 107
5146 92
5147 162
5148 63
5149 205
5150 45
5151 106
5152 92
5153 196
5154 76
5155 142
5156 46
5157 68
5158 89
5159 119
5160 109
5161 148
5162 40
5163 144
5164 57
5165 120
5166 31
5167 209
5168 74
5169 107
5170 75
5171 50
5172 57
5173 227
5174 127
5175 158
5176 47
5177 118
5178 40
5179 292
5180 83
5181 117
5182 115
5183 59
5184 74
5185 175
5186 54
5187 97
5188 123
5189 73
5190 38
5191 176
5192 56
5193 192
5194 84
5195 193
5196 27
5197 123
5198 56
5199 95
5200 84
5201 83
5202 101
5203 172
5204 47
5205 116
5206 55
5207 168
5208 78
5209 181
5210 45
5211 33
5212 139
5213 88
5214 70
5215 231
5216 41
5217 125
5218 81
5219 144
5220 48
5221 106
5222 50
5223 167
5224 131
5225 105
5226 83
5227 83
5228 61
5229 110
5230 125
5231 84
5232 38
5233 175
5234 58
5235 130
5236 60
5237 191
5238 54
5239 163
5240 54
5241 99
5242 87
5243 102
5244 77
5245 290
5246 49
5247 165
5248 76
5249 100
5250 83
5251 165
5252 86
5253 89
5254 65
5255 58
5256 45
5257 199
5258 73
5259 172
5260 55
5261 101
5262 40
5263 250
5264 64
5265 133
5266 54
5267 130
5268 66
5269 145
5270 118
5271 101
5272 129
5273 160
5274 37
5275 147
5276 34
5277 120
5278 134
5279 150
5280 94
5281 99
5282 51
5283 84
5284 90
5285 112
5286 61
5287 145
5288 30
5289 175
5290 97
5291 103
5292 89
5293 223
5294 51
5295 69
5296 68
5297 65
5298 74
5299 208
5300 78
5301 103
5302 96
5303 143
5304 40
5305 218
5306 61
5307 154
5308 82
5309 79
5310 50
5311 117
5312 73
5313 108
5314 151
5315 145
5316 42
5317 221
5318 65
5319 147
5320 80
5321 85
5322 82
5323 108
5324 82
5325 105
5326 69
5327 132
5328 93
5329 266
5330 36
5331 95
5332 48
5333 144
5334 57
5335 288
5336 52
5337 96
5338 109
5339 100
5340 55
5341 127
5342 64
5343 114
5344 65
5345 202
5346 35
5347 173
5348 74
5349 189
5350 117
5351 62
5352 38
5353 76
5354 59
5355 149
5356 94
5357 126
5358 55
5359 175
5360 49
5361 85
5362 112
5363 153
5364 48
5365 124
5366 37
5367 113
5368 111
5369 127
5370 50
5371 172
5372 39
5373 120
5374 61
5375 145
5376 44
5377 311
5378 53
5379 88
5380 99
5381 46
5382 92
5383 287
5384 96
5385 102
5386 48
5387 85
5388 51
5389 225
5390 77
5391 119
5392 74
5393 90
5394 102
5395 183
5396 50
5397 128
5398 81
5399 130
5400 45
5401 196
5402 50
5403 130
5404 93
5405 184
5406 66
5407 114
5408 61
5409 61
5410 97
5411 93
5412 74
5413 332
5414 43
5415 144
5416 63
5417 116
5418 53
5419 218
5420 59
5421 65
5422 125
5423 99
5424 75
5425 123
5426 86
5427 124
5428 80
5429 121
5430 35
5431 125
5432 80
5433 215
5434 122
5435 107
5436 35
5437 136
5438 55
5439 171
5440 135
5441 111
5442 29
5443 162
5444 37
5445 156
5446 86
5447 140
5448 44
5449 115
5450 80
5451 72
5452 122
5453 141
5454 109
5455 207
5456 43
5457 185
5458 63
5459 159
5460 104
5461 146
5462 62
5463 63
5464 87
5465 58
5466 46
5467 298
5468 88
5469 119
5470 64
5471 120
5472 43
5473 213
5474 55
5475 149
5476 63
5477 80
5478 81
5479 179
5480 53
5481 113
5482 109
5483 116
5484 35
5485 145
5486 25
5487 112
5488 128
5489 154
5490 76
5491 105
5492 106
5493 69
5494 110
5495 99
5496 47
5497 199
5498 49
5499 137
5500 87
5501 130
5502 47
5503 235
5504 60
5505 122
5506 72
5507 89
5508 64
5509 213
5510 87
5511 135
5512 63
5513 107
5514 46
5515 256
5516 46
5517 132
5518 116
5519 93
5520 86
5521 101
5522 63
5523 181
5524 105
5525 146
5526 37
5527 261
5528 44
5529 103
5530 86
5531 121
5532 59
5533 166
5534 80
5535 71
5536 87
5537 144
5538 99
5539 153
5540 28
5541 78
5542 73
5543 154
5544 59
5545 363
5546 48
5547 126
5548 125
5549 140
5550 57
5551 133
5552 74
5553 200
5554 75
5555 137
5556 54
5557 182
5558 95
5559 172
5560 67
5561 41
5562 66
5563 111
5564 65
5565 178
5566 106
5567 151
5568 42
5569 228
5570 60
5571 117
5572 89
5573 104
5574 54
5575 127
5576 59
5577 99
5578 131
5579 134
5580 57
5581 130
5582 53
5583 120
5584 60
5585 112
5586 45
5587 317
5588 103
5589 120
5590 95
5591 78
5592 92
5593 202
5594 53
5595 154
5596 46
5597 153
5598 61
5599 197
5600 77
5601 99
5602 114
5603 105
5604 73
5605 184
5606 38
5607 116
5608 111
5609 176
5610 54
5611 271
5612 33
5613 136
5614 134
5615 179
5616 50
5617 102
5618 67
5619 77
5620 102
5621 136
5622 94
5623 159
5624 42
5625 139
5626 48
5627 110
5628 57
5629 237
5630 104
5631 78
5632 87
5633 84
5634 51
5635 174
5636 62
5637 157
5638 52
5639 113
5640 38
5641 237
5642 65
5643 201
5644 202
5645 55
5646 44
5647 226
5648 59
5649 111
5650 113
5651 88
5652 37
5653 201
5654 52
5655 175
5656 57
5657 159
5658 75
5659 113
5660 68
5661 76
5662 92
5663 147
5664 73
5665 162
5666 44
5667 174
5668 84
5669 126
5670 59
5671 143
5672 61
5673 98
5674 119
5675 101
5676 63
5677 186
5678 49
5679 134
5680 82
5681 148
5682 47
5683 203
5684 62
5685 176
5686 74
5687 114
5688 88
5689 124
5690 85
5691 79
5692 157
5693 112
5694 40
5695 153
5696 29
5697 138
5698 115
5699 221
5700 63
5701 148
5702 65
5703 76
5704 87
5705 170
5706 58
5707 238
5708 51
5709 171
5710 52
5711 107
5712 81
5713 287
5714 54
5715 66
5716 61
5717 78
5718 71
5719 223
5720 98
5721 100
5722 58
5723 162
5724 49
5725 213
5726 41
5727 151
5728 119
5729 96
5730 83
5731 97
5732 81
5733 119
5734 123
5735 167
5736 29
5737 162
5738 27
5739 150
5740 153
5741 99
5742 62
5743 185
5744 55
5745 122
5746 76
5747 118
5748 49
5749 171
5750 37
5751 141
5752 103
5753 177
5754 117
5755 182
5756 57
5757 138
5758 140
5759 81
5760 65
5761 126
5762 79
5763 167
5764 70
5765 137
5766 32
5767 194
5768 87
5769 129
5770 101
5771 55
5772 52
5773 153
5774 88
5775 132
5776 103
5777 165
5778 35
5779 263
5780 59
5781 85
5782 79
5783 165
5784 71
5785 238
5786 50
5787 132
5788 75
5789 125
5790 74
5791 182
5792 41
5793 105
5794 63
5795 108
5796 83
5797 357
5798 104
5799 85
5800 154
5801 69
5802 95
5803 185
5804 75
5805 115
5806 53
5807 142
5808 59
5809 313
5810 54
5811 183
5812 84
5813 89
5814 61
5815 111
5816 28
5817 193
5818 136
5819 202
5820 41
5821 118
5822 46
5823 159
5824 91
5825 128
5826 49
5827 105
5828 71
5829 113
5830 142
5831 155
5832 73
5833 179
5834 50
5835 150
5836 47
5837 141
5838 57
5839 260
5840 61
5841 68
5842 146
5843 88
5844 85
5845 243
5846 51
5847 117
5848 78
5849 126
5850 44
5851 159
5852 69
5853 175
5854 77
5855 114
5856 54
5857 146
5858 87
5859 127
5860 95
5861 128
5862 46
5863 225
5864 61
5865 120
5866 93
5867 124
5868 110
5869 151
5870 55
5871 67
5872 105
5873 104
5874 72
5875 279
5876 34
5877 167
5878 80
5879 132
5880 46
5881 137
5882 72
5883 99
5884 107
5885 81
5886 50
5887 274
5888 105
5889 238
5890 72
5891 119
5892 36
5893 143
5894 77
5895 179
5896 93
5897 162
5898 49
5899 155
5900 90
5901 127
5902 113
5903 96
5904 49
5905 205
5906 45
5907 140
5908 114
5909 165
5910 99
5911 89
5912 73
5913 92
5914 95
5915 180
5916 61
5917 229
5918 32
5919 156
5920 57
5921 111
5922 96
5923 295
5924 54
5925 69
5926 98
5927 116
5928 81
5929 238
5930 104
5931 68
5932 56
5933 220
5934 61
5935 222
5936 42
5937 129
5938 111
5939 106
5940 70
5941 98
5942 64
5943 179
5944 141
5945 132
5946 29
5947 220
5948 36
5949 166
5950 89
5951 139
5952 96
5953 124
5954 63
5955 98
5956 135
5957 139
5958 77
5959 187
5960 58
5961 110
5962 88
5963 165
5964 49
5965 237
5966 54
5967 90
5968 86
5969 95
5970 69
5971 154
5972 121
5973 188
5974 90
5975 147
5976 31
5977 247
5978 62
5979 130
5980 77
5981 65
5982 82
5983 162
5984 87
5985 168
5986 123
5987 169
5988 61
5989 273
5990 39
5991 95
5992 107
5993 210
5994 93
5995 143
5996 51
5997 54
5998 104
5999 145
6000 99
6001 197
6002 41
6003 111
6004 90
6005 161
6006 58
6007 278
6008 85
6009 91
6010 67
6011 97
6012 79
6013 236
6014 70
6015 177
6016 45
6017 172
6018 57
6019 199
6020 85
6021 179
6022 104
6023 74
6024 93
6025 132
6026 55
6027 143
6028 141
6029 162
6030 55
6031 168
6032 66
6033 140
6034 144
6035 126
6036 27
6037 137
6038 74
6039 123
6040 158
6041 82
6042 104
6043 231
6044 64
6045 118
6046 55
6047 128
6048 79
6049 294
6050 88
6051 102
6052 87
6053 147
6054 63
6055 214
6056 41
6057 117
6058 72
6059 144
6060 57
6061 153
6062 90
6063 167
6064 123
6065 110
6066 37
6067 115
6068 62
6069 140
6070 123
6071 117
6072 50
6073 249
6074 34
6075 146
6076 95
6077 197
6078 71
6079 125
6080 72
6081 78
6082 114
6083 149
6084 95
6085 182
6086 41
6087 158
6088 55
6089 126
6090 67
6091 176
6092 86
6093 92
6094 95
6095 108
6096 55
6097 268
6098 118
6099 167
6100 67
6101 76
6102 38
6103 306
6104 94
6105 179
6106 95
6107 64
6108 101
6109 137
6110 82
6111 106
6112 108
6113 109
6114 31
6115 277
6116 42
6117 243
6118 115
6119 195
6120 71
6121 142
6122 75
6123 93
6124 81
6125 172
6126 76
6127 294
6128 58
6129 121
6130 90
6131 126
6132 61
6133 129
6134 79
6135 94
6136 108
6137 133
6138 99
6139 176
6140 84
6141 100
6142 93
6143 195
6144 49
6145 150
6146 39
6147 182
6148 141
6149 112
6150 74
6151 82
6152 47
6153 160
6154 142
6155 98
6156 34
6157 234
6158 37
6159 144
6160 142
6161 154
6162 69
6163 198
6164 81
6165 121
6166 71
6167 126
6168 76
6169 212
6170 63
6171 101
6172 70
6173 121
6174 101
6175 270
6176 67
6177 109
6178 107
6179 79
6180 79
6181 178
6182 106
6183 142
6184 62
6185 134
6186 38
6187 269
6188 67
6189 153
6190 83
6191 89
6192 69
6193 210
6194 108
6195 146
6196 105
6197 105
6198 49
6199 221
6200 44
6201 99
6202 107
6203 223
6204 71
6205 203
6206 49
6207 100
6208 120
6209 133
6210 79
6211 156
6212 49
6213 153
6214 87
6215 160
6216 59
6217 181
6218 85
6219 104
6220 147
6221 64
6222 60
6223 150
6224 61
6225 162
6226 37
6227 158
6228 41
6229 271
6230 67
6231 130
6232 138
6233 126
6234 76
6235 170
6236 79
6237 135
6238 183
6239 144
6240 48
6241 183
6242 35
6243 110
6244 66
6245 167
6246 73
6247 136
6248 80
6249 113
6250 97
6251 151
6252 129
6253 225
6254 33
6255 138
6256 54
6257 145
6258 74
6259 370
6260 90
6261 82
6262 122
6263 96
6264 69
6265 163
6266 70
6267 153
6268 82
6269 124
6270 44
6271 198
6272 61
6273 219
6274 109
6275 79
6276 50
6277 102
6278 83
6279 176
6280 146
6281 131
6282 36
6283 165
6284 61
6285 235
6286 84
6287 176
6288 59
6289 137
6290 100
6291 91
6292 141
6293 207
6294 66
6295 306
6296 35
6297 156
6298 63
6299 109
6300 68
6301 193
6302 71
6303 108
6304 136
6305 85
6306 62
6307 322
6308 92
6309 127
6310 51
6311 78
6312 77
6313 294
6314 89
6315 182
6316 56
6317 88
6318 86
6319 169
6320 59
6321 93
6322 95
6323 147
6324 53
6325 365
6326 46
6327 154
6328 110
6329 202
6330 77
6331 131
6332 70
6333 109
6334 160
6335 145
6336 82
6337 240
6338 71
6339 136
6340 64
6341 115
6342 69
6343 245
6344 77
6345 99
6346 99
6347 107
6348 76
6349 216
6350 88
6351 139
6352 117
6353 95
6354 44
6355 197
6356 62
6357 230
6358 109
6359 143
6360 45
6361 105
6362 113
6363 194
6364 128
6365 160
6366 34
6367 140
6368 75
6369 186
6370 184
6371 99
6372 128
6373 130
6374 78
6375 106
6376 56
6377 138
6378 93
6379 228
6380 55
6381 190
6382 98
6383 191
6384 68
6385 306
6386 35
6387 82
6388 92
6389 118
6390 83
6391 207
6392 84
6393 135
6394 85
6395 269
6396 30
6397 172
6398 73
6399 126
6400 115
6401 96
6402 124
6403 232
6404 74
6405 124
6406 94
6407 160
6408 60
6409 216
6410 40
6411 118
6412 106
6413 143
6414 100
6415 118
6416 60
6417 92
6418 104
6419 135
6420 109
6421 198
6422 53
6423 212
6424 91
6425 153
6426 40
6427 251
6428 65
6429 97
6430 88
6431 66
6432 56
6433 307
6434 90
6435 148
6436 63
6437 126
6438 54
6439 221
6440 104
6441 116
6442 121
6443 103
6444 80
6445 139
6446 75
6447 175
6448 163
6449 156
6450 49
6451 118
6452 31
6453 130
6454 90
6455 201
6456 64
6457 163
6458 84
6459 100
6460 120
6461 130
6462 86
6463 201
6464 51
6465 157
6466 91
6467 224
6468 72
6469 349
6470 42
6471 81
6472 134
6473 86
6474 72
6475 186
6476 73
6477 163
6478 85
6479 170
6480 63
6481 128
6482 70
6483 179
6484 127
6485 89
6486 53
6487 157
6488 101
6489 168
6490 158
6491 88
6492 50
6493 279
6494 61
6495 195
6496 54
6497 156
6498 73
6499 249
6500 79
6501 79
6502 136
6503 108
6504 115
6505 250
6506 36
6507 157
6508 68
6509 115
6510 99
6511 285
6512 85
6513 105
6514 133
6515 114
6516 60
6517 269
6518 134
6519 136
6520 62
6521 117
6522 57
6523 196
6524 91
6525 163
6526 90
6527 120
6528 92
6529 87
6530 47
6531 116
6532 134
6533 240
6534 62
6535 291
6536 31
6537 170
6538 129
6539 191
6540 64
6541 125
6542 71
6543 82
6544 134
6545 218
6546 68
6547 174
6548 46
6549 118
6550 93
6551 129
6552 68
6553 220
6554 95
6555 113
6556 105
6557 156
6558 60
6559 315
6560 108
6561 133
6562 47
6563 124
6564 52
6565 214
6566 58
6567 216
6568 111
6569 94
6570 67
6571 142
6572 82
6573 179
6574 91
6575 133
6576 35
6577 258
6578 55
6579 205
6580 148
6581 147
6582 93
6583 171
6584 84
6585 88
6586 92
6587 115
6588 81
6589 222
6590 78
6591 100
6592 83
6593 187
6594 88
6595 183
6596 53
6597 90
6598 113
6599 113
6600 87
6601 189
6602 104
6603 194
6604 94
6605 136
6606 33
6607 155
6608 70
6609 219
6610 155
6611 92
6612 107
6613 151
6614 75
6615 165
6616 103
6617 153
6618 29
6619 234
6620 54
6621 110
6622 112
6623 288
6624 74
6625 168
6626 49
6627 104
6628 121
6629 154
6630 101
6631 182
6632 48
6633 145
6634 91
6635 165
6636 78
6637 335
6638 96
6639 96
6640 81
6641 74
6642 105
6643 275
6644 94
6645 142
6646 42
6647 183
6648 55
6649 241
6650 74
6651 128
6652 87
6653 118
6654 87
6655 186
6656 69
6657 121
6658 133
6659 201
6660 56
6661 147
6662 36
6663 131
6664 135
6665 164
6666 64
6667 235
6668 61
6669 149
6670 162
6671 119
6672 53
6673 232
6674 48
6675 194
6676 92
6677 149
6678 108
6679 191
6680 97
6681 85
6682 154
6683 88
6684 72
6685 155
6686 80
6687 158
6688 108
6689 211
6690 38
6691 120
6692 89
6693 209
6694 92
6695 102
6696 37
6697 226
6698 90
6699 166
6700 135
6701 122
6702 64
6703 290
6704 55
6705 131
6706 81
6707 140
6708 107
6709 168
6710 102
6711 76
6712 98
6713 137
6714 96
6715 261
6716 51
6717 123
6718 67
6719 153
6720 83
6721 235
6722 84
6723 90
6724 116
6725 130
6726 81
6727 234
6728 76
6729 161
6730 63
6731 124
6732 62
6733 313
6734 70
6735 202
6736 86
6737 88
6738 56
6739 145
6740 58
6741 114
6742 187
6743 185
6744 43
6745 250
6746 56
6747 163
6748 110
6749 167
6750 68
6751 99
6752 104
6753 107
6754 149
6755 220
6756 63
6757 224
6758 52
6759 191
6760 69
6761 113
6762 66
6763 342
6764 78
6765 165
6766 94
6767 96
6768 108
6769 223
6770 93
6771 137
6772 74
6773 118
6774 52
6775 278
6776 66
6777 182
6778 102
6779 74
6780 90
6781 120
6782 85
6783 117
6784 132
6785 167
6786 51
6787 197
6788 83
6789 150
6790 105
6791 134
6792 95
6793 165
6794 107
6795 77
6796 67
6797 196
6798 81
6799 297
6800 58
6801 133
6802 73
6803 214
6804 68
6805 276
6806 56
6807 144
6808 101
6809 118
6810 100
6811 166
6812 95
6813 150
6814 97
6815 90
6816 42
6817 261
6818 88
6819 168
6820 158
6821 92
6822 68
6823 165
6824 89
6825 171
6826 86
6827 166
6828 26
6829 232
6830 52
6831 141
6832 186
6833 182
6834 100
6835 125
6836 55
6837 82
6838 99
6839 159
6840 139
6841 177
6842 36
6843 202
6844 86
6845 181
6846 61
6847 265
6848 60
6849 84
6850 112
6851 88
6852 78
6853 282
6854 83
6855 105
6856 82
6857 184
6858 67
6859 217
6860 66
6861 101
6862 154
6863 106
6864 76
6865 197
6866 54
6867 164
6868 139
6869 155
6870 44
6871 170
6872 44
6873 140
6874 108
6875 250
6876 87
6877 153
6878 79
6879 145
6880 99
6881 92
6882 102
6883 217
6884 72
6885 172
6886 50
6887 181
6888 80
6889 322
6890 117
6891 91
6892 96
6893 66
6894 51
6895 309
6896 84
6897 152
6898 77
6899 119
6900 52
6901 266
6902 124
6903 150
6904 122
6905 95
6906 54
6907 132
6908 85
6909 171
6910 140
6911 101
6912 54
6913 274
6914 53
6915 152
6916 96
6917 224
6918 116
6919 137
6920 81
6921 78
6922 180
6923 237
6924 130
6925 210
6926 30
6927 149
6928 75
6929 210
6930 71
6931 270
6932 59
6933 104
6934 135
6935 129
6936 60
6937 185
6938 60
6939 151
6940 82
6941 171
6942 71
6943 186
6944 79
6945 175
6946 106
6947 79
6948 98
6949 115
6950 94
6951 101
6952 148
6953 188
6954 72
6955 265
6956 41
6957 160
6958 117
6959 160
6960 70
6961 138
6962 95
6963 166
6964 146
6965 128
6966 83
6967 255
6968 54
6969 145
6970 95
6971 118
6972 62
6973 351
6974 103
6975 148
6976 82
6977 145
6978 80
6979 273
6980 103
6981 103
6982 103
6983 145
6984 63
6985 230
6986 65
6987 183
6988 129
6989 104
6990 73
6991 94
6992 70
6993 194
6994 173
6995 144
6996 33
6997 280
6998 53
6999 177
7000 116
7001 210
7002 50
7003 121
7004 67
7005 136
7006 96
7007 225
7008 128
7009 206
7010 72
7011 101
7012 71
7013 116
7014 73
7015 333
7016 66
7017 130
7018 146
7019 114
7020 88
7021 170
7022 128
7023 129
7024 61
7025 128
7026 35
7027 278
7028 115
7029 166
7030 161
7031 91
7032 80
7033 212
7034 76
7035 161
7036 82
7037 150
7038 63
7039 324
7040 47
7041 168
7042 66
7043 144
7044 115
7045 203
7046 54
7047 100
7048 114
7049 154
7050 103
7051 169
7052 75
7053 137
7054 113
7055 169
7056 75
7057 189
7058 79
7059 89
7060 115
7061 101
7062 92
7063 203
7064 59
7065 227
7066 75
7067 250
7068 48
7069 253
7070 68
7071 127
7072 143
7073 104
7074 118
7075 121
7076 58
7077 217
7078 134
7079 160
7080 34
7081 118
7082 49
7083 163
7084 171
7085 238
7086 68
7087 200
7088 82
7089 82
7090 104
7091 91
7092 90
7093 293
7094 60
7095 144
7096 112
7097 129
7098 79
7099 320
7100 94
7101 55
7102 76
7103 100
7104 100
7105 296
7106 96
7107 215
7108 72
7109 206
7110 61
7111 228
7112 69
7113 182
7114 66
7115 97
7116 63
7117 187
7118 85
7119 171
7120 143
7121 89
7122 66
7123 303
7124 58
7125 129
7126 138
7127 150
7128 59
7129 250
7130 78
7131 101
7132 129
7133 186
7134 87
7135 246
7136 34
7137 234
7138 87
7139 227
7140 66
7141 145
7142 99
7143 121
7144 131
7145 107
7146 55
7147 176
7148 125
7149 185
7150 89
7151 137
7152 60
7153 256
7154 79
7155 227
7156 81
7157 86
7158 67
7159 136
7160 87
7161 181
7162 206
7163 162
7164 56
7165 281
7166 39
7167 121
7168 126
7169 204
7170 83
7171 158
7172 83
7173 103
7174 119
7175 214
7176 65
7177 260
7178 50
7179 121
7180 84
7181 148
7182 82
7183 272
7184 87
7185 75
7186 107
7187 132
7188 98
7189 223
7190 67
7191 127
7192 84
7193 154
7194 58
7195 263
7196 52
7197 228
7198 136
7199 106
7200 90
7201 111
7202 109
7203 173
7204 122
7205 173
7206 37
7207 273
7208 75
7209 179
7210 153
7211 104
7212 52
7213 132
7214 81
7215 132
7216 88
7217 215
7218 77
7219 234
7220 71
7221 144
7222 83
7223 154
7224 83
7225 324
7226 73
7227 123
7228 163
7229 107
7230 84
7231 206
7232 87
7233 154
7234 74
7235 156
7236 42
7237 278
7238 90
7239 278
7240 134
7241 90
7242 75
7243 154
7244 58
7245 134
7246 84
7247 194
7248 69
7249 281
7250 46
7251 92
7252 121
7253 242
7254 91
7255 124
7256 62
7257 91
7258 156
7259 194
7260 115
7261 212
7262 66
7263 161
7264 78
7265 202
7266 69
7267 267
7268 62
7269 192
7270 129
7271 90
7272 87
7273 185
7274 119
7275 162
7276 80
7277 130
7278 39
7279 232
7280 96
7281 169
7282 128
7283 113
7284 62
7285 162
7286 86
7287 201
7288 137
7289 98
7290 42
7291 234
7292 78
7293 224
7294 166
7295 190
7296 68
7297 191
7298 93
7299 113
7300 126
7301 98
7302 77
7303 288
7304 73
7305 234
7306 46
7307 210
7308 77
7309 274
7310 62
7311 77
7312 88
7313 180
7314 92
7315 254
7316 79
7317 174
7318 109
7319 176
7320 75
7321 171
7322 75
7323 117
7324 133
7325 124
7326 98
7327 205
7328 45
7329 122
7330 127
7331 110
7332 62
7333 241
7334 55
7335 174
7336 92
7337 199
7338 117
7339 159
7340 87
7341 93
7342 78
7343 161
7344 79
7345 308
7346 44
7347 181
7348 71
7349 179
7350 73
7351 284
7352 89
7353 126
7354 96
7355 94
7356 51
7357 293
7358 127
7359 168
7360 88
7361 91
7362 54
7363 313
7364 94
7365 171
7366 96
7367 72
7368 107
7369 217
7370 73
7371 165
7372 147
7373 248
7374 50
7375 215
7376 35
7377 159
7378 154
7379 220
7380 84
7381 122
7382 92
7383 120
7384 136
7385 174
7386 65
7387 241
7388 45
7389 128
7390 88
7391 143
7392 125
7393 289
7394 67
7395 151
7396 116
7397 130
7398 79
7399 206
7400 79
7401 79
7402 112
7403 151
7404 48
7405 206
7406 59
7407 206
7408 139
7409 125
7410 82
7411 106
7412 102
7413 160
7414 157
7415 227
7416 40
7417 315
7418 75
7419 194
7420 89
7421 120
7422 62
7423 175
7424 103
7425 118
7426 89
7427 122
7428 126
7429 321
7430 58
7431 96
7432 70
7433 121
7434 111
7435 510
7436 76
7437 108
7438 133
7439 109
7440 82
7441 236
7442 80
7443 141
7444 57
7445 173
7446 38
7447 292
7448 108
7449 186
7450 139
7451 93
7452 87
7453 148
7454 83
7455 144
7456 142
7457 182
7458 35
7459 255
7460 54
7461 126
7462 115
7463 169
7464 80
7465 126
7466 44
7467 107
7468 200
7469 164
7470 137
7471 138
7472 59
7473 229
7474 136
7475 186
7476 52
7477 261
7478 59
7479 150
7480 153
7481 112
7482 81
7483 289
7484 92
7485 169
7486 51
7487 182
7488 46
7489 242
7490 99
7491 198
7492 157
7493 108
7494 78
7495 134
7496 71
7497 164
7498 100
7499 146
7500 65
7501 182
7502 77
7503 260
7504 125
7505 180
7506 87
7507 187
7508 64
7509 135
7510 111
7511 132
7512 85
7513 289
7514 87
7515 124
7516 64
7517 130
7518 70
7519 262
7520 91
7521 87
7522 165
7523 114
7524 96
7525 408
7526 70
7527 179
7528 113
7529 236
7530 66
7531 156
7532 83
7533 225
7534 201
7535 113
7536 62
7537 132
7538 120
7539 154
7540 181
7541 110
7542 58
7543 252
7544 52
7545 193
7546 91
7547 312
7548 77
7549 140
7550 76
7551 100
7552 105
7553 159
7554 83
7555 234
7556 42
7557 146
7558 95
7559 182
7560 96
7561 259
7562 85
7563 87
7564 108
7565 103
7566 92
7567 260
7568 154
7569 193
7570 59
7571 221
7572 73
7573 243
7574 73
7575 155
7576 60
7577 126
7578 84
7579 249
7580 104
7581 121
7582 149
7583 178
7584 53
7585 284
7586 38
7587 158
7588 142
7589 173
7590 85
7591 146
7592 79
7593 133
7594 146
7595 143
7596 67
7597 236
7598 76
7599 249
7600 101
7601 116
7602 94
7603 239
7604 115
7605 104
7606 122
7607 97
7608 61
7609 259
7610 98
7611 161
7612 103
7613 253
7614 31
7615 267
7616 90
7617 282
7618 89
7619 124
7620 86
7621 110
7622 76
7623 220
7624 186
7625 156
7626 86
7627 284
7628 67
7629 126
7630 138
7631 124
7632 75
7633 181
7634 58
7635 140
7636 93
7637 213
7638 151
7639 389
7640 47
7641 79
7642 92
7643 180
7644 124
7645 396
7646 67
7647 83
7648 115
7649 125
7650 81
7651 183
7652 84
7653 125
7654 94
7655 196
7656 57
7657 335
7658 80
7659 201
7660 132
7661 93
7662 90
7663 157
7664 99
7665 168
7666 105
7667 195
7668 78
7669 171
7670 60
7671 136
7672 145
7673 179
7674 63
7675 166
7676 77
7677 205
7678 146
7679 176
7680 72
7681 224
7682 73
7683 248
7684 74
7685 195
7686 49
7687 326
7688 85
7689 125
7690 162
7691 76
7692 51
7693 224
7694 130
7695 198
7696 80
7697 143
7698 63
7699 224
7700 87
7701 188
7702 111
7703 95
7704 110
7705 155
7706 58
7707 155
7708 138
7709 159
7710 46
7711 289
7712 62
7713 146
7714 187
7715 270
7716 78
7717 147
7718 85
7719 108
7720 146
7721 165
7722 91
7723 315
7724 58
7725 168
7726 53
7727 173
7728 91
7729 293
7730 86
7731 80
7732 146
7733 139
7734 103
7735 217
7736 73
7737 207
7738 104
7739 125
7740 56
7741 199
7742 100
7743 180
7744 143
7745 109
7746 72
7747 177
7748 76
7749 208
7750 148
7751 148
7752 46
7753 272
7754 49
7755 272
7756 123
7757 228
7758 103
7759 209
7760 93
7761 68
7762 98
7763 168
7764 109
7765 185
7766 55
7767 169
7768 86
7769 236
7770 92
7771 213
7772 91
7773 91
7774 109
7775 174
7776 85
7777 240
7778 127
7779 137
7780 118
7781 144
7782 82
7783 219
7784 66
7785 147
7786 109
7787 129
7788 87
7789 326
7790 72
7791 166
7792 146
7793 194
7794 72
7795 168
7796 40
7797 215
7798 136
7799 222
7800 119
7801 116
7802 83
7803 110
7804 129
7805 144
7806 82
7807 210
7808 59
7809 220
7810 81
7811 137
7812 53
7813 404
7814 96
7815 162
7816 77
7817 76
7818 72
7819 353
7820 130
7821 150
7822 70
7823 128
7824 54
7825 298
7826 100
7827 167
7828 149
7829 106
7830 78
7831 151
7832 122
7833 172
7834 149
7835 117
7836 43
7837 345
7838 60
7839 154
7840 118
7841 124
7842 96
7843 174
7844 149
7845 129
7846 112
7847 240
7848 125
7849 198
7850 53
7851 147
7852 86
7853 193
7854 71
7855 273
7856 54
7857 128
7858 173
7859 157
7860 64
7861 182
7862 61
7863 173
7864 94
7865 184
7866 61
7867 317
7868 82
7869 173
7870 214
7871 93
7872 84
7873 163
7874 82
7875 195
7876 140
7877 222
7878 58
7879 243
7880 62
7881 109
7882 104
7883 250
7884 76
7885 219
7886 77
7887 103
7888 134
7889 175
7890 121
7891 242
7892 47
7893 173
7894 67
7895 130
7896 67
7897 267
7898 116
7899 143
7900 118
7901 89
7902 104
7903 241
7904 111
7905 234
7906 50
7907 152
7908 47
7909 290
7910 145
7911 160
7912 176
7913 139
7914 78
7915 193
7916 83
7917 141
7918 131
7919 182
7920 50
7921 258
7922 53
7923 203
7924 189
7925 244
7926 45
7927 135
7928 105
7929 157
7930 142
7931 121
7932 145
7933 203
7934 64
7935 210
7936 71
7937 133
7938 98
7939 214
7940 78
7941 94
7942 158
7943 177
7944 69
7945 276
7946 70
7947 202
7948 88
7949 158
7950 62
7951 216
7952 68
7953 249
7954 169
7955 110
7956 67
7957 183
7958 95
7959 156
7960 116
7961 151
7962 72
7963 250
7964 65
7965 167
7966 85
7967 282
7968 139
7969 172
7970 85
7971 77
7972 113
7973 141
7974 120
7975 283
7976 53
7977 181
7978 85
7979 166
7980 117
7981 214
7982 68
7983 119
7984 171
7985 125
7986 68
7987 430
7988 58
7989 283
7990 134
7991 119
7992 54
7993 260
7994 56
7995 225
7996 113
7997 172
7998 89
7999 158
8000 100
8001 122
8002 192
8003 150
8004 48
8005 187
8006 69
8007 185
8008 177
8009 186
8010 89
8011 120
8012 94
8013 108
8014 120
8015 162
8016 77
8017 313
8018 54
8019 237
8020 73
8021 104
8022 117
8023 516
8024 85
8025 94
8026 76
8027 111
8028 105
8029 452
8030 88
8031 158
8032 56
8033 215
8034 75
8035 285
8036 76
8037 138
8038 118
8039 130
8040 87
8041 169
8042 114
8043 140
8044 158
8045 177
8046 42
8047 259
8048 58
8049 143
8050 119
8051 174
8052 118
8053 250
8054 71
8055 147
8056 76
8057 166
8058 113
8059 238
8060 58
8061 175
8062 130
8063 187
8064 103
8065 360
8066 65
8067 105
8068 145
8069 109
8070 57
8071 127
8072 145
8073 200
8074 117
8075 214
8076 38
8077 283
8078 88
8079 248
8080 151
8081 101
8082 71
8083 167
8084 111
8085 207
8086 165
8087 126
8088 57
8089 291
8090 55
8091 124
8092 120
8093 190
8094 87
8095 227
8096 55
8097 170
8098 164
8099 247
8100 104
8101 235
8102 51
8103 160
8104 71
8105 247
8106 68
8107 280
8108 110
8109 117
8110 130
8111 111
8112 123
8113 172
8114 75
8115 106
8116 58
8117 187
8118 81
8119 397
8120 93
8121 165
8122 121
8123 177
8124 74
8125 164
8126 55
8127 190
8128 128
8129 173
8130 72
8131 244
8132 87
8133 217
8134 115
8135 149
8136 67
8137 216
8138 119
8139 112
8140 167
8141 168
8142 105
8143 413
8144 56
8145 183
8146 64
8147 137
8148 86
8149 295
8150 125
8151 97
8152 141
8153 106
8154 105
8155 305
8156 74
8157 189
8158 98
8159 168
8160 50
8161 152
8162 108
8163 305
8164 106
8165 112
8166 65
8167 196
8168 55
8169 150
8170 147
8171 203
8172 66
8173 224
8174 69
8175 159
8176 128
8177 272
8178 88
8179 143
8180 54
8181 88
8182 122
8183 230
8184 116
8185 360
8186 39
8187 191
8188 123
8189 256
8190 89
8191 177
8192 78
8193 135
8194 165
8195 134
8196 89
8197 286
8198 110
8199 192
8200 91
8201 116
8202 47
8203 220
8204 82
8205 265
8206 128
8207 102
8208 75
8209 200
8210 113
8211 159
8212 144
8213 144
8214 84
8215 344
8216 60
8217 262
8218 145
8219 173
8220 72
8221 162
8222 113
8223 115
8224 128
8225 158
8226 76
8227 386
8228 98
8229 306
8230 48
8231 157
8232 67
8233 389
8234 123
8235 117
8236 113
8237 115
8238 108
8239 223
8240 133
8241 92
8242 111
8243 173
8244 78
8245 212
8246 74
8247 202
8248 169
8249 111
8250 130
8251 156
8252 79
8253 221
8254 165
8255 215
8256 51
8257 260
8258 46
8259 179
8260 149
8261 167
8262 122
8263 197
8264 65
8265 171
8266 147
8267 149
8268 85
8269 234
8270 88
8271 142
8272 83
8273 257
8274 78
8275 316
8276 74
8277 78
8278 108
8279 109
8280 94
8281 259
8282 146
8283 187
8284 100
8285 149
8286 71
8287 271
8288 99
8289 232
8290 99
8291 73
8292 88
8293 214
8294 94
8295 225
8296 149
8297 154
8298 46
8299 253
8300 65
8301 134
8302 124
8303 230
8304 119
8305 194
8306 96
8307 120
8308 208
8309 258
8310 104
8311 147
8312 58
8313 153
8314 95
8315 197
8316 76
8317 314
8318 71
8319 139
8320 167
8321 92
8322 89
8323 307
8324 72
8325 192
8326 76
8327 254
8328 66
8329 232
8330 80
8331 191
8332 119
8333 130
8334 63
8335 176
8336 66
8337 167
8338 183
8339 229
8340 71
8341 303
8342 71
8343 170
8344 135
8345 142
8346 50
8347 220
8348 106
8349 112
8350 132
8351 123
8352 135
8353 312
8354 61
8355 157
8356 46
8357 229
8358 114
8359 362
8360 87
8361 117
8362 76
8363 97
8364 104
8365 320
8366 66
8367 256
8368 45
8369 178
8370 76
8371 298
8372 103
8373 163
8374 155
8375 150
8376 73
8377 150
8378 117
8379 168
8380 225
8381 167
8382 57
8383 357
8384 78
8385 206
8386 121
8387 192
8388 71
8389 104
8390 87
8391 115
8392 137
8393 204
8394 117
8395 276
8396 45
8397 207
8398 156
8399 189
8400 85
8401 196
8402 90
8403 158
8404 179
8405 170
8406 50
8407 245
8408 119
8409 237
8410 90
8411 112
8412 55
8413 241
8414 89
8415 206
8416 126
8417 112
8418 133
8419 209
8420 100
8421 123
8422 170
8423 157
8424 72
8425 261
8426 61
8427 216
8428 89
8429 316
8430 77
8431 165
8432 83
8433 89
8434 120
8435 224
8436 102
8437 347
8438 74
8439 168
8440 95
8441 153
8442 144
8443 312
8444 78
8445 106
8446 115
8447 145
8448 97
8449 424
8450 95
8451 122
8452 117
8453 220
8454 55
8455 238
8456 64
8457 227
8458 176
8459 143
8460 93
8461 125
8462 85
8463 234
8464 172
8465 198
8466 34
8467 215
8468 77
8469 186
8470 135
8471 205
8472 109
8473 214
8474 94
8475 141
8476 98
8477 165
8478 121
8479 265
8480 63
8481 189
8482 146
8483 156
8484 79
8485 332
8486 75
8487 105
8488 147
8489 104
8490 98
8491 230
8492 90
8493 168
8494 95
8495 222
8496 67
8497 402
8498 64
8499 175
8500 142
8501 80
8502 133
8503 182
8504 103
8505 126
8506 108
8507 205
8508 69
8509 278
8510 84
8511 126
8512 146
8513 265
8514 115
8515 202
8516 61
8517 128
8518 123
8519 195
8520 80
8521 185
8522 55
8523 260
8524 99
8525 193
8526 60
8527 289
8528 140
8529 143
8530 170
8531 80
8532 81
8533 259
8534 153
8535 233
8536 79
8537 208
8538 48
8539 365
8540 117
8541 227
8542 119
8543 109
8544 61
8545 248
8546 77
8547 179
8548 183
8549 146
8550 79
8551 234
8552 64
8553 153
8554 119
8555 212
8556 110
8557 232
8558 117
8559 148
8560 128
8561 189
8562 98
8563 290
8564 42
8565 187
8566 58
8567 230
8568 112
8569 375
8570 105
8571 59
8572 171
8573 118
8574 152
8575 246
8576 60
8577 87
8578 127
8579 214
8580 73
8581 236
8582 97
8583 202
8584 118
8585 148
8586 69
8587 136
8588 106
8589 159
8590 148
8591 161
8592 91
8593 230
8594 55
8595 267
8596 107
8597 188
8598 70
8599 207
8600 82
8601 114
8602 115
8603 229
8604 121
8605 411
8606 64
8607 226
8608 82
8609 124
8610 72
8611 277
8612 133
8613 174
8614 189
8615 99
8616 74
8617 224
8618 143
8619 169
8620 81
8621 113
8622 55
8623 268
8624 123
8625 341
8626 107
8627 194
8628 73
8629 178
8630 101
8631 175
8632 158
8633 228
8634 84
8635 280
8636 66
8637 169
8638 156
8639 264
8640 109
8641 117
8642 62
8643 157
8644 152
8645 171
8646 75
8647 359
8648 53
8649 189
8650 128
8651 160
8652 107
8653 318
8654 81
8655 96
8656 156
8657 147
8658 108
8659 223
8660 156
8661 139
8662 91
8663 181
8664 76
8665 298
8666 80
8667 184
8668 144
8669 178
8670 97
8671 164
8672 89
8673 281
8674 105
8675 149
8676 38
8677 296
8678 62
8679 213
8680 228
8681 134
8682 126
8683 204
8684 132
8685 106
8686 71
8687 163
8688 96
8689 400
8690 91
8691 117
8692 91
8693 170
8694 100
8695 352
8696 62
8697 136
8698 142
8699 162
8700 106
8701 208
8702 149
8703 186
8704 88
8705 168
8706 42
8707 253
8708 79
8709 236
8710 187
8711 120
8712 119
8713 182
8714 58
8715 219
8716 154
8717 188
8718 85
8719 204
8720 54
8721 175
8722 170
8723 207
8724 102
8725 152
8726 79
8727 136
8728 140
8729 152
8730 107
8731 208
8732 81
8733 171
8734 77
8735 230
8736 48
8737 342
8738 114
8739 138
8740 104
8741 114
8742 76
8743 415
8744 131
8745 220
8746 107
8747 197
8748 74
8749 403
8750 116
8751 149
8752 110
8753 88
8754 103
8755 208
8756 91
8757 205
8758 152
8759 182
8760 86
8761 211
8762 39
8763 145
8764 137
8765 194
8766 91
8767 243
8768 96
8769 126
8770 167
8771 139
8772 106
8773 246
8774 48
8775 215
8776 81
8777 258
8778 103
8779 377
8780 60
8781 85
8782 159
8783 147
8784 78
8785 225
8786 76
8787 300
8788 106
8789 268
8790 83
8791 173
8792 90
8793 232
8794 162
8795 139
8796 67
8797 131
8798 86
8799 208
8800 159
8801 232
8802 49
8803 371
8804 61
8805 187
8806 110
8807 180
8808 111
8809 187
8810 87
8811 100
8812 223
8813 223
8814 153
8815 261
8816 57
8817 165
8818 85
8819 150
8820 104
8821 308
8822 101
8823 108
8824 94
8825 150
8826 88
8827 325
8828 95
8829 168
8830 74
8831 119
8832 80
8833 359
8834 145
8835 243
8836 108
8837 133
8838 94
8839 205
8840 94
8841 121
8842 223
8843 191
8844 74
8845 384
8846 41
8847 194
8848 133
8849 187
8850 78
8851 138
8852 70
8853 188
8854 139
8855 236
8856 85
8857 230
8858 73
8859 251
8860 105
8861 144
8862 78
8863 390
8864 81
8865 131
8866 103
8867 167
8868 94
8869 254
8870 102
8871 190
8872 78
8873 252
8874 67
8875 238
8876 55
8877 287
8878 185
8879 145
8880 123
8881 138
8882 117
8883 110
8884 206
8885 211
8886 66
8887 261
8888 65
8889 158
8890 133
8891 220
8892 102
8893 186
8894 88
8895 73
8896 98
8897 248
8898 131
8899 358
8900 84
8901 129
8902 109
8903 249
8904 103
8905 312
8906 53
8907 142
8908 143
8909 120
8910 103
8911 341
8912 94
8913 215
8914 99
8915 206
8916 40
8917 313
8918 85
8919 198
8920 156
8921 64
8922 104
8923 122
8924 111
8925 277
8926 137
8927 139
8928 60
8929 257
8930 86
8931 193
8932 186
8933 202
8934 66
8935 216
8936 103
8937 227
8938 108
8939 158
8940 80
8941 196
8942 79
8943 192
8944 121
8945 132
8946 91
8947 362
8948 134
8949 154
8950 158
8951 75
8952 87
8953 298
8954 137
8955 232
8956 72
8957 204
8958 72
8959 375
8960 85
8961 110
8962 124
8963 124
8964 112
8965 285
8966 68
8967 153
8968 180
8969 318
8970 53
8971 205
8972 56
8973 181
8974 118
8975 304
8976 99
8977 221
8978 82
8979 163
8980 118
8981 106
8982 106
8983 236
8984 57
8985 199
8986 73
8987 202
8988 136
8989 303
8990 127
8991 120
8992 195
8993 107
8994 86
8995 258
8996 90
8997 170
8998 104
8999 186
9000 55
9001 225
9002 99
9003 260
9004 154
9005 111
9006 53
9007 253
9008 87
9009 266
9010 197
9011 150
9012 45
9013 289
9014 55
9015 201
9016 90
9017 292
9018 92
9019 163
9020 99
9021 115
9022 181
9023 200
9024 140
9025 322
9026 46
9027 198
9028 89
9029 229
9030 170
9031 237
9032 124
9033 106
9034 199
9035 119
9036 82
9037 283
9038 80
9039 154
9040 114
9041 221
9042 79
9043 410
9044 73
9045 272
9046 117
9047 154
9048 94
9049 169
9050 88
9051 212
9052 151
9053 178
9054 74
9055 315
9056 46
9057 162
9058 122
9059 175
9060 101
9061 157
9062 117
9063 161
9064 150
9065 186
9066 99
9067 354
9068 100
9069 184
9070 73
9071 139
9072 103
9073 370
9074 130
9075 141
9076 100
9077 102
9078 99
9079 327
9080 154
9081 111
9082 92
9083 171
9084 64
9085 406
9086 74
9087 376
9088 162
9089 190
9090 82
9091 128
9092 82
9093 166
9094 193
9095 201
9096 40
9097 261
9098 110
9099 161
9100 172
9101 206
9102 124
9103 129
9104 72
9105 133
9106 131
9107 235
9108 168
9109 303
9110 39
9111 166
9112 96
9113 214
9114 66
9115 339
9116 58
9117 173
9118 184
9119 182
9120 95
9121 247
9122 90
9123 154
9124 184
9125 159
9126 43
9127 216
9128 83
9129 205
9130 133
9131 119
9132 130
9133 187
9134 122
9135 179
9136 87
9137 211
9138 55
9139 451
9140 89
9141 135
9142 123
9143 204
9144 93
9145 258
9146 95
9147 125
9148 92
9149 144
9150 115
9151 220
9152 92
9153 222
9154 89
9155 175
9156 87
9157 440
9158 112
9159 133
9160 152
9161 81
9162 113
9163 380
9164 177
9165 169
9166 83
9167 246
9168 65
9169 219
9170 89
9171 128
9172 156
9173 138
9174 122
9175 204
9176 73
9177 300
9178 245
9179 185
9180 72
9181 204
9182 44
9183 300
9184 144
9185 280
9186 108
9187 116
9188 87
9189 111
9190 235
9191 129
9192 75
9193 288
9194 62
9195 209
9196 104
9197 256
9198 78
9199 336
9200 90
9201 118
9202 154
9203 149
9204 96
9205 270
9206 83
9207 198
9208 148
9209 176
9210 52
9211 272
9212 124
9213 227
9214 122
9215 123
9216 78
9217 182
9218 78
9219 340
9220 142
9221 148
9222 76
9223 313
9224 72
9225 204
9226 105
9227 176
9228 105
9229 179
9230 108
9231 84
9232 221
9233 176
9234 107
9235 268
9236 54
9237 210
9238 96
9239 204
9240 102
9241 399
9242 85
9243 184
9244 140
9245 182
9246 55
9247 222
9248 125
9249 276
9250 115
9251 186
9252 71
9253 224
9254 148
9255 272
9256 106
9257 103
9258 75
9259 157
9260 90
9261 148
9262 241
9263 214
9264 63
9265 251
9266 47
9267 163
9268 147
9269 232
9270 116
9271 181
9272 125
9273 109
9274 142
9275 174
9276 108
9277 361
9278 74
9279 174
9280 91
9281 161
9282 113
9283 442
9284 94
9285 134
9286 67
9287 163
9288 117
9289 421
9290 101
9291 111
9292 103
9293 265
9294 85
9295 380
9296 79
9297 196
9298 154
9299 122
9300 135
9301 170
9302 97
9303 134
9304 199
9305 215
9306 45
9307 450
9308 69
9309 237
9310 219
9311 180
9312 64
9313 160
9314 101
9315 160
9316 143
9317 182
9318 88
9319 313
9320 74
9321 199
9322 89
9323 200
9324 49
9325 204
9326 122
9327 149
9328 204
9329 139
9330 94
9331 183
9332 133
9333 256
9334 91
9335 173
9336 56
9337 279
9338 105
9339 306
9340 217
9341 92
9342 129
9343 161
9344 101
9345 190
9346 114
9347 224
9348 57
9349 376
9350 79
9351 157
9352 119
9353 284
9354 129
9355 294
9356 64
9357 91
9358 108
9359 251
9360 159
9361 270
9362 105
9363 135
9364 98
9365 244
9366 89
9367 466
9368 96
9369 81
9370 149
9371 97
9372 125
9373 404
9374 111
9375 234
9376 68
9377 171
9378 86
9379 255
9380 79
9381 218
9382 133
9383 158
9384 169
9385 209
9386 85
9387 236
9388 194
9389 139
9390 63
9391 195
9392 81
9393 228
9394 137
9395 291
9396 58
9397 235
9398 111
9399 125
9400 155
9401 151
9402 100
9403 269
9404 98
9405 195
9406 134
9407 190
9408 107
9409 326
9410 116
9411 103
9412 161
9413 104
9414 104
9415 317
9416 80
9417 275
9418 100
9419 203
9420 62
9421 244
9422 75
9423 253
9424 173
9425 169
9426 72
9427 228
9428 109
9429 176
9430 222
9431 174
9432 88
9433 317
9434 51
9435 154
9436 114
9437 222
9438 108
9439 216
9440 91
9441 90
9442 189
9443 282
9444 111
9445 233
9446 43
9447 197
9448 101
9449 266
9450 80
9451 207
9452 144
9453 181
9454 181
9455 108
9456 79
9457 324
9458 123
9459 296
9460 74
9461 156
9462 66
9463 355
9464 127
9465 255
9466 141
9467 89
9468 88
9469 314
9470 93
9471 195
9472 207
9473 145
9474 66
9475 373
9476 54
9477 187
9478 102
9479 219
9480 117
9481 147
9482 112
9483 175
9484 123
9485 362
9486 105
9487 298
9488 67
9489 191
9490 86
9491 155
9492 131
9493 348
9494 98
9495 131
9496 131
9497 158
9498 124
9499 206
9500 120
9501 180
9502 135
9503 206
9504 86
9505 356
9506 78
9507 200
9508 170
9509 160
9510 77
9511 162
9512 64
9513 173
9514 201
9515 233
9516 65
9517 281
9518 82
9519 223
9520 143
9521 154
9522 87
9523 235
9524 148
9525 130
9526 186
9527 240
9528 113
9529 291
9530 89
9531 183
9532 60
9533 138
9534 102
9535 443
9536 79
9537 163
9538 180
9539 98
9540 111
9541 236
9542 152
9543 169
9544 118
9545 165
9546 50
9547 466
9548 94
9549 344
9550 125
9551 106
9552 103
9553 247
9554 104
9555 207
9556 104
9557 288
9558 71
9559 324
9560 71
9561 142
9562 184
9563 286
9564 93
9565 126
9566 58
9567 118
9568 239
9569 216
9570 168
9571 229
9572 44
9573 179
9574 123
9575 250
9576 73
9577 337
9578 80
9579 116
9580 194
9581 136
9582 117
9583 305
9584 115
9585 225
9586 68
9587 212
9588 58
9589 245
9590 85
9591 194
9592 150
9593 188
9594 106
9595 261
9596 91
9597 208
9598 133
9599 210
9600 81
9601 206
9602 84
9603 175
9604 175
9605 238
9606 105
9607 211
9608 77
9609 121
9610 116
9611 129
9612 144
9613 331
9614 100
9615 334
9616 74
9617 201
9618 127
9619 371
9620 110
9621 90
9622 147
9623 138
9624 74
9625 368
9626 113
9627 155
9628 106
9629 174
9630 63
9631 211
9632 102
9633 170
9634 173
9635 124
9636 71
9637 216
9638 139
9639 262
9640 254
9641 142
9642 67
9643 271
9644 65
9645 253
9646 143
9647 218
9648 92
9649 216
9650 102
9651 122
9652 131
9653 200
9654 87
9655 256
9656 48
9657 248
9658 90
9659 305
9660 64
9661 362
9662 106
9663 148
9664 110
9665 123
9666 54
9667 296
9668 124
9669 210
9670 155
9671 169
9672 108
9673 321
9674 109
9675 166
9676 125
9677 107
9678 100
9679 217
9680 121
9681 166
9682 136
9683 279
9684 92
9685 332
9686 40
9687 200
9688 150
9689 307
9690 112
9691 208
9692 123
9693 121
9694 138
9695 211
9696 118
9697 272
9698 54
9699 166
9700 120
9701 137
9702 100
9703 371
9704 92
9705 151
9706 125
9707 168
9708 83
9709 246
9710 131
9711 157
9712 111
9713 291
9714 86
9715 196
9716 100
9717 273
9718 193
9719 134
9720 62
9721 99
9722 105
9723 229
9724 209
9725 228
9726 49
9727 285
9728 69
9729 312
9730 193
9731 202
9732 113
9733 211
9734 111
9735 212
9736 150
9737 174
9738 113
9739 375
9740 67
9741 116
9742 94
9743 186
9744 117
9745 347
9746 77
9747 168
9748 162
9749 123
9750 88
9751 300
9752 144
9753 194
9754 80
9755 271
9756 51
9757 301
9758 154
9759 170
9760 129
9761 114
9762 114
9763 166
9764 97
9765 224
9766 116
9767 175
9768 84
9769 336
9770 88
9771 169
9772 180
9773 203
9774 97
9775 259
9776 74
9777 158
9778 165
9779 158
9780 97
9781 248
9782 72
9783 254
9784 140
9785 173
9786 71
9787 335
9788 109
9789 148
9790 149
9791 148
9792 103
9793 346
9794 103
9795 212
9796 79
9797 255
9798 53
9799 311
9800 111
9801 211
9802 221
9803 146
9804 171
9805 196
9806 68
9807 156
9808 181
9809 163
9810 98
9811 203
9812 64
9813 300
9814 154
9815 269
9816 103
9817 191
9818 62
9819 109
9820 142
9821 241
9822 133
9823 506
9824 72
9825 176
9826 91
9827 294
9828 115
9829 456
9830 84
9831 84
9832 147
9833 120
9834 128
9835 295
9836 77
9837 204
9838 81
9839 236
9840 65
9841 210
9842 95
9843 365
9844 159
9845 112
9846 121
9847 206
9848 155
9849 229
9850 158
9851 104
9852 48
9853 336
9854 50
9855 237
9856 104
9857 348
9858 81
9859 295
9860 146
9861 123
9862 163
9863 155
9864 73
9865 433
9866 68
9867 229
9868 137
9869 160
9870 131
9871 258
9872 138
9873 112
9874 172
9875 111
9876 74
9877 377
9878 162
9879 286
9880 100
9881 163
9882 67
9883 252
9884 85
9885 205
9886 98
9887 172
9888 147
9889 233
9890 82
9891 161
9892 169
9893 262
9894 85
9895 209
9896 46
9897 170
9898 171
9899 339
9900 123
9901 165
9902 58
9903 147
9904 168
9905 262
9906 120
9907 240
9908 74
9909 154
9910 118
9911 175
9912 101
9913 295
9914 141
9915 164
9916 119
9917 172
9918 99
9919 318
9920 114
9921 198
9922 91
9923 194
9924 57
9925 446
9926 83
9927 248
9928 124
9929 124
9930 83
9931 174
9932 108
9933 233
9934 268
9935 153
9936 53
9937 375
9938 114
9939 213
9940 143
9941 111
9942 126
9943 176
9944 153
9945 194
9946 98
9947 189
9948 153
9949 323
9950 80
9951 139
9952 109
9953 202
9954 97
9955 364
9956 94
9957 129
9958 153
9959 168
9960 126
9961 235
9962 109
9963 217
9964 91
9965 304
9966 47
9967 384
9968 86
9969 259
9970 179
9971 124
9972 105
9973 194
9974 81
9975 218
9976 248
9977 216
9978 88
9979 245
9980 77
9981 149
9982 225
9983 223
9984 113
9985 166
9986 139
9987 119
9988 132
9989 272
9990 128
9991 392
9992 81
9993 200
9994 68
9995 237
9996 72
9997 416
9998 111
9999 151
10000 164
