
1 1
2 1
3 1
4 1
5 1
6 1
7 2
8 2
9 3
10 3
11 1
12 3
13 2
14 2
15 3
16 4
17 4
18 4
19 2
20 1
21 2
22 1
23 3
24 3
25 6
26 3
27 3
28 7
29 4
30 5
31 2
32 8
33 3
34 5
35 6
36 1
37 2
38 5
39 8
40 10
41 7
42 3
43 2
44 6
45 8
46 2
47 3
48 5
49 8
50 4
51 7
52 4
53 2
54 5
55 8
56 9
57 10
58 5
59 8
60 6
61 10
62 6
63 4
64 9
65 6
66 9
67 5
68 3
69 13
70 5
71 8
72 9
73 5
74 6
75 8
76 13
77 13
78 6
79 6
80 5
81 7
82 5
83 9
84 8
85 9
86 12
87 10
88 9
89 13
90 7
91 14
92 11
93 7
94 9
95 8
96 10
97 12
98 8
99 7
100 7
101 7
102 11
103 12
104 8
105 4
106 9
107 9
108 13
109 7
110 5
111 8
112 6
113 9
114 10
115 4
116 12
117 7
118 15
119 11
120 14
121 10
122 11
123 12
124 10
125 7
126 10
127 10
128 10
129 6
130 8
131 8
132 14
133 11
134 8
135 8
136 6
137 13
138 7
139 17
140 14
141 8
142 11
143 10
144 13
145 10
146 14
147 8
148 16
149 12
150 14
151 12
152 11
153 7
154 12
155 17
156 10
157 9
158 13
159 12
160 17
161 16
162 14
163 8
164 13
165 17
166 15
167 5
168 6
169 7
170 14
171 16
172 11
173 9
174 12
175 9
176 12
177 9
178 14
179 11
180 12
181 9
182 12
183 10
184 16
185 20
186 16
187 8
188 10
189 11
190 15
191 13
192 13
193 12
194 10
195 15
196 12
197 17
198 10
199 14
200 18
201 22
202 8
203 11
204 7
205 14
206 16
207 10
208 17
209 12
210 8
211 12
212 17
213 8
214 17
215 23
216 8
217 13
218 13
219 18
220 17
221 14
222 9
223 16
224 11
225 17
226 7
227 15
228 13
229 12
230 19
231 19
232 9
233 9
234 11
235 14
236 21
237 12
238 21
239 16
240 12
241 21
242 7
243 16
244 15
245 22
246 15
247 11
248 17
249 10
250 16
251 9
252 14
253 21
254 15
255 25
256 19
257 8
258 13
259 22
260 14
261 10
262 19
263 13
264 17
265 20
266 14
267 17
268 16
269 11
270 20
271 10
272 13
273 16
274 13
275 13
276 11
277 16
278 19
279 7
280 19
281 20
282 10
283 21
284 12
285 15
286 10
287 11
288 18
289 12
290 19
291 17
292 26
293 22
294 13
295 11
296 22
297 12
298 22
299 20
300 13
301 15
302 22
303 13
304 15
305 14
306 16
307 25
308 11
309 22
310 15
311 27
312 19
313 13
314 15
315 20
316 11
317 22
318 19
319 16
320 15
321 11
322 18
323 19
324 12
325 24
326 11
327 14
328 19
329 25
330 22
331 15
332 29
333 14
334 22
335 20
336 23
337 18
338 20
339 14
340 13
341 13
342 20
343 27
344 6
345 21
346 13
347 12
348 13
349 20
350 27
351 9
352 12
353 13
354 15
355 17
356 23
357 20
358 17
359 18
360 19
361 21
362 17
363 24
364 31
365 21
366 25
367 28
368 21
369 11
370 14
371 14
372 27
373 21
374 5
375 20
376 27
377 10
378 19
379 24
380 20
381 22
382 24
383 14
384 22
385 22
386 27
387 12
388 14
389 21
390 22
391 13
392 25
393 26
394 14
395 19
396 18
397 19
398 18
399 17
400 17
401 16
402 26
403 19
404 30
405 24
406 10
407 17
408 19
409 13
410 27
411 19
412 28
413 22
414 12
415 17
416 21
417 20
418 16
419 26
420 23
421 29
422 19
423 19
424 30
425 19
426 25
427 33
428 27
429 10
430 29
431 23
432 19
433 20
434 27
435 15
436 20
437 16
438 9
439 18
440 19
441 25
442 27
443 7
444 22
445 8
446 24
447 17
448 29
449 14
450 13
451 21
452 23
453 29
454 25
455 17
456 24
457 17
458 19
459 24
460 22
461 18
462 18
463 29
464 15
465 18
466 19
467 14
468 26
469 24
470 17
471 23
472 22
473 24
474 19
475 21
476 22
477 20
478 14
479 28
480 27
481 26
482 26
483 21
484 18
485 24
486 33
487 19
488 26
489 19
490 14
491 19
492 26
493 17
494 39
495 26
496 20
497 28
498 27
499 19
500 13
501 26
502 17
503 26
504 16
505 18
506 22
507 28
508 12
509 19
510 21
511 28
512 28
513 15
514 34
515 11
516 20
517 20
518 20
519 22
520 19
521 17
522 15
523 25
524 25
525 17
526 29
527 24
528 27
529 36
530 28
531 18
532 28
533 15
534 20
535 24
536 26
537 22
538 21
539 17
540 22
541 20
542 28
543 22
544 28
545 23
546 17
547 23
548 33
549 18
550 27
551 23
552 16
553 32
554 27
555 36
556 23
557 20
558 21
559 19
560 15
561 31
562 30
563 28
564 27
565 24
566 11
567 34
568 18
569 30
570 34
571 32
572 30
573 14
574 17
575 11
576 29
577 31
578 25
579 30
580 13
581 20
582 26
583 38
584 29
585 20
586 21
587 18
588 35
589 34
590 22
591 24
592 34
593 22
594 33
595 24
596 25
597 34
598 22
599 34
600 25
601 23
602 23
603 18
604 18
605 29
606 36
607 31
608 28
609 22
610 30
611 27
612 20
613 38
614 26
615 27
616 33
617 20
618 17
619 24
620 37
621 12
622 22
623 17
624 15
625 34
626 24
627 31
628 28
629 21
630 25
631 20
632 37
633 30
634 16
635 36
636 25
637 24
638 20
639 26
640 25
641 18
642 11
643 32
644 14
645 35
646 29
647 15
648 22
649 30
650 15
651 19
652 24
653 36
654 30
655 23
656 21
657 39
658 30
659 25
660 32
661 34
662 15
663 19
664 34
665 27
666 35
667 32
668 21
669 20
670 43
671 36
672 19
673 28
674 27
675 33
676 26
677 25
678 35
679 28
680 36
681 37
682 20
683 23
684 20
685 24
686 34
687 28
688 18
689 24
690 31
691 37
692 21
693 13
694 20
695 35
696 24
697 33
698 33
699 38
700 23
701 16
702 30
703 37
704 39
705 31
706 38
707 25
708 35
709 27
710 45
711 35
712 33
713 31
714 23
715 34
716 18
717 15
718 23
719 32
720 31
721 23
722 28
723 34
724 14
725 36
726 23
727 25
728 42
729 36
730 17
731 22
732 24
733 23
734 26
735 24
736 36
737 22
738 15
739 25
740 33
741 24
742 22
743 35
744 31
745 35
746 27
747 37
748 30
749 19
750 36
751 22
752 26
753 36
754 27
755 32
756 19
757 28
758 18
759 32
760 19
761 29
762 34
763 35
764 21
765 23
766 19
767 37
768 29
769 23
770 31
771 25
772 32
773 28
774 31
775 16
776 30
777 32
778 28
779 35
780 42
781 21
782 24
783 43
784 16
785 34
786 32
787 23
788 22
789 34
790 35
791 23
792 24
793 26
794 34
795 21
796 37
797 37
798 22
799 33
800 17
801 39
802 28
803 27
804 47
805 36
806 25
807 37
808 20
809 24
810 40
811 26
812 26
813 31
814 40
815 44
816 19
817 31
818 43
819 34
820 17
821 31
822 42
823 37
824 37
825 24
826 21
827 40
828 34
829 18
830 32
831 26
832 27
833 46
834 30
835 17
836 25
837 33
838 17
839 21
840 43
841 22
842 32
843 29
844 22
845 22
846 37
847 21
848 37
849 35
850 24
851 24
852 35
853 39
854 25
855 21
856 23
857 41
858 38
859 14
860 22
861 19
862 38
863 27
864 30
865 29
866 23
867 36
868 30
869 43
870 22
871 23
872 43
873 20
874 25
875 36
876 37
877 25
878 46
879 39
880 41
881 20
882 38
883 41
884 35
885 26
886 27
887 44
888 29
889 25
890 35
891 36
892 25
893 31
894 20
895 25
896 36
897 34
898 39
899 21
900 37
901 30
902 51
903 43
904 34
905 26
906 38
907 28
908 20
909 46
910 41
911 38
912 31
913 38
914 20
915 36
916 26
917 28
918 47
919 43
920 24
921 25
922 31
923 28
924 37
925 26
926 27
927 33
928 37
929 45
930 30
931 33
932 26
933 24
934 35
935 26
936 39
937 19
938 29
939 27
940 17
941 28
942 40
943 37
944 33
945 28
946 30
947 31
948 38
949 21
950 38
951 24
952 44
953 51
954 45
955 23
956 27
957 36
958 21
959 46
960 26
961 30
962 42
963 42
964 47
965 22
966 31
967 48
968 18
969 31
970 41
971 39
972 29
973 38
974 20
975 23
976 44
977 22
978 49
979 37
980 21
981 45
982 24
983 21
984 36
985 27
986 30
987 44
988 42
989 37
990 55
991 33
992 44
993 27
994 26
995 42
996 28
997 29
998 36
999 42
1000 46
1001 24
1002 34
1003 47
1004 50
1005 19
1006 31
1007 34
1008 31
1009 21
1010 31
1011 41
1012 30
1013 31
1014 49
1015 30
1016 42
1017 30
1018 36
1019 25
1020 30
1021 50
1022 45
1023 46
1024 20
1025 22
1026 40
1027 25
1028 15
1029 37
1030 45
1031 22
1032 35
1033 31
1034 45
1035 38
1036 32
1037 26
1038 35
1039 27
1040 32
1041 32
1042 39
1043 16
1044 18
1045 32
1046 29
1047 49
1048 39
1049 29
1050 46
1051 26
1052 23
1053 48
1054 44
1055 23
1056 26
1057 42
1058 23
1059 27
1060 30
1061 44
1062 21
1063 25
1064 43
1065 49
1066 49
1067 38
1068 55
1069 24
1070 39
1071 30
1072 35
1073 29
1074 36
1075 32
1076 19
1077 31
1078 45
1079 46
1080 36
1081 40
1082 31
1083 42
1084 48
1085 38
1086 27
1087 34
1088 34
1089 25
1090 37
1091 51
1092 53
1093 15
1094 18
1095 48
1096 31
1097 44
1098 48
1099 26
1100 38
1101 43
1102 21
1103 46
1104 38
1105 25
1106 37
1107 27
1108 28
1109 36
1110 35
1111 33
1112 29
1113 50
1114 50
1115 41
1116 20
1117 46
1118 21
1119 29
1120 39
1121 34
1122 44
1123 32
1124 26
1125 27
1126 41
1127 30
1128 28
1129 27
1130 23
1131 28
1132 38
1133 49
1134 24
1135 26
1136 36
1137 49
1138 26
1139 28
1140 22
1141 51
1142 46
1143 37
1144 39
1145 39
1146 22
1147 41
1148 37
1149 34
1150 23
1151 48
1152 27
1153 30
1154 43
1155 34
1156 43
1157 34
1158 21
1159 35
1160 45
1161 24
1162 27
1163 35
1164 46
1165 36
1166 26
1167 38
1168 39
1169 45
1170 18
1171 41
1172 30
1173 47
1174 45
1175 40
1176 33
1177 57
1178 30
1179 28
1180 53
1181 43
1182 35
1183 43
1184 55
1185 27
1186 30
1187 20
1188 51
1189 48
1190 20
1191 36
1192 33
1193 26
1194 51
1195 29
1196 44
1197 32
1198 49
1199 23
1200 38
1201 26
1202 47
1203 51
1204 51
1205 29
1206 26
1207 28
1208 36
1209 42
1210 26
1211 39
1212 29
1213 53
1214 51
1215 38
1216 42
1217 34
1218 19
1219 37
1220 53
1221 23
1222 28
1223 40
1224 42
1225 31
1226 35
1227 35
1228 34
1229 37
1230 45
1231 32
1232 48
1233 24
1234 43
1235 41
1236 38
1237 48
1238 38
1239 29
1240 24
1241 48
1242 27
1243 39
1244 59
1245 28
1246 34
1247 35
1248 47
1249 46
1250 34
1251 37
1252 46
1253 40
1254 44
1255 30
1256 63
1257 54
1258 43
1259 32
1260 30
1261 41
1262 49
1263 43
1264 27
1265 47
1266 20
1267 53
1268 29
1269 40
1270 48
1271 43
1272 38
1273 44
1274 32
1275 51
1276 33
1277 54
1278 23
1279 43
1280 36
1281 62
1282 33
1283 43
1284 48
1285 25
1286 32
1287 34
1288 37
1289 47
1290 35
1291 50
1292 36
1293 40
1294 48
1295 56
1296 24
1297 41
1298 32
1299 32
1300 39
1301 27
1302 53
1303 35
1304 44
1305 53
1306 11
1307 29
1308 36
1309 59
1310 39
1311 26
1312 32
1313 30
1314 34
1315 48
1316 26
1317 29
1318 46
1319 48
1320 58
1321 36
1322 40
1323 57
1324 48
1325 21
1326 21
1327 37
1328 54
1329 25
1330 48
1331 44
1332 51
1333 47
1334 38
1335 29
1336 46
1337 51
1338 31
1339 60
1340 35
1341 53
1342 33
1343 38
1344 44
1345 45
1346 37
1347 40
1348 31
1349 25
1350 36
1351 44
1352 19
1353 42
1354 28
1355 51
1356 37
1357 53
1358 33
1359 40
1360 31
1361 27
1362 39
1363 51
1364 58
1365 28
1366 36
1367 20
1368 39
1369 47
1370 38
1371 46
1372 28
1373 41
1374 27
1375 56
1376 54
1377 37
1378 57
1379 38
1380 37
1381 50
1382 32
1383 34
1384 62
1385 52
1386 26
1387 39
1388 32
1389 43
1390 39
1391 55
1392 26
1393 48
1394 41
1395 21
1396 52
1397 33
1398 31
1399 50
1400 45
1401 22
1402 46
1403 42
1404 56
1405 25
1406 50
1407 27
1408 25
1409 31
1410 48
1411 36
1412 49
1413 50
1414 46
1415 56
1416 50
1417 29
1418 31
1419 29
1420 34
1421 26
1422 35
1423 54
1424 38
1425 53
1426 49
1427 51
1428 38
1429 54
1430 57
1431 52
1432 27
1433 39
1434 38
1435 45
1436 33
1437 46
1438 55
1439 29
1440 41
1441 40
1442 35
1443 39
1444 46
1445 36
1446 34
1447 34
1448 36
1449 56
1450 36
1451 54
1452 54
1453 49
1454 54
1455 42
1456 45
1457 29
1458 50
1459 57
1460 24
1461 51
1462 51
1463 30
1464 33
1465 33
1466 61
1467 56
1468 42
1469 44
1470 32
1471 32
1472 55
1473 54
1474 43
1475 67
1476 44
1477 45
1478 30
1479 25
1480 46
1481 32
1482 62
1483 26
1484 34
1485 59
1486 28
1487 33
1488 60
1489 44
1490 32
1491 47
1492 55
1493 45
1494 31
1495 44
1496 61
1497 60
1498 25
1499 34
1500 44
1501 48
1502 38
1503 42
1504 36
1505 28
1506 42
1507 33
1508 47
1509 24
1510 42
1511 60
1512 56
1513 45
1514 31
1515 50
1516 43
1517 33
1518 51
1519 33
1520 23
1521 50
1522 36
1523 38
1524 36
1525 47
1526 34
1527 47
1528 43
1529 37
1530 30
1531 25
1532 34
1533 34
1534 54
1535 52
1536 35
1537 47
1538 58
1539 37
1540 49
1541 44
1542 58
1543 47
1544 37
1545 30
1546 28
1547 56
1548 39
1549 36
1550 49
1551 35
1552 39
1553 50
1554 52
1555 45
1556 36
1557 37
1558 36
1559 56
1560 51
1561 42
1562 69
1563 31
1564 49
1565 28
1566 65
1567 25
1568 32
1569 36
1570 58
1571 44
1572 41
1573 69
1574 44
1575 44
1576 39
1577 33
1578 33
1579 46
1580 46
1581 62
1582 38
1583 41
1584 54
1585 32
1586 57
1587 31
1588 57
1589 27
1590 28
1591 33
1592 39
1593 26
1594 56
1595 54
1596 60
1597 55
1598 39
1599 55
1600 50
1601 46
1602 56
1603 34
1604 39
1605 28
1606 61
1607 29
1608 26
1609 62
1610 48
1611 47
1612 43
1613 48
1614 28
1615 43
1616 31
1617 46
1618 55
1619 41
1620 52
1621 57
1622 29
1623 34
1624 39
1625 40
1626 37
1627 48
1628 35
1629 47
1630 40
1631 37
1632 49
1633 39
1634 58
1635 26
1636 42
1637 55
1638 42
1639 66
1640 44
1641 53
1642 63
1643 28
1644 51
1645 48
1646 32
1647 48
1648 37
1649 33
1650 63
1651 60
1652 40
1653 62
1654 36
1655 34
1656 55
1657 54
1658 58
1659 24
1660 38
1661 37
1662 61
1663 39
1664 37
1665 36
1666 46
1667 63
1668 32
1669 55
1670 35
1671 52
1672 35
1673 71
1674 56
1675 28
1676 14
1677 38
1678 59
1679 51
1680 31
1681 54
1682 40
1683 45
1684 57
1685 65
1686 35
1687 25
1688 30
1689 49
1690 36
1691 59
1692 35
1693 40
1694 63
1695 32
1696 28
1697 40
1698 74
1699 46
1700 41
1701 34
1702 56
1703 65
1704 54
1705 27
1706 47
1707 32
1708 27
1709 42
1710 31
1711 44
1712 62
1713 43
1714 59
1715 54
1716 34
1717 61
1718 68
1719 41
1720 63
1721 47
1722 57
1723 59
1724 35
1725 33
1726 46
1727 66
1728 64
1729 51
1730 31
1731 41
1732 37
1733 56
1734 49
1735 52
1736 36
1737 46
1738 49
1739 64
1740 29
1741 67
1742 38
1743 58
1744 35
1745 53
1746 60
1747 32
1748 38
1749 41
1750 37
1751 37
1752 60
1753 54
1754 44
1755 43
1756 66
1757 34
1758 57
1759 46
1760 46
1761 54
1762 55
1763 29
1764 46
1765 52
1766 23
1767 52
1768 54
1769 52
1770 58
1771 44
1772 63
1773 50
1774 35
1775 40
1776 43
1777 56
1778 44
1779 29
1780 48
1781 52
1782 54
1783 28
1784 38
1785 59
1786 25
1787 61
1788 39
1789 29
1790 37
1791 60
1792 27
1793 53
1794 49
1795 31
1796 42
1797 57
1798 69
1799 27
1800 48
1801 72
1802 29
1803 45
1804 47
1805 24
1806 51
1807 50
1808 64
1809 43
1810 49
1811 22
1812 52
1813 22
1814 49
1815 40
1816 60
1817 49
1818 43
1819 27
1820 48
1821 36
1822 57
1823 41
1824 46
1825 59
1826 42
1827 34
1828 46
1829 49
1830 37
1831 68
1832 51
1833 31
1834 45
1835 59
1836 48
1837 65
1838 61
1839 65
1840 63
1841 58
1842 47
1843 61
1844 69
1845 56
1846 48
1847 39
1848 43
1849 45
1850 56
1851 56
1852 46
1853 41
1854 39
1855 34
1856 37
1857 66
1858 51
1859 65
1860 46
1861 49
1862 28
1863 46
1864 61
1865 36
1866 56
1867 51
1868 47
1869 72
1870 41
1871 50
1872 31
1873 49
1874 63
1875 65
1876 30
1877 62
1878 55
1879 48
1880 39
1881 61
1882 38
1883 49
1884 64
1885 53
1886 76
1887 25
1888 39
1889 59
1890 38
1891 46
1892 60
1893 56
1894 44
1895 36
1896 61
1897 44
1898 51
1899 35
1900 34
1901 33
1902 43
1903 46
1904 57
1905 60
1906 43
1907 43
1908 44
1909 40
1910 53
1911 61
1912 56
1913 40
1914 65
1915 62
1916 61
1917 37
1918 31
1919 41
1920 45
1921 66
1922 58
1923 54
1924 33
1925 58
1926 37
1927 42
1928 38
1929 73
1930 44
1931 44
1932 34
1933 59
1934 42
1935 38
1936 43
1937 26
1938 61
1939 60
1940 52
1941 54
1942 59
1943 27
1944 35
1945 40
1946 35
1947 56
1948 62
1949 43
1950 45
1951 30
1952 31
1953 49
1954 56
1955 64
1956 42
1957 67
1958 34
1959 36
1960 41
1961 31
1962 54
1963 67
1964 47
1965 59
1966 42
1967 38
1968 40
1969 50
1970 76
1971 54
1972 44
1973 55
1974 52
1975 33
1976 57
1977 33
1978 60
1979 74
1980 36
1981 33
1982 52
1983 43
1984 45
1985 30
1986 37
1987 39
1988 36
1989 45
1990 42
1991 54
1992 65
1993 63
1994 35
1995 51
1996 28
1997 48
1998 50
1999 71
2000 35
2001 76
2002 38
2003 57
2004 49
2005 26
2006 35
2007 47
2008 41
2009 47
2010 56
2011 72
2012 59
2013 28
2014 44
2015 41
2016 67
2017 48
2018 34
2019 44
2020 70
2021 64
2022 41
2023 58
2024 33
2025 59
2026 43
2027 64
2028 69
2029 48
2030 58
2031 42
2032 36
2033 37
2034 42
2035 68
2036 40
2037 62
2038 41
2039 40
2040 62
2041 63
2042 38
2043 68
2044 48
2045 59
2046 40
2047 24
2048 33
2049 40
2050 54
2051 66
2052 54
2053 32
2054 43
2055 47
2056 43
2057 72
2058 68
2059 43
2060 32
2061 45
2062 49
2063 65
2064 42
2065 33
2066 43
2067 54
2068 55
2069 49
2070 61
2071 25
2072 67
2073 54
2074 38
2075 66
2076 32
2077 44
2078 40
2079 45
2080 70
2081 56
2082 55
2083 35
2084 59
2085 42
2086 39
2087 40
2088 46
2089 41
2090 73
2091 54
2092 43
2093 65
2094 69
2095 67
2096 52
2097 40
2098 41
2099 57
2100 44
2101 60
2102 51
2103 64
2104 46
2105 54
2106 46
2107 31
2108 54
2109 73
2110 45
2111 51
2112 44
2113 61
2114 34
2115 47
2116 50
2117 31
2118 48
2119 68
2120 43
2121 36
2122 43
2123 66
2124 46
2125 53
2126 43
2127 78
2128 64
2129 69
2130 47
2131 40
2132 48
2133 47
2134 33
2135 39
2136 73
2137 51
2138 49
2139 73
2140 78
2141 47
2142 57
2143 36
2144 41
2145 58
2146 55
2147 73
2148 37
2149 60
2150 71
2151 54
2152 55
2153 66
2154 42
2155 68
2156 67
2157 48
2158 48
2159 58
2160 35
2161 66
2162 51
2163 77
2164 39
2165 38
2166 74
2167 68
2168 40
2169 45
2170 60
2171 56
2172 35
2173 84
2174 58
2175 55
2176 45
2177 39
2178 52
2179 49
2180 47
2181 35
2182 43
2183 37
2184 73
2185 45
2186 40
2187 64
2188 58
2189 47
2190 62
2191 46
2192 65
2193 63
2194 35
2195 47
2196 50
2197 72
2198 51
2199 45
2200 46
2201 55
2202 42
2203 59
2204 44
2205 42
2206 62
2207 73
2208 66
2209 20
2210 47
2211 43
2212 40
2213 36
2214 47
2215 33
2216 58
2217 35
2218 62
2219 48
2220 54
2221 64
2222 68
2223 46
2224 43
2225 45
2226 65
2227 32
2228 48
2229 69
2230 37
2231 66
2232 50
2233 53
2234 60
2235 52
2236 50
2237 54
2238 63
2239 45
2240 70
2241 36
2242 34
2243 46
2244 49
2245 44
2246 64
2247 43
2248 40
2249 56
2250 38
2251 69
2252 66
2253 43
2254 69
2255 73
2256 55
2257 50
2258 72
2259 60
2260 50
2261 43
2262 71
2263 35
2264 35
2265 50
2266 42
2267 41
2268 57
2269 67
2270 38
2271 53
2272 37
2273 47
2274 43
2275 73
2276 63
2277 59
2278 53
2279 58
2280 40
2281 37
2282 36
2283 71
2284 83
2285 53
2286 47
2287 49
2288 41
2289 61
2290 70
2291 52
2292 37
2293 60
2294 43
2295 71
2296 70
2297 33
2298 68
2299 53
2300 63
2301 40
2302 62
2303 53
2304 64
2305 51
2306 40
2307 49
2308 41
2309 52
2310 40
2311 77
2312 42
2313 51
2314 70
2315 41
2316 44
2317 45
2318 69
2319 63
2320 34
2321 44
2322 42
2323 46
2324 38
2325 70
2326 60
2327 36
2328 66
2329 47
2330 67
2331 34
2332 74
2333 46
2334 33
2335 42
2336 56
2337 25
2338 76
2339 64
2340 55
2341 44
2342 75
2343 75
2344 44
2345 75
2346 45
2347 84
2348 50
2349 46
2350 75
2351 43
2352 61
2353 57
2354 56
2355 72
2356 48
2357 43
2358 62
2359 54
2360 39
2361 32
2362 60
2363 38
2364 63
2365 48
2366 54
2367 30
2368 84
2369 30
2370 56
2371 69
2372 61
2373 73
2374 38
2375 39
2376 65
2377 70
2378 52
2379 58
2380 47
2381 79
2382 44
2383 48
2384 49
2385 29
2386 59
2387 76
2388 44
2389 74
2390 40
2391 43
2392 54
2393 66
2394 40
2395 59
2396 59
2397 73
2398 79
2399 46
2400 76
2401 42
2402 53
2403 53
2404 47
2405 63
2406 50
2407 78
2408 30
2409 43
2410 56
2411 53
2412 50
2413 68
2414 40
2415 62
2416 57
2417 41
2418 64
2419 43
2420 74
2421 65
2422 49
2423 64
2424 43
2425 75
2426 32
2427 49
2428 51
2429 67
2430 67
2431 30
2432 37
2433 45
2434 72
2435 47
2436 72
2437 46
2438 57
2439 54
2440 31
2441 39
2442 75
2443 71
2444 51
2445 34
2446 68
2447 61
2448 58
2449 70
2450 27
2451 50
2452 58
2453 70
2454 46
2455 60
2456 70
2457 48
2458 73
2459 41
2460 41
2461 36
2462 74
2463 38
2464 42
2465 49
2466 67
2467 55
2468 47
2469 83
2470 49
2471 28
2472 48
2473 67
2474 75
2475 57
2476 56
2477 49
2478 73
2479 35
2480 46
2481 57
2482 69
2483 48
2484 57
2485 71
2486 57
2487 41
2488 50
2489 74
2490 80
2491 64
2492 75
2493 53
2494 51
2495 84
2496 50
2497 74
2498 37
2499 41
2500 79
2501 70
2502 81
2503 66
2504 46
2505 41
2506 73
2507 63
2508 73
2509 67
2510 36
2511 40
2512 54
2513 77
2514 51
2515 46
2516 33
2517 49
2518 47
2519 52
2520 43
2521 48
2522 47
2523 59
2524 48
2525 85
2526 70
2527 37
2528 73
2529 37
2530 74
2531 42
2532 54
2533 65
2534 66
2535 69
2536 53
2537 71
2538 52
2539 52
2540 72
2541 87
2542 50
2543 42
2544 66
2545 57
2546 54
2547 81
2548 36
2549 71
2550 58
2551 66
2552 62
2553 46
2554 63
2555 63
2556 61
2557 67
2558 48
2559 68
2560 80
2561 55
2562 50
2563 84
2564 52
2565 63
2566 45
2567 41
2568 57
2569 59
2570 38
2571 66
2572 43
2573 46
2574 63
2575 39
2576 71
2577 45
2578 59
2579 56
2580 75
2581 76
2582 44
2583 45
2584 71
2585 51
2586 56
2587 58
2588 49
2589 57
2590 54
2591 42
2592 49
2593 34
2594 36
2595 70
2596 62
2597 42
2598 58
2599 36
2600 54
2601 65
2602 81
2603 67
2604 78
2605 70
2606 37
2607 79
2608 64
2609 37
2610 75
2611 69
2612 46
2613 49
2614 57
2615 61
2616 85
2617 50
2618 70
2619 45
2620 48
2621 43
2622 87
2623 48
2624 46
2625 45
2626 88
2627 61
2628 46
2629 78
2630 52
2631 64
2632 87
2633 80
2634 39
2635 53
2636 71
2637 36
2638 54
2639 64
2640 58
2641 73
2642 71
2643 40
2644 47
2645 41
2646 85
2647 49
2648 75
2649 75
2650 47
2651 57
2652 52
2653 40
2654 51
2655 81
2656 80
2657 48
2658 46
2659 43
2660 82
2661 38
2662 50
2663 51
2664 75
2665 36
2666 53
2667 65
2668 80
2669 45
2670 56
2671 43
2672 78
2673 89
2674 51
2675 52
2676 47
2677 58
2678 72
2679 79
2680 38
2681 47
2682 39
2683 78
2684 41
2685 65
2686 42
2687 55
2688 67
2689 32
2690 47
2691 63
2692 38
2693 79
2694 72
2695 40
2696 52
2697 74
2698 58
2699 72
2700 61
2701 75
2702 79
2703 42
2704 66
2705 56
2706 51
2707 52
2708 39
2709 76
2710 71
2711 77
2712 37
2713 53
2714 65
2715 45
2716 56
2717 43
2718 54
2719 56
2720 50
2721 83
2722 74
2723 62
2724 59
2725 40
2726 72
2727 62
2728 66
2729 33
2730 66
2731 60
2732 86
2733 68
2734 42
2735 54
2736 48
2737 63
2738 73
2739 49
2740 66
2741 39
2742 49
2743 42
2744 68
2745 61
2746 40
2747 48
2748 62
2749 52
2750 60
2751 45
2752 34
2753 84
2754 47
2755 71
2756 48
2757 80
2758 56
2759 46
2760 68
2761 43
2762 91
2763 77
2764 66
2765 40
2766 80
2767 56
2768 81
2769 57
2770 81
2771 49
2772 42
2773 52
2774 83
2775 45
2776 52
2777 67
2778 68
2779 48
2780 55
2781 48
2782 54
2783 72
2784 53
2785 41
2786 72
2787 77
2788 38
2789 55
2790 44
2791 75
2792 46
2793 40
2794 53
2795 79
2796 85
2797 56
2798 75
2799 82
2800 63
2801 75
2802 34
2803 52
2804 58
2805 50
2806 48
2807 84
2808 81
2809 81
2810 45
2811 63
2812 36
2813 71
2814 42
2815 77
2816 47
2817 66
2818 78
2819 71
2820 55
2821 49
2822 37
2823 54
2824 53
2825 80
2826 54
2827 81
2828 87
2829 75
2830 43
2831 76
2832 51
2833 71
2834 29
2835 48
2836 40
2837 78
2838 55
2839 68
2840 78
2841 36
2842 50
2843 52
2844 79
2845 53
2846 51
2847 47
2848 76
2849 40
2850 79
2851 81
2852 54
2853 55
2854 55
2855 57
2856 37
2857 54
2858 45
2859 79
2860 45
2861 91
2862 59
2863 60
2864 61
2865 35
2866 55
2867 45
2868 86
2869 50
2870 63
2871 55
2872 52
2873 59
2874 68
2875 42
2876 75
2877 74
2878 76
2879 77
2880 45
2881 42
2882 56
2883 64
2884 66
2885 42
2886 60
2887 48
2888 87
2889 40
2890 70
2891 74
2892 42
2893 59
2894 72
2895 59
2896 72
2897 43
2898 86
2899 85
2900 68
2901 63
2902 75
2903 86
2904 52
2905 54
2906 51
2907 83
2908 54
2909 55
2910 52
2911 62
2912 92
2913 69
2914 63
2915 57
2916 79
2917 68
2918 79
2919 98
2920 75
2921 49
2922 54
2923 69
2924 54
2925 55
2926 75
2927 81
2928 73
2929 45
2930 63
2931 41
2932 88
2933 75
2934 77
2935 42
2936 56
2937 89
2938 68
2939 62
2940 60
2941 89
2942 49
2943 60
2944 39
2945 83
2946 60
2947 46
2948 86
2949 38
2950 62
2951 51
2952 92
2953 60
2954 85
2955 55
2956 57
2957 52
2958 62
2959 55
2960 71
2961 73
2962 70
2963 69
2964 34
2965 55
2966 76
2967 44
2968 50
2969 51
2970 59
2971 36
2972 42
2973 80
2974 50
2975 55
2976 83
2977 82
2978 75
2979 85
2980 46
2981 77
2982 40
2983 51
2984 42
2985 33
2986 51
2987 65
2988 58
2989 79
2990 73
2991 61
2992 46
2993 61
2994 53
2995 82
2996 59
2997 57
2998 64
2999 80
3000 82
3001 43
3002 72
3003 44
3004 66
3005 70
3006 76
3007 51
3008 70
3009 34
3010 62
3011 56
3012 48
3013 67
3014 89
3015 49
3016 73
3017 73
3018 65
3019 82
3020 44
3021 48
3022 60
3023 57
3024 82
3025 62
3026 64
3027 71
3028 33
3029 57
3030 79
3031 81
3032 72
3033 51
3034 52
3035 47
3036 86
3037 76
3038 57
3039 50
3040 87
3041 40
3042 58
3043 52
3044 89
3045 52
3046 80
3047 42
3048 68
3049 58
3050 93
3051 86
3052 34
3053 59
3054 67
3055 45
3056 46
3057 80
3058 63
3059 66
3060 29
3061 55
3062 61
3063 35
3064 53
3065 89
3066 54
3067 92
3068 41
3069 53
3070 77
3071 102
3072 68
3073 50
3074 42
3075 50
3076 69
3077 80
3078 90
3079 50
3080 90
3081 64
3082 50
3083 84
3084 59
3085 94
3086 87
3087 39
3088 57
3089 49
3090 79
3091 76
3092 41
3093 45
3094 83
3095 88
3096 44
3097 58
3098 61
3099 84
3100 94
3101 47
3102 85
3103 58
3104 70
3105 73
3106 53
3107 82
3108 66
3109 66
3110 63
3111 40
3112 55
3113 53
3114 86
3115 79
3116 51
3117 55
3118 64
3119 78
3120 75
3121 57
3122 67
3123 48
3124 56
3125 51
3126 74
3127 77
3128 32
3129 55
3130 39
3131 67
3132 58
3133 45
3134 41
3135 50
3136 82
3137 53
3138 53
3139 86
3140 63
3141 42
3142 89
3143 56
3144 63
3145 42
3146 57
3147 58
3148 40
3149 45
3150 65
3151 83
3152 75
3153 88
3154 61
3155 49
3156 72
3157 42
3158 85
3159 76
3160 46
3161 67
3162 56
3163 43
3164 92
3165 62
3166 56
3167 55
3168 81
3169 83
3170 55
3171 43
3172 50
3173 42
3174 63
3175 89
3176 49
3177 47
3178 60
3179 88
3180 47
3181 65
3182 67
3183 97
3184 69
3185 43
3186 74
3187 84
3188 89
3189 59
3190 93
3191 57
3192 79
3193 58
3194 81
3195 45
3196 67
3197 91
3198 80
3199 58
3200 47
3201 78
3202 66
3203 89
3204 66
3205 40
3206 69
3207 77
3208 76
3209 49
3210 90
3211 39
3212 63
3213 56
3214 50
3215 65
3216 91
3217 40
3218 88
3219 91
3220 38
3221 59
3222 76
3223 64
3224 67
3225 83
3226 79
3227 53
3228 82
3229 54
3230 70
3231 54
3232 88
3233 62
3234 51
3235 83
3236 80
3237 79
3238 44
3239 58
3240 59
3241 83
3242 51
3243 52
3244 66
3245 37
3246 64
3247 52
3248 77
3249 88
3250 73
3251 62
3252 82
3253 36
3254 52
3255 53
3256 46
3257 88
3258 76
3259 51
3260 90
3261 53
3262 62
3263 64
3264 41
3265 60
3266 93
3267 88
3268 55
3269 51
3270 40
3271 69
3272 50
3273 73
3274 47
3275 87
3276 54
3277 70
3278 51
3279 90
3280 61
3281 95
3282 42
3283 90
3284 44
3285 66
3286 63
3287 59
3288 74
3289 90
3290 50
3291 82
3292 48
3293 86
3294 89
3295 53
3296 51
3297 88
3298 48
3299 87
3300 54
3301 46
3302 82
3303 45
3304 52
3305 55
3306 59
3307 40
3308 71
3309 82
3310 70
3311 66
3312 52
3313 86
3314 80
3315 55
3316 60
3317 51
3318 83
3319 41
3320 96
3321 81
3322 55
3323 45
3324 88
3325 46
3326 65
3327 48
3328 59
3329 98
3330 41
3331 60
3332 83
3333 53
3334 44
3335 65
3336 58
3337 63
3338 56
3339 82
3340 76
3341 89
3342 89
3343 63
3344 58
3345 45
3346 58
3347 58
3348 83
3349 45
3350 82
3351 65
3352 32
3353 94
3354 50
3355 54
3356 49
3357 55
3358 65
3359 77
3360 61
3361 58
3362 69
3363 59
3364 100
3365 49
3366 52
3367 82
3368 39
3369 80
3370 92
3371 63
3372 61
3373 84
3374 72
3375 76
3376 49
3377 53
3378 54
3379 85
3380 55
3381 87
3382 57
3383 64
3384 56
3385 95
3386 88
3387 62
3388 62
3389 46
3390 71
3391 64
3392 94
3393 46
3394 73
3395 53
3396 98
3397 61
3398 64
3399 87
3400 74
3401 93
3402 50
3403 94
3404 80
3405 69
3406 63
3407 78
3408 47
3409 56
3410 60
3411 47
3412 79
3413 63
3414 50
3415 75
3416 78
3417 58
3418 90
3419 87
3420 78
3421 88
3422 54
3423 86
3424 51
3425 81
3426 51
3427 73
3428 63
3429 42
3430 85
3431 37
3432 69
3433 86
3434 81
3435 88
3436 48
3437 72
3438 94
3439 54
3440 87
3441 87
3442 56
3443 56
3444 48
3445 78
3446 72
3447 60
3448 68
3449 50
3450 73
3451 55
3452 91
3453 80
3454 38
3455 66
3456 97
3457 58
3458 85
3459 40
3460 52
3461 78
3462 85
3463 63
3464 82
3465 83
3466 69
3467 64
3468 72
3469 26
3470 55
3471 50
3472 80
3473 71
3474 43
3475 56
3476 66
3477 57
3478 51
3479 47
3480 84
3481 85
3482 68
3483 71
3484 48
3485 62
3486 56
3487 62
3488 54
3489 83
3490 88
3491 52
3492 72
3493 56
3494 55
3495 56
3496 89
3497 72
3498 64
3499 78
3500 81
3501 45
3502 59
3503 100
3504 53
3505 69
3506 85
3507 88
3508 41
3509 61
3510 94
3511 45
3512 64
3513 73
3514 52
3515 88
3516 75
3517 57
3518 65
3519 50
3520 57
3521 57
3522 58
3523 93
3524 62
3525 50
3526 93
3527 52
3528 63
3529 82
3530 88
3531 61
3532 69
3533 77
3534 33
3535 62
3536 94
3537 91
3538 84
3539 56
3540 68
3541 93
3542 66
3543 54
3544 89
3545 68
3546 64
3547 83
3548 47
3549 89
3550 95
3551 89
3552 92
3553 39
3554 71
3555 94
3556 47
3557 73
3558 46
3559 81
3560 56
3561 47
3562 72
3563 63
3564 52
3565 41
3566 78
3567 100
3568 87
3569 38
3570 69
3571 90
3572 57
3573 83
3574 80
3575 80
3576 51
3577 59
3578 53
3579 93
3580 61
3581 57
3582 61
3583 65
3584 87
3585 64
3586 67
3587 91
3588 67
3589 46
3590 94
3591 62
3592 98
3593 83
3594 67
3595 74
3596 79
3597 71
3598 86
3599 44
3600 58
3601 89
3602 59
3603 95
3604 82
3605 64
3606 59
3607 87
3608 55
3609 56
3610 84
3611 47
3612 70
3613 82
3614 33
3615 60
3616 99
3617 56
3618 90
3619 60
3620 78
3621 84
3622 37
3623 77
3624 52
3625 70
3626 92
3627 90
3628 41
3629 62
3630 83
3631 69
3632 69
3633 35
3634 48
3635 75
3636 48
3637 53
3638 77
3639 97
3640 79
3641 63
3642 47
3643 52
3644 65
3645 53
3646 99
3647 61
3648 53
3649 59
3650 91
3651 53
3652 44
3653 61
3654 62
3655 65
3656 72
3657 35
3658 94
3659 77
3660 53
3661 73
3662 43
3663 95
3664 59
3665 67
3666 53
3667 92
3668 83
3669 57
3670 82
3671 53
3672 66
3673 89
3674 56
3675 48
3676 95
3677 59
3678 62
3679 88
3680 77
3681 81
3682 46
3683 45
3684 92
3685 81
3686 38
3687 49
3688 66
3689 57
3690 67
3691 45
3692 65
3693 98
3694 87
3695 45
3696 62
3697 66
3698 75
3699 71
3700 87
3701 43
3702 107
3703 76
3704 79
3705 50
3706 51
3707 93
3708 80
3709 51
3710 84
3711 65
3712 102
3713 55
3714 69
3715 74
3716 58
3717 56
3718 52
3719 68
3720 76
3721 52
3722 70
3723 91
3724 88
3725 62
3726 93
3727 84
3728 67
3729 97
3730 59
3731 65
3732 49
3733 60
3734 90
3735 64
3736 70
3737 61
3738 74
3739 70
3740 64
3741 52
3742 75
3743 59
3744 74
3745 98
3746 85
3747 58
3748 62
3749 83
3750 89
3751 77
3752 59
3753 47
3754 56
3755 45
3756 60
3757 79
3758 94
3759 42
3760 81
3761 41
3762 68
3763 37
3764 86
3765 90
3766 65
3767 106
3768 58
3769 75
3770 51
3771 45
3772 64
3773 103
3774 54
3775 90
3776 49
3777 56
3778 37
3779 88
3780 63
3781 45
3782 73
3783 57
3784 53
3785 93
3786 89
3787 62
3788 84
3789 73
3790 66
3791 91
3792 77
3793 47
3794 42
3795 54
3796 70
3797 50
3798 97
3799 95
3800 78
3801 54
3802 56
3803 73
3804 54
3805 59
3806 76
3807 96
3808 58
3809 53
3810 64
3811 53
3812 85
3813 90
3814 70
3815 35
3816 65
3817 92
3818 69
3819 106
3820 88
3821 64
3822 62
3823 87
3824 85
3825 64
3826 75
3827 53
3828 92
3829 47
3830 40
3831 82
3832 73
3833 98
3834 62
3835 87
3836 68
3837 84
3838 95
3839 54
3840 74
3841 77
3842 62
3843 92
3844 67
3845 62
3846 50
3847 71
3848 99
3849 87
3850 51
3851 106
3852 107
3853 54
3854 54
3855 63
3856 79
3857 60
3858 84
3859 52
3860 84
3861 80
3862 57
3863 62
3864 56
3865 97
3866 67
3867 99
3868 76
3869 65
3870 98
3871 71
3872 85
3873 59
3874 39
3875 75
3876 59
3877 98
3878 44
3879 51
3880 90
3881 86
3882 63
3883 94
3884 70
3885 66
3886 81
3887 79
3888 97
3889 101
3890 58
3891 50
3892 54
3893 87
3894 51
3895 67
3896 106
3897 79
3898 93
3899 75
3900 49
3901 70
3902 74
3903 63
3904 90
3905 78
3906 96
3907 59
3908 97
3909 54
3910 49
3911 104
3912 86
3913 49
3914 63
3915 56
3916 113
3917 87
3918 42
3919 56
3920 77
3921 68
3922 52
3923 63
3924 52
3925 88
3926 82
3927 47
3928 65
3929 84
3930 57
3931 68
3932 57
3933 88
3934 65
3935 65
3936 105
3937 56
3938 44
3939 74
3940 81
3941 78
3942 40
3943 99
3944 94
3945 70
3946 94
3947 61
3948 91
3949 91
3950 58
3951 87
3952 54
3953 97
3954 53
3955 62
3956 75
3957 72
3958 66
3959 79
3960 102
3961 77
3962 55
3963 48
3964 79
3965 100
3966 60
3967 51
3968 73
3969 54
3970 49
3971 57
3972 93
3973 106
3974 56
3975 103
3976 60
3977 51
3978 53
3979 70
3980 58
3981 56
3982 99
3983 45
3984 98
3985 78
3986 55
3987 89
3988 79
3989 66
3990 69
3991 77
3992 62
3993 63
3994 51
3995 66
3996 69
3997 66
3998 102
3999 82
4000 64
4001 41
4002 81
4003 100
4004 48
4005 70
4006 53
4007 104
4008 61
4009 85
4010 46
4011 63
4012 47
4013 91
4014 57
4015 67
4016 79
4017 91
4018 42
4019 67
4020 62
4021 47
4022 116
4023 60
4024 66
4025 64
4026 53
4027 84
4028 79
4029 100
4030 97
4031 90
4032 68
4033 85
4034 102
4035 80
4036 91
4037 61
4038 75
4039 87
4040 44
4041 77
4042 62
4043 76
4044 69
4045 74
4046 113
4047 67
4048 92
4049 66
4050 58
4051 59
4052 108
4053 49
4054 91
4055 67
4056 99
4057 74
4058 63
4059 55
4060 85
4061 62
4062 72
4063 87
4064 55
4065 70
4066 92
4067 90
4068 34
4069 60
4070 100
4071 87
4072 70
4073 81
4074 57
4075 67
4076 83
4077 89
4078 59
4079 63
4080 58
4081 98
4082 94
4083 69
4084 93
4085 67
4086 48
4087 91
4088 54
4089 54
4090 53
4091 54
4092 57
4093 41
4094 80
4095 99
4096 103
4097 72
4098 100
4099 60
4100 54
4101 59
4102 104
4103 67
4104 72
4105 60
4106 54
4107 94
4108 60
4109 110
4110 71
4111 66
4112 91
4113 56
4114 85
4115 70
4116 50
4117 96
4118 105
4119 108
4120 79
4121 65
4122 55
4123 80
4124 65
4125 52
4126 82
4127 73
4128 76
4129 60
4130 78
4131 69
4132 104
4133 92
4134 52
4135 79
4136 86
4137 50
4138 44
4139 98
4140 93
4141 54
4142 81
4143 85
4144 44
4145 77
4146 59
4147 83
4148 55
4149 70
4150 103
4151 55
4152 94
4153 63
4154 90
4155 74
4156 102
4157 75
4158 41
4159 70
4160 55
4161 64
4162 85
4163 87
4164 74
4165 48
4166 65
4167 85
4168 44
4169 90
4170 65
4171 63
4172 64
4173 64
4174 70
4175 91
4176 65
4177 60
4178 95
4179 74
4180 66
4181 102
4182 84
4183 63
4184 59
4185 101
4186 54
4187 98
4188 47
4189 58
4190 95
4191 104
4192 101
4193 67
4194 47
4195 75
4196 38
4197 77
4198 62
4199 96
4200 76
4201 64
4202 95
4203 98
4204 69
4205 88
4206 64
4207 105
4208 65
4209 61
4210 64
4211 61
4212 51
4213 42
4214 73
4215 110
4216 62
4217 76
4218 50
4219 92
4220 84
4221 69
4222 59
4223 109
4224 63
4225 44
4226 56
4227 81
4228 99
4229 104
4230 81
4231 104
4232 107
4233 44
4234 53
4235 73
4236 67
4237 60
4238 93
4239 75
4240 95
4241 68
4242 44
4243 61
4244 104
4245 92
4246 97
4247 78
4248 56
4249 91
4250 41
4251 59
4252 80
4253 108
4254 96
4255 43
4256 54
4257 58
4258 67
4259 108
4260 57
4261 68
4262 98
4263 40
4264 103
4265 102
4266 78
4267 62
4268 108
4269 50
4270 101
4271 60
4272 67
4273 71
4274 98
4275 103
4276 81
4277 84
4278 75
4279 90
4280 63
4281 60
4282 101
4283 58
4284 56
4285 62
4286 70
4287 80
4288 97
4289 71
4290 100
4291 61
4292 53
4293 64
4294 56
4295 95
4296 64
4297 80
4298 108
4299 63
4300 56
4301 69
4302 97
4303 58
4304 70
4305 61
4306 76
4307 49
4308 101
4309 73
4310 91
4311 92
4312 86
4313 55
4314 106
4315 52
4316 69
4317 66
4318 74
4319 100
4320 69
4321 59
4322 73
4323 65
4324 79
4325 106
4326 49
4327 87
4328 87
4329 75
4330 104
4331 62
4332 83
4333 80
4334 51
4335 70
4336 108
4337 59
4338 53
4339 59
4340 92
4341 105
4342 105
4343 48
4344 53
4345 108
4346 95
4347 96
4348 73
4349 105
4350 86
4351 85
4352 52
4353 56
4354 83
4355 104
4356 53
4357 67
4358 71
4359 74
4360 102
4361 91
4362 111
4363 68
4364 89
4365 69
4366 104
4367 57
4368 70
4369 90
4370 70
4371 64
4372 95
4373 108
4374 98
4375 45
4376 61
4377 98
4378 74
4379 68
4380 112
4381 95
4382 51
4383 95
4384 58
4385 73
4386 58
4387 91
4388 59
4389 93
4390 76
4391 61
4392 74
4393 66
4394 86
4395 64
4396 108
4397 56
4398 54
4399 60
4400 64
4401 89
4402 95
4403 88
4404 85
4405 78
4406 74
4407 59
4408 93
4409 60
4410 73
4411 60
4412 72
4413 97
4414 72
4415 71
4416 94
4417 90
4418 106
4419 74
4420 54
4421 110
4422 100
4423 59
4424 87
4425 60
4426 63
4427 65
4428 116
4429 61
4430 65
4431 62
4432 64
4433 67
4434 88
4435 57
4436 56
4437 109
4438 109
4439 52
4440 73
4441 80
4442 64
4443 100
4444 97
4445 66
4446 76
4447 59
4448 107
4449 85
4450 96
4451 89
4452 41
4453 69
4454 63
4455 88
4456 73
4457 69
4458 61
4459 62
4460 109
4461 103
4462 85
4463 66
4464 73
4465 61
4466 67
4467 97
4468 70
4469 103
4470 85
4471 41
4472 95
4473 99
4474 69
4475 88
4476 102
4477 73
4478 67
4479 91
4480 36
4481 71
4482 77
4483 94
4484 102
4485 40
4486 78
4487 91
4488 74
4489 60
4490 76
4491 60
4492 54
4493 64
4494 92
4495 68
4496 118
4497 103
4498 92
4499 97
4500 39
4501 61
4502 102
4503 53
4504 98
4505 76
4506 82
4507 85
4508 70
4509 66
4510 61
4511 55
4512 63
4513 117
4514 79
4515 42
4516 92
4517 94
4518 56
4519 112
4520 98
4521 54
4522 78
4523 78
4524 87
4525 61
4526 107
4527 49
4528 104
4529 55
4530 74
4531 102
4532 87
4533 91
4534 90
4535 92
4536 73
4537 59
4538 70
4539 88
4540 68
4541 47
4542 65
4543 128
4544 60
4545 91
4546 71
4547 62
4548 85
4549 57
4550 74
4551 72
4552 80
4553 41
4554 80
4555 88
4556 70
4557 60
4558 63
4559 69
4560 75
4561 109
4562 74
4563 71
4564 68
4565 100
4566 78
4567 99
4568 37
4569 105
4570 68
4571 108
4572 47
4573 62
4574 64
4575 69
4576 106
4577 74
4578 75
4579 102
4580 62
4581 85
4582 108
4583 73
4584 59
4585 73
4586 64
4587 31
4588 79
4589 60
4590 48
4591 73
4592 67
4593 96
4594 89
4595 61
4596 93
4597 74
4598 72
4599 103
4600 64
4601 64
4602 105
4603 52
4604 107
4605 80
4606 76
4607 110
4608 66
4609 115
4610 84
4611 61
4612 73
4613 77
4614 86
4615 60
4616 66
4617 71
4618 71
4619 102
4620 51
4621 116
4622 105
4623 57
4624 77
4625 80
4626 78
4627 110
4628 87
4629 72
4630 114
4631 109
4632 83
4633 51
4634 113
4635 71
4636 65
4637 75
4638 79
4639 82
4640 56
4641 65
4642 77
4643 93
4644 74
4645 111
4646 106
4647 65
4648 67
4649 101
4650 77
4651 107
4652 86
4653 68
4654 94
4655 95
4656 72
4657 71
4658 109
4659 56
4660 86
4661 44
4662 103
4663 91
4664 70
4665 81
4666 103
4667 65
4668 87
4669 99
4670 67
4671 66
4672 113
4673 43
4674 64
4675 111
4676 72
4677 76
4678 96
4679 52
4680 104
4681 102
4682 93
4683 70
4684 62
4685 96
4686 79
4687 67
4688 89
4689 83
4690 54
4691 92
4692 114
4693 78
4694 71
4695 72
4696 84
4697 88
4698 47
4699 102
4700 75
4701 101
4702 49
4703 95
4704 72
4705 91
4706 63
4707 45
4708 113
4709 100
4710 57
4711 109
4712 69
4713 68
4714 63
4715 66
4716 79
4717 95
4718 100
4719 80
4720 101
4721 46
4722 71
4723 86
4724 93
4725 110
4726 79
4727 88
4728 68
4729 51
4730 73
4731 107
4732 63
4733 62
4734 102
4735 48
4736 56
4737 112
4738 107
4739 43
4740 73
4741 58
4742 91
4743 96
4744 68
4745 83
4746 64
4747 104
4748 104
4749 55
4750 70
4751 102
4752 111
4753 101
4754 82
4755 60
4756 66
4757 109
4758 85
4759 83
4760 67
4761 110
4762 60
4763 71
4764 100
4765 51
4766 55
4767 87
4768 79
4769 64
4770 61
4771 94
4772 98
4773 48
4774 65
4775 76
4776 62
4777 74
4778 91
4779 91
4780 107
4781 72
4782 89
4783 68
4784 60
4785 70
4786 55
4787 71
4788 76
4789 98
4790 70
4791 60
4792 111
4793 111
4794 66
4795 63
4796 56
4797 52
4798 94
4799 65
4800 71
4801 98
4802 110
4803 51
4804 76
4805 70
4806 100
4807 62
4808 80
4809 79
4810 67
4811 118
4812 68
4813 81
4814 119
4815 53
4816 84
4817 78
4818 64
4819 63
4820 113
4821 84
4822 57
4823 106
4824 48
4825 68
4826 62
4827 100
4828 63
4829 107
4830 61
4831 75
4832 109
4833 116
4834 65
4835 62
4836 83
4837 77
4838 66
4839 112
4840 54
4841 85
4842 47
4843 72
4844 93
4845 102
4846 84
4847 103
4848 81
4849 54
4850 73
4851 111
4852 66
4853 54
4854 94
4855 86
4856 58
4857 88
4858 109
4859 60
4860 61
4861 102
4862 99
4863 69
4864 79
4865 111
4866 81
4867 53
4868 108
4869 105
4870 45
4871 105
4872 41
4873 59
4874 84
4875 74
4876 66
4877 110
4878 104
4879 108
4880 69
4881 106
4882 80
4883 65
4884 99
4885 89
4886 103
4887 63
4888 67
4889 106
4890 57
4891 57
4892 75
4893 120
4894 62
4895 75
4896 75
4897 116
4898 101
4899 73
4900 78
4901 71
4902 93
4903 80
4904 70
4905 49
4906 86
4907 88
4908 90
4909 68
4910 64
4911 106
4912 64
4913 84
4914 64
4915 91
4916 98
4917 61
4918 74
4919 70
4920 115
4921 63
4922 67
4923 72
4924 118
4925 69
4926 47
4927 59
4928 97
4929 67
4930 113
4931 105
4932 118
4933 74
4934 79
4935 40
4936 111
4937 46
4938 63
4939 103
4940 96
4941 63
4942 80
4943 117
4944 106
4945 72
4946 86
4947 104
4948 115
4949 104
4950 54
4951 80
4952 75
4953 46
4954 61
4955 96
4956 62
4957 86
4958 80
4959 65
4960 103
4961 78
4962 63
4963 102
4964 101
4965 107
4966 56
4967 65
4968 57
4969 66
4970 100
4971 86
4972 82
4973 69
4974 84
4975 107
4976 83
4977 101
4978 68
4979 108
4980 78
4981 94
4982 103
4983 110
4984 68
4985 111
4986 104
4987 58
4988 71
4989 88
4990 105
4991 87
4992 113
4993 101
4994 104
4995 58
4996 105
4997 64
4998 77
4999 124
5000 94
5001 71
5002 96
5003 100
5004 68
5005 60
5006 66
5007 107
5008 55
5009 77
5010 82
5011 50
5012 70
5013 87
5014 112
5015 99
5016 56
5017 71
5018 75
5019 107
5020 74
5021 103
5022 67
5023 57
5024 105
5025 65
5026 110
5027 70
5028 77
5029 64
5030 62
5031 101
5032 106
5033 47
5034 110
5035 47
5036 77
5037 71
5038 117
5039 90
5040 68
5041 84
5042 99
5043 70
5044 78
5045 59
5046 117
5047 105
5048 61
5049 92
5050 69
5051 114
5052 110
5053 91
5054 58
5055 70
5056 91
5057 102
5058 48
5059 71
5060 57
5061 100
5062 92
5063 61
5064 111
5065 71
5066 60
5067 125
5068 97
5069 65
5070 76
5071 76
5072 111
5073 63
5074 77
5075 75
5076 108
5077 57
5078 63
5079 74
5080 102
5081 81
5082 80
5083 89
5084 51
5085 93
5086 98
5087 102
5088 112
5089 56
5090 58
5091 101
5092 73
5093 99
5094 73
5095 62
5096 101
5097 76
5098 72
5099 83
5100 76
5101 110
5102 80
5103 48
5104 102
5105 56
5106 98
5107 99
5108 72
5109 60
5110 106
5111 72
5112 94
5113 77
5114 51
5115 74
5116 79
5117 106
5118 64
5119 62
5120 99
5121 91
5122 122
5123 61
5124 104
5125 64
5126 75
5127 121
5128 62
5129 104
5130 70
5131 86
5132 81
5133 68
5134 92
5135 68
5136 117
5137 67
5138 67
5139 75
5140 117
5141 63
5142 114
5143 104
5144 45
5145 89
5146 76
5147 114
5148 98
5149 59
5150 121
5151 122
5152 117
5153 89
5154 94
5155 66
5156 68
5157 87
5158 68
5159 76
5160 112
5161 72
5162 87
5163 53
5164 74
5165 65
5166 103
5167 65
5168 52
5169 92
5170 76
5171 68
5172 85
5173 94
5174 97
5175 102
5176 68
5177 118
5178 47
5179 75
5180 71
5181 77
5182 60
5183 74
5184 122
5185 95
5186 52
5187 56
5188 67
5189 92
5190 80
5191 68
5192 107
5193 69
5194 87
5195 59
5196 73
5197 69
5198 106
5199 92
5200 113
5201 75
5202 60
5203 107
5204 119
5205 59
5206 76
5207 64
5208 91
5209 79
5210 119
5211 117
5212 77
5213 85
5214 83
5215 67
5216 79
5217 100
5218 107
5219 101
5220 67
5221 49
5222 115
5223 58
5224 53
5225 65
5226 110
5227 87
5228 63
5229 79
5230 74
5231 102
5232 69
5233 106
5234 53
5235 55
5236 63
5237 60
5238 122
5239 65
5240 101
5241 67
5242 69
5243 108
5244 48
5245 113
5246 101
5247 61
5248 103
5249 78
5250 117
5251 72
5252 67
5253 125
5254 69
5255 65
5256 109
5257 113
5258 107
5259 128
5260 70
5261 73
5262 73
5263 82
5264 76
5265 99
5266 84
5267 131
5268 95
5269 58
5270 65
5271 113
5272 50
5273 71
5274 67
5275 115
5276 88
5277 90
5278 77
5279 101
5280 127
5281 116
5282 59
5283 66
5284 54
5285 66
5286 89
5287 115
5288 76
5289 57
5290 107
5291 62
5292 115
5293 104
5294 55
5295 106
5296 95
5297 76
5298 64
5299 111
5300 111
5301 74
5302 115
5303 70
5304 110
5305 69
5306 75
5307 116
5308 48
5309 105
5310 81
5311 67
5312 59
5313 119
5314 70
5315 67
5316 85
5317 71
5318 114
5319 63
5320 64
5321 59
5322 77
5323 52
5324 79
5325 105
5326 77
5327 53
5328 103
5329 94
5330 114
5331 67
5332 69
5333 102
5334 76
5335 94
5336 75
5337 67
5338 46
5339 116
5340 71
5341 69
5342 110
5343 109
5344 74
5345 109
5346 43
5347 93
5348 97
5349 55
5350 72
5351 73
5352 59
5353 127
5354 76
5355 77
5356 116
5357 59
5358 116
5359 67
5360 60
5361 75
5362 102
5363 97
5364 103
5365 65
5366 109
5367 54
5368 89
5369 75
5370 76
5371 110
5372 80
5373 69
5374 93
5375 63
5376 103
5377 128
5378 85
5379 108
5380 121
5381 56
5382 102
5383 111
5384 120
5385 66
5386 114
5387 99
5388 75
5389 69
5390 70
5391 105
5392 69
5393 101
5394 62
5395 68
5396 121
5397 97
5398 87
5399 63
5400 100
5401 111
5402 68
5403 82
5404 53
5405 103
5406 111
5407 61
5408 64
5409 109
5410 83
5411 67
5412 94
5413 116
5414 79
5415 100
5416 60
5417 98
5418 54
5419 89
5420 96
5421 114
5422 127
5423 67
5424 60
5425 82
5426 57
5427 113
5428 52
5429 90
5430 79
5431 78
5432 72
5433 116
5434 74
5435 104
5436 60
5437 53
5438 128
5439 74
5440 81
5441 69
5442 69
5443 74
5444 86
5445 64
5446 62
5447 87
5448 77
5449 80
5450 78
5451 83
5452 75
5453 73
5454 113
5455 72
5456 107
5457 47
5458 69
5459 84
5460 52
5461 125
5462 113
5463 73
5464 90
5465 76
5466 67
5467 124
5468 103
5469 77
5470 119
5471 95
5472 115
5473 123
5474 104
5475 73
5476 44
5477 111
5478 92
5479 104
5480 132
5481 55
5482 103
5483 106
5484 77
5485 108
5486 61
5487 88
5488 62
5489 60
5490 97
5491 108
5492 78
5493 69
5494 70
5495 111
5496 120
5497 82
5498 68
5499 125
5500 103
5501 72
5502 97
5503 62
5504 79
5505 66
5506 104
5507 94
5508 61
5509 78
5510 69
5511 62
5512 66
5513 74
5514 71
5515 91
5516 48
5517 73
5518 74
5519 88
5520 128
5521 79
5522 113
5523 114
5524 91
5525 69
5526 132
5527 68
5528 122
5529 69
5530 62
5531 100
5532 111
5533 86
5534 80
5535 71
5536 113
5537 93
5538 57
5539 116
5540 116
5541 114
5542 77
5543 69
5544 105
5545 80
5546 93
5547 66
5548 83
5549 102
5550 62
5551 74
5552 64
5553 117
5554 84
5555 103
5556 75
5557 47
5558 114
5559 107
5560 102
5561 65
5562 118
5563 84
5564 60
5565 61
5566 77
5567 93
5568 57
5569 64
5570 53
5571 116
5572 124
5573 112
5574 81
5575 79
5576 80
5577 103
5578 92
5579 97
5580 82
5581 78
5582 75
5583 127
5584 66
5585 86
5586 94
5587 113
5588 75
5589 57
5590 119
5591 90
5592 75
5593 50
5594 97
5595 61
5596 65
5597 94
5598 115
5599 121
5600 115
5601 104
5602 85
5603 112
5604 61
5605 122
5606 64
5607 55
5608 73
5609 77
5610 84
5611 82
5612 115
5613 62
5614 70
5615 108
5616 60
5617 108
5618 83
5619 77
5620 112
5621 61
5622 111
5623 56
5624 120
5625 50
5626 58
5627 64
5628 118
5629 43
5630 114
5631 131
5632 123
5633 72
5634 65
5635 101
5636 93
5637 124
5638 64
5639 122
5640 90
5641 61
5642 126
5643 56
5644 102
5645 72
5646 65
5647 81
5648 93
5649 110
5650 118
5651 50
5652 94
5653 111
5654 56
5655 82
5656 72
5657 111
5658 102
5659 124
5660 112
5661 104
5662 87
5663 75
5664 117
5665 61
5666 109
5667 119
5668 71
5669 75
5670 69
5671 85
5672 102
5673 83
5674 90
5675 71
5676 71
5677 82
5678 87
5679 74
5680 118
5681 110
5682 68
5683 109
5684 110
5685 107
5686 107
5687 68
5688 81
5689 86
5690 120
5691 117
5692 111
5693 63
5694 60
5695 117
5696 66
5697 81
5698 57
5699 102
5700 84
5701 70
5702 128
5703 85
5704 112
5705 66
5706 109
5707 80
5708 102
5709 70
5710 76
5711 56
5712 134
5713 73
5714 99
5715 86
5716 87
5717 94
5718 60
5719 114
5720 45
5721 84
5722 80
5723 94
5724 80
5725 73
5726 93
5727 79
5728 112
5729 87
5730 79
5731 75
5732 82
5733 71
5734 96
5735 63
5736 107
5737 78
5738 94
5739 105
5740 74
5741 62
5742 64
5743 121
5744 64
5745 120
5746 52
5747 88
5748 100
5749 61
5750 95
5751 82
5752 68
5753 77
5754 108
5755 75
5756 77
5757 86
5758 103
5759 124
5760 69
5761 108
5762 63
5763 60
5764 111
5765 72
5766 110
5767 104
5768 65
5769 113
5770 120
5771 52
5772 94
5773 78
5774 83
5775 51
5776 82
5777 128
5778 113
5779 80
5780 75
5781 107
5782 117
5783 76
5784 80
5785 102
5786 118
5787 72
5788 123
5789 125
5790 84
5791 97
5792 115
5793 84
5794 76
5795 125
5796 87
5797 66
5798 132
5799 113
5800 64
5801 70
5802 121
5803 100
5804 61
5805 59
5806 97
5807 87
5808 122
5809 66
5810 98
5811 109
5812 76
5813 112
5814 58
5815 113
5816 85
5817 68
5818 76
5819 110
5820 113
5821 74
5822 130
5823 76
5824 54
5825 122
5826 66
5827 85
5828 126
5829 93
5830 61
5831 118
5832 80
5833 75
5834 109
5835 111
5836 65
5837 76
5838 79
5839 77
5840 107
5841 86
5842 79
5843 119
5844 77
5845 63
5846 130
5847 111
5848 70
5849 89
5850 102
5851 45
5852 101
5853 63
5854 89
5855 96
5856 75
5857 115
5858 130
5859 91
5860 98
5861 77
5862 78
5863 73
5864 95
5865 115
5866 67
5867 132
5868 133
5869 77
5870 114
5871 74
5872 111
5873 58
5874 115
5875 79
5876 79
5877 123
5878 118
5879 76
5880 98
5881 127
5882 106
5883 84
5884 109
5885 64
5886 72
5887 76
5888 93
5889 67
5890 102
5891 67
5892 74
5893 110
5894 101
5895 75
5896 89
5897 114
5898 120
5899 61
5900 87
5901 80
5902 107
5903 78
5904 127
5905 68
5906 115
5907 82
5908 105
5909 78
5910 117
5911 108
5912 91
5913 117
5914 65
5915 73
5916 120
5917 112
5918 69
5919 82
5920 83
5921 73
5922 90
5923 107
5924 84
5925 82
5926 68
5927 88
5928 74
5929 65
5930 89
5931 71
5932 121
5933 69
5934 67
5935 92
5936 112
5937 80
5938 84
5939 79
5940 53
5941 123
5942 122
5943 51
5944 115
5945 107
5946 70
5947 83
5948 81
5949 60
5950 108
5951 74
5952 85
5953 114
5954 92
5955 103
5956 51
5957 104
5958 110
5959 84
5960 110
5961 123
5962 86
5963 113
5964 102
5965 60
5966 98
5967 94
5968 82
5969 97
5970 62
5971 114
5972 122
5973 88
5974 76
5975 104
5976 84
5977 80
5978 68
5979 102
5980 105
5981 74
5982 98
5983 83
5984 118
5985 81
5986 112
5987 82
5988 129
5989 66
5990 70
5991 76
5992 122
5993 59
5994 125
5995 52
5996 107
5997 61
5998 94
5999 114
6000 76
6001 119
6002 84
6003 122
6004 113
6005 98
6006 77
6007 106
6008 75
6009 97
6010 88
6011 127
6012 114
6013 63
6014 87
6015 71
6016 65
6017 68
6018 129
6019 83
6020 71
6021 96
6022 102
6023 70
6024 63
6025 80
6026 98
6027 107
6028 66
6029 104
6030 78
6031 116
6032 106
6033 62
6034 126
6035 109
6036 84
6037 117
6038 119
6039 70
6040 122
6041 106
6042 89
6043 76
6044 60
6045 78
6046 74
6047 75
6048 84
6049 93
6050 78
6051 86
6052 76
6053 67
6054 110
6055 72
6056 105
6057 120
6058 79
6059 107
6060 123
6061 96
6062 100
6063 119
6064 120
6065 94
6066 59
6067 95
6068 79
6069 113
6070 76
6071 66
6072 61
6073 110
6074 93
6075 117
6076 84
6077 119
6078 76
6079 81
6080 110
6081 110
6082 70
6083 57
6084 76
6085 118
6086 125
6087 64
6088 90
6089 90
6090 96
6091 60
6092 89
6093 74
6094 109
6095 102
6096 115
6097 111
6098 72
6099 73
6100 112
6101 103
6102 88
6103 133
6104 117
6105 78
6106 72
6107 66
6108 80
6109 121
6110 132
6111 58
6112 71
6113 119
6114 68
6115 115
6116 59
6117 82
6118 117
6119 75
6120 118
6121 81
6122 84
6123 109
6124 78
6125 83
6126 78
6127 113
6128 130
6129 84
6130 61
6131 110
6132 78
6133 111
6134 99
6135 85
6136 120
6137 47
6138 81
6139 119
6140 66
6141 112
6142 83
6143 76
6144 127
6145 63
6146 89
6147 100
6148 76
6149 86
6150 118
6151 47
6152 83
6153 119
6154 80
6155 83
6156 77
6157 62
6158 91
6159 63
6160 128
6161 109
6162 107
6163 48
6164 111
6165 79
6166 107
6167 57
6168 79
6169 102
6170 77
6171 93
6172 133
6173 66
6174 69
6175 115
6176 64
6177 99
6178 108
6179 80
6180 63
6181 121
6182 116
6183 69
6184 77
6185 123
6186 119
6187 72
6188 96
6189 81
6190 78
6191 122
6192 129
6193 109
6194 53
6195 125
6196 89
6197 85
6198 120
6199 76
6200 94
6201 113
6202 98
6203 74
6204 78
6205 117
6206 115
6207 58
6208 73
6209 132
6210 84
6211 76
6212 93
6213 95
6214 132
6215 104
6216 80
6217 78
6218 92
6219 79
6220 71
6221 92
6222 77
6223 67
6224 91
6225 81
6226 121
6227 93
6228 129
6229 101
6230 60
6231 81
6232 95
6233 123
6234 67
6235 74
6236 122
6237 78
6238 76
6239 121
6240 81
6241 109
6242 131
6243 64
6244 113
6245 62
6246 89
6247 92
6248 78
6249 87
6250 102
6251 68
6252 91
6253 98
6254 129
6255 132
6256 77
6257 122
6258 104
6259 83
6260 119
6261 58
6262 88
6263 124
6264 76
6265 92
6266 83
6267 55
6268 114
6269 122
6270 98
6271 85
6272 95
6273 133
6274 101
6275 67
6276 102
6277 135
6278 91
6279 72
6280 109
6281 86
6282 52
6283 86
6284 121
6285 117
6286 93
6287 132
6288 134
6289 116
6290 76
6291 82
6292 88
6293 122
6294 71
6295 101
6296 58
6297 80
6298 118
6299 56
6300 84
6301 47
6302 94
6303 123
6304 82
6305 65
6306 72
6307 72
6308 139
6309 127
6310 112
6311 74
6312 126
6313 76
6314 133
6315 118
6316 66
6317 102
6318 75
6319 96
6320 75
6321 115
6322 61
6323 131
6324 79
6325 86
6326 74
6327 77
6328 76
6329 101
6330 83
6331 97
6332 134
6333 116
6334 108
6335 82
6336 53
6337 58
6338 73
6339 83
6340 79
6341 122
6342 92
6343 96
6344 125
6345 69
6346 65
6347 129
6348 130
6349 60
6350 79
6351 109
6352 125
6353 70
6354 89
6355 84
6356 123
6357 61
6358 85
6359 127
6360 77
6361 133
6362 130
6363 87
6364 84
6365 89
6366 94
6367 129
6368 120
6369 64
6370 82
6371 83
6372 131
6373 62
6374 113
6375 68
6376 79
6377 115
6378 114
6379 130
6380 112
6381 67
6382 99
6383 77
6384 101
6385 111
6386 65
6387 81
6388 85
6389 73
6390 133
6391 70
6392 118
6393 102
6394 109
6395 136
6396 67
6397 90
6398 61
6399 104
6400 117
6401 91
6402 123
6403 64
6404 90
6405 121
6406 117
6407 68
6408 99
6409 94
6410 117
6411 87
6412 117
6413 75
6414 137
6415 122
6416 136
6417 88
6418 114
6419 87
6420 130
6421 69
6422 83
6423 107
6424 88
6425 103
6426 81
6427 124
6428 67
6429 137
6430 87
6431 127
6432 130
6433 68
6434 82
6435 100
6436 90
6437 135
6438 111
6439 79
6440 130
6441 75
6442 86
6443 101
6444 66
6445 76
6446 133
6447 123
6448 119
6449 105
6450 94
6451 78
6452 76
6453 100
6454 65
6455 124
6456 87
6457 142
6458 66
6459 69
6460 75
6461 83
6462 143
6463 63
6464 93
6465 76
6466 84
6467 88
6468 101
6469 118
6470 86
6471 105
6472 82
6473 79
6474 134
6475 112
6476 76
6477 103
6478 93
6479 127
6480 75
6481 125
6482 95
6483 112
6484 64
6485 53
6486 114
6487 95
6488 57
6489 92
6490 127
6491 66
6492 83
6493 126
6494 116
6495 64
6496 117
6497 84
6498 114
6499 70
6500 115
6501 64
6502 96
6503 103
6504 60
6505 95
6506 86
6507 122
6508 96
6509 97
6510 127
6511 70
6512 82
6513 84
6514 73
6515 112
6516 87
6517 89
6518 84
6519 80
6520 121
6521 65
6522 79
6523 74
6524 128
6525 83
6526 129
6527 77
6528 128
6529 66
6530 97
6531 121
6532 63
6533 85
6534 87
6535 103
6536 65
6537 126
6538 77
6539 71
6540 81
6541 110
6542 50
6543 145
6544 80
6545 126
6546 49
6547 85
6548 72
6549 137
6550 83
6551 85
6552 64
6553 124
6554 95
6555 82
6556 104
6557 69
6558 104
6559 127
6560 81
6561 131
6562 121
6563 75
6564 93
6565 68
6566 111
6567 76
6568 117
6569 63
6570 71
6571 129
6572 139
6573 72
6574 79
6575 88
6576 112
6577 75
6578 96
6579 68
6580 151
6581 73
6582 69
6583 105
6584 110
6585 77
6586 92
6587 123
6588 106
6589 100
6590 64
6591 140
6592 130
6593 73
6594 101
6595 129
6596 61
6597 97
6598 103
6599 115
6600 91
6601 140
6602 72
6603 122
6604 104
6605 77
6606 108
6607 95
6608 111
6609 83
6610 126
6611 65
6612 125
6613 58
6614 86
6615 79
6616 100
6617 119
6618 59
6619 92
6620 120
6621 123
6622 68
6623 133
6624 82
6625 148
6626 86
6627 72
6628 138
6629 113
6630 73
6631 127
6632 90
6633 58
6634 136
6635 73
6636 97
6637 107
6638 65
6639 121
6640 123
6641 74
6642 123
6643 125
6644 100
6645 139
6646 101
6647 72
6648 94
6649 115
6650 72
6651 85
6652 59
6653 111
6654 59
6655 80
6656 108
6657 124
6658 109
6659 94
6660 59
6661 87
6662 93
6663 124
6664 82
6665 96
6666 83
6667 81
6668 122
6669 66
6670 88
6671 119
6672 78
6673 136
6674 90
6675 103
6676 68
6677 69
6678 65
6679 133
6680 119
6681 90
6682 106
6683 123
6684 123
6685 127
6686 99
6687 82
6688 147
6689 74
6690 77
6691 143
6692 131
6693 98
6694 107
6695 73
6696 71
6697 84
6698 147
6699 89
6700 69
6701 123
6702 64
6703 76
6704 83
6705 116
6706 122
6707 95
6708 120
6709 127
6710 85
6711 90
6712 91
6713 108
6714 69
6715 112
6716 137
6717 94
6718 128
6719 70
6720 67
6721 96
6722 94
6723 80
6724 121
6725 131
6726 99
6727 101
6728 74
6729 73
6730 135
6731 122
6732 87
6733 127
6734 87
6735 136
6736 105
6737 108
6738 126
6739 117
6740 59
6741 107
6742 94
6743 138
6744 90
6745 105
6746 66
6747 115
6748 118
6749 80
6750 132
6751 82
6752 74
6753 59
6754 78
6755 92
6756 84
6757 138
6758 82
6759 127
6760 90
6761 115
6762 52
6763 81
6764 86
6765 112
6766 78
6767 85
6768 105
6769 79
6770 95
6771 123
6772 128
6773 79
6774 91
6775 93
6776 45
6777 66
6778 81
6779 64
6780 125
6781 132
6782 99
6783 78
6784 99
6785 134
6786 69
6787 93
6788 119
6789 74
6790 134
6791 134
6792 96
6793 85
6794 110
6795 116
6796 54
6797 59
6798 85
6799 106
6800 61
6801 84
6802 123
6803 83
6804 68
6805 101
6806 78
6807 98
6808 104
6809 129
6810 104
6811 70
6812 100
6813 142
6814 68
6815 77
6816 104
6817 124
6818 135
6819 80
6820 122
6821 75
6822 125
6823 118
6824 98
6825 131
6826 92
6827 134
6828 110
6829 98
6830 84
6831 105
6832 85
6833 78
6834 74
6835 82
6836 87
6837 140
6838 57
6839 141
6840 130
6841 68
6842 82
6843 122
6844 47
6845 106
6846 126
6847 80
6848 130
6849 105
6850 97
6851 120
6852 86
6853 140
6854 101
6855 63
6856 110
6857 82
6858 131
6859 60
6860 70
6861 83
6862 77
6863 89
6864 112
6865 90
6866 125
6867 129
6868 76
6869 98
6870 92
6871 94
6872 124
6873 102
6874 87
6875 119
6876 126
6877 85
6878 119
6879 75
6880 131
6881 94
6882 124
6883 93
6884 102
6885 93
6886 87
6887 126
6888 121
6889 106
6890 83
6891 68
6892 107
6893 71
6894 75
6895 75
6896 123
6897 126
6898 74
6899 101
6900 91
6901 105
6902 85
6903 118
6904 140
6905 138
6906 112
6907 104
6908 70
6909 135
6910 63
6911 80
6912 86
6913 120
6914 81
6915 101
6916 71
6917 134
6918 140
6919 122
6920 110
6921 133
6922 81
6923 106
6924 77
6925 123
6926 101
6927 86
6928 141
6929 117
6930 126
6931 56
6932 94
6933 111
6934 59
6935 88
6936 75
6937 91
6938 103
6939 123
6940 80
6941 61
6942 98
6943 137
6944 123
6945 74
6946 67
6947 86
6948 108
6949 71
6950 124
6951 62
6952 125
6953 147
6954 85
6955 93
6956 90
6957 134
6958 64
6959 83
6960 128
6961 144
6962 99
6963 105
6964 83
6965 95
6966 125
6967 95
6968 63
6969 113
6970 64
6971 91
6972 65
6973 124
6974 114
6975 63
6976 75
6977 83
6978 83
6979 145
6980 120
6981 130
6982 83
6983 105
6984 122
6985 72
6986 61
6987 96
6988 118
6989 90
6990 84
6991 98
6992 97
6993 130
6994 120
6995 123
6996 115
6997 63
6998 90
6999 80
7000 87
7001 78
7002 141
7003 67
7004 126
7005 78
7006 80
7007 80
7008 120
7009 91
7010 130
7011 126
7012 74
7013 93
7014 81
7015 153
7016 81
7017 143
7018 76
7019 72
7020 107
7021 129
7022 112
7023 61
7024 130
7025 141
7026 61
7027 95
7028 87
7029 128
7030 58
7031 96
7032 136
7033 96
7034 65
7035 80
7036 131
7037 94
7038 134
7039 105
7040 72
7041 84
7042 125
7043 88
7044 131
7045 129
7046 59
7047 90
7048 107
7049 61
7050 90
7051 69
7052 131
7053 129
7054 89
7055 91
7056 77
7057 97
7058 80
7059 84
7060 126
7061 84
7062 119
7063 122
7064 70
7065 74
7066 97
7067 75
7068 139
7069 100
7070 85
7071 121
7072 105
7073 81
7074 83
7075 117
7076 92
7077 75
7078 141
7079 91
7080 75
7081 78
7082 130
7083 79
7084 67
7085 133
7086 129
7087 72
7088 99
7089 66
7090 91
7091 113
7092 115
7093 90
7094 137
7095 75
7096 132
7097 122
7098 78
7099 92
7100 92
7101 90
7102 102
7103 58
7104 142
7105 134
7106 101
7107 70
7108 61
7109 135
7110 128
7111 115
7112 110
7113 121
7114 120
7115 77
7116 88
7117 80
7118 141
7119 90
7120 117
7121 70
7122 86
7123 121
7124 63
7125 94
7126 133
7127 124
7128 134
7129 85
7130 63
7131 87
7132 127
7133 133
7134 56
7135 143
7136 131
7137 82
7138 99
7139 79
7140 101
7141 92
7142 79
7143 140
7144 94
7145 128
7146 58
7147 106
7148 83
7149 113
7150 69
7151 106
7152 90
7153 112
7154 57
7155 92
7156 140
7157 90
7158 86
7159 86
7160 110
7161 117
7162 82
7163 92
7164 134
7165 77
7166 125
7167 108
7168 132
7169 73
7170 72
7171 58
7172 135
7173 132
7174 131
7175 92
7176 107
7177 80
7178 68
7179 97
7180 132
7181 119
7182 80
7183 113
7184 93
7185 58
7186 90
7187 99
7188 78
7189 106
7190 98
7191 130
7192 131
7193 78
7194 77
7195 87
7196 87
7197 130
7198 137
7199 85
7200 90
7201 87
7202 142
7203 55
7204 95
7205 86
7206 140
7207 73
7208 86
7209 101
7210 130
7211 67
7212 91
7213 88
7214 119
7215 128
7216 108
7217 130
7218 60
7219 80
7220 136
7221 118
7222 128
7223 68
7224 120
7225 98
7226 86
7227 118
7228 124
7229 104
7230 127
7231 142
7232 62
7233 108
7234 80
7235 85
7236 91
7237 125
7238 120
7239 66
7240 90
7241 86
7242 94
7243 102
7244 79
7245 94
7246 104
7247 92
7248 136
7249 83
7250 65
7251 110
7252 128
7253 100
7254 75
7255 59
7256 70
7257 87
7258 135
7259 135
7260 89
7261 111
7262 141
7263 80
7264 95
7265 149
7266 128
7267 90
7268 127
7269 81
7270 106
7271 135
7272 139
7273 71
7274 139
7275 116
7276 68
7277 81
7278 90
7279 126
7280 117
7281 139
7282 119
7283 160
7284 71
7285 101
7286 104
7287 115
7288 128
7289 76
7290 138
7291 78
7292 110
7293 112
7294 88
7295 121
7296 73
7297 119
7298 64
7299 98
7300 139
7301 87
7302 87
7303 107
7304 143
7305 79
7306 95
7307 67
7308 69
7309 158
7310 138
7311 83
7312 66
7313 97
7314 87
7315 107
7316 85
7317 85
7318 119
7319 128
7320 90
7321 85
7322 82
7323 92
7324 141
7325 96
7326 74
7327 142
7328 97
7329 93
7330 132
7331 69
7332 91
7333 91
7334 83
7335 123
7336 128
7337 87
7338 126
7339 71
7340 84
7341 84
7342 104
7343 93
7344 91
7345 124
7346 104
7347 131
7348 127
7349 76
7350 55
7351 87
7352 120
7353 60
7354 96
7355 131
7356 130
7357 93
7358 121
7359 137
7360 75
7361 94
7362 82
7363 134
7364 127
7365 98
7366 83
7367 139
7368 76
7369 120
7370 75
7371 111
7372 117
7373 69
7374 101
7375 93
7376 96
7377 64
7378 84
7379 99
7380 129
7381 93
7382 108
7383 99
7384 127
7385 70
7386 98
7387 138
7388 127
7389 79
7390 71
7391 122
7392 76
7393 83
7394 112
7395 67
7396 131
7397 129
7398 81
7399 91
7400 83
7401 115
7402 93
7403 87
7404 139
7405 105
7406 121
7407 78
7408 65
7409 85
7410 110
7411 66
7412 86
7413 83
7414 123
7415 125
7416 93
7417 136
7418 88
7419 81
7420 79
7421 129
7422 121
7423 74
7424 143
7425 131
7426 81
7427 129
7428 147
7429 50
7430 102
7431 86
7432 144
7433 102
7434 152
7435 115
7436 121
7437 56
7438 115
7439 120
7440 128
7441 143
7442 73
7443 93
7444 128
7445 77
7446 98
7447 71
7448 112
7449 135
7450 81
7451 125
7452 105
7453 139
7454 117
7455 91
7456 131
7457 139
7458 75
7459 148
7460 102
7461 61
7462 108
7463 137
7464 136
7465 147
7466 61
7467 84
7468 113
7469 113
7470 105
7471 151
7472 76
7473 139
7474 100
7475 92
7476 68
7477 68
7478 105
7479 84
7480 87
7481 133
7482 135
7483 73
7484 88
7485 96
7486 91
7487 126
7488 68
7489 135
7490 73
7491 81
7492 87
7493 135
7494 104
7495 85
7496 80
7497 152
7498 91
7499 150
7500 98
7501 82
7502 55
7503 97
7504 97
7505 125
7506 110
7507 71
7508 129
7509 149
7510 90
7511 105
7512 105
7513 137
7514 83
7515 127
7516 86
7517 139
7518 107
7519 93
7520 59
7521 133
7522 79
7523 98
7524 128
7525 131
7526 83
7527 89
7528 88
7529 97
7530 107
7531 93
7532 67
7533 90
7534 88
7535 93
7536 127
7537 107
7538 112
7539 63
7540 153
7541 130
7542 112
7543 134
7544 96
7545 144
7546 76
7547 135
7548 74
7549 90
7550 109
7551 75
7552 69
7553 151
7554 73
7555 96
7556 108
7557 115
7558 91
7559 132
7560 138
7561 113
7562 141
7563 123
7564 151
7565 88
7566 84
7567 105
7568 121
7569 87
7570 82
7571 87
7572 64
7573 94
7574 149
7575 107
7576 127
7577 69
7578 104
7579 81
7580 150
7581 98
7582 122
7583 74
7584 117
7585 128
7586 135
7587 75
7588 124
7589 123
7590 113
7591 95
7592 121
7593 90
7594 143
7595 112
7596 83
7597 63
7598 144
7599 96
7600 80
7601 79
7602 131
7603 83
7604 96
7605 131
7606 81
7607 76
7608 145
7609 96
7610 132
7611 82
7612 136
7613 62
7614 84
7615 123
7616 77
7617 98
7618 125
7619 166
7620 60
7621 93
7622 89
7623 85
7624 114
7625 83
7626 96
7627 71
7628 75
7629 96
7630 81
7631 107
7632 71
7633 101
7634 127
7635 88
7636 130
7637 100
7638 95
7639 86
7640 134
7641 65
7642 77
7643 147
7644 83
7645 95
7646 141
7647 82
7648 98
7649 118
7650 93
7651 133
7652 85
7653 154
7654 113
7655 91
7656 98
7657 135
7658 111
7659 122
7660 90
7661 91
7662 132
7663 95
7664 116
7665 75
7666 100
7667 87
7668 132
7669 70
7670 106
7671 67
7672 127
7673 86
7674 85
7675 82
7676 134
7677 131
7678 140
7679 83
7680 86
7681 132
7682 94
7683 114
7684 76
7685 93
7686 84
7687 102
7688 87
7689 99
7690 102
7691 118
7692 124
7693 135
7694 90
7695 90
7696 95
7697 140
7698 79
7699 146
7700 140
7701 101
7702 122
7703 138
7704 80
7705 79
7706 135
7707 43
7708 85
7709 132
7710 89
7711 91
7712 81
7713 134
7714 73
7715 131
7716 87
7717 92
7718 117
7719 82
7720 103
7721 130
7722 143
7723 74
7724 113
7725 119
7726 70
7727 93
7728 110
7729 130
7730 143
7731 133
7732 92
7733 137
7734 106
7735 130
7736 83
7737 143
7738 82
7739 127
7740 57
7741 82
7742 133
7743 111
7744 142
7745 91
7746 122
7747 96
7748 79
7749 143
7750 88
7751 74
7752 134
7753 76
7754 124
7755 149
7756 92
7757 111
7758 77
7759 90
7760 109
7761 147
7762 134
7763 81
7764 118
7765 62
7766 98
7767 145
7768 96
7769 114
7770 133
7771 103
7772 102
7773 151
7774 91
7775 121
7776 129
7777 84
7778 128
7779 113
7780 96
7781 130
7782 101
7783 81
7784 92
7785 139
7786 146
7787 81
7788 114
7789 109
7790 72
7791 90
7792 82
7793 136
7794 69
7795 109
7796 141
7797 109
7798 78
7799 135
7800 76
7801 86
7802 116
7803 78
7804 99
7805 101
7806 87
7807 115
7808 93
7809 130
7810 85
7811 149
7812 136
7813 94
7814 63
7815 112
7816 99
7817 126
7818 135
7819 119
7820 115
7821 80
7822 134
7823 72
7824 84
7825 77
7826 138
7827 92
7828 100
7829 139
7830 104
7831 144
7832 147
7833 153
7834 120
7835 89
7836 125
7837 94
7838 110
7839 105
7840 123
7841 82
7842 98
7843 88
7844 102
7845 116
7846 131
7847 94
7848 140
7849 83
7850 91
7851 144
7852 78
7853 100
7854 85
7855 69
7856 107
7857 94
7858 89
7859 77
7860 74
7861 134
7862 127
7863 97
7864 146
7865 93
7866 97
7867 65
7868 76
7869 133
7870 138
7871 146
7872 90
7873 134
7874 123
7875 104
7876 103
7877 80
7878 143
7879 80
7880 128
7881 98
7882 132
7883 80
7884 136
7885 75
7886 142
7887 72
7888 99
7889 107
7890 93
7891 112
7892 144
7893 118
7894 75
7895 92
7896 110
7897 69
7898 150
7899 67
7900 77
7901 96
7902 138
7903 95
7904 76
7905 118
7906 104
7907 136
7908 142
7909 100
7910 80
7911 144
7912 103
7913 94
7914 132
7915 88
7916 132
7917 140
7918 54
7919 85
7920 95
7921 87
7922 136
7923 97
7924 127
7925 89
7926 96
7927 98
7928 131
7929 93
7930 117
7931 69
7932 105
7933 87
7934 116
7935 81
7936 109
7937 154
7938 141
7939 96
7940 113
7941 123
7942 89
7943 85
7944 91
7945 116
7946 57
7947 146
7948 83
7949 118
7950 86
7951 146
7952 128
7953 113
7954 86
7955 141
7956 123
7957 95
7958 73
7959 95
7960 101
7961 138
7962 126
7963 114
7964 95
7965 101
7966 87
7967 68
7968 78
7969 92
7970 93
7971 117
7972 92
7973 146
7974 119
7975 92
7976 94
7977 85
7978 81
7979 124
7980 147
7981 103
7982 99
7983 134
7984 100
7985 136
7986 81
7987 96
7988 112
7989 136
7990 127
7991 106
7992 98
7993 140
7994 99
7995 136
7996 129
7997 101
7998 96
7999 147
8000 102
8001 84
8002 122
8003 98
8004 77
8005 158
8006 93
8007 146
8008 59
8009 80
8010 114
8011 77
8012 93
8013 75
8014 122
8015 77
8016 110
8017 76
8018 95
8019 146
8020 104
8021 134
8022 73
8023 91
8024 160
8025 90
8026 78
8027 157
8028 148
8029 89
8030 111
8031 71
8032 92
8033 136
8034 84
8035 95
8036 94
8037 123
8038 86
8039 146
8040 92
8041 116
8042 76
8043 76
8044 110
8045 71
8046 106
8047 77
8048 130
8049 117
8050 89
8051 105
8052 86
8053 113
8054 155
8055 99
8056 104
8057 97
8058 126
8059 140
8060 137
8061 76
8062 99
8063 150
8064 131
8065 131
8066 92
8067 146
8068 65
8069 93
8070 109
8071 78
8072 86
8073 100
8074 74
8075 95
8076 85
8077 138
8078 146
8079 88
8080 74
8081 86
8082 73
8083 113
8084 83
8085 116
8086 87
8087 125
8088 83
8089 140
8090 130
8091 116
8092 138
8093 137
8094 82
8095 108
8096 93
8097 128
8098 137
8099 126
8100 72
8101 89
8102 163
8103 93
8104 97
8105 81
8106 150
8107 128
8108 145
8109 97
8110 100
8111 101
8112 105
8113 65
8114 84
8115 87
8116 141
8117 78
8118 133
8119 100
8120 143
8121 81
8122 127
8123 159
8124 77
8125 76
8126 98
8127 80
8128 148
8129 92
8130 140
8131 111
8132 114
8133 99
8134 84
8135 165
8136 91
8137 119
8138 80
8139 99
8140 106
8141 82
8142 99
8143 133
8144 142
8145 67
8146 73
8147 107
8148 92
8149 139
8150 100
8151 132
8152 72
8153 141
8154 94
8155 130
8156 81
8157 116
8158 96
8159 151
8160 123
8161 92
8162 108
8163 130
8164 64
8165 92
8166 147
8167 91
8168 75
8169 154
8170 102
8171 90
8172 71
8173 84
8174 98
8175 69
8176 153
8177 88
8178 127
8179 94
8180 92
8181 145
8182 116
8183 115
8184 82
8185 98
8186 142
8187 156
8188 137
8189 99
8190 121
8191 118
8192 141
8193 145
8194 147
8195 147
8196 84
8197 96
8198 144
8199 75
8200 90
8201 106
8202 131
8203 151
8204 77
8205 141
8206 70
8207 109
8208 101
8209 57
8210 111
8211 94
8212 98
8213 102
8214 94
8215 146
8216 152
8217 88
8218 95
8219 133
8220 74
8221 154
8222 90
8223 145
8224 127
8225 62
8226 114
8227 125
8228 65
8229 122
8230 133
8231 150
8232 115
8233 98
8234 92
8235 138
8236 72
8237 96
8238 132
8239 142
8240 107
8241 90
8242 123
8243 90
8244 85
8245 69
8246 142
8247 57
8248 90
8249 154
8250 123
8251 83
8252 76
8253 91
8254 95
8255 151
8256 146
8257 109
8258 141
8259 70
8260 96
8261 84
8262 82
8263 133
8264 72
8265 122
8266 164
8267 106
8268 135
8269 89
8270 98
8271 87
8272 139
8273 77
8274 80
8275 124
8276 100
8277 71
8278 70
8279 82
8280 89
8281 127
8282 142
8283 101
8284 67
8285 106
8286 123
8287 84
8288 134
8289 147
8290 89
8291 155
8292 95
8293 92
8294 152
8295 128
8296 79
8297 90
8298 152
8299 134
8300 97
8301 94
8302 120
8303 137
8304 103
8305 84
8306 150
8307 84
8308 88
8309 106
8310 103
8311 94
8312 91
8313 81
8314 131
8315 90
8316 158
8317 106
8318 117
8319 105
8320 134
8321 152
8322 84
8323 144
8324 150
8325 84
8326 108
8327 126
8328 140
8329 80
8330 118
8331 142
8332 127
8333 87
8334 95
8335 84
8336 143
8337 121
8338 110
8339 86
8340 106
8341 156
8342 91
8343 98
8344 142
8345 110
8346 120
8347 121
8348 140
8349 119
8350 149
8351 75
8352 77
8353 100
8354 154
8355 132
8356 118
8357 104
8358 104
8359 109
8360 72
8361 111
8362 99
8363 68
8364 97
8365 150
8366 106
8367 160
8368 119
8369 111
8370 89
8371 81
8372 153
8373 56
8374 101
8375 84
8376 77
8377 100
8378 86
8379 140
8380 83
8381 116
8382 101
8383 91
8384 141
8385 129
8386 99
8387 108
8388 76
8389 98
8390 115
8391 90
8392 125
8393 72
8394 91
8395 77
8396 94
8397 82
8398 148
8399 143
8400 70
8401 100
8402 102
8403 126
8404 89
8405 117
8406 118
8407 149
8408 73
8409 99
8410 146
8411 73
8412 128
8413 98
8414 100
8415 108
8416 99
8417 110
8418 139
8419 133
8420 99
8421 96
8422 158
8423 105
8424 100
8425 87
8426 148
8427 116
8428 83
8429 131
8430 102
8431 148
8432 96
8433 131
8434 147
8435 144
8436 140
8437 120
8438 77
8439 78
8440 127
8441 96
8442 94
8443 132
8444 98
8445 143
8446 116
8447 99
8448 122
8449 131
8450 143
8451 98
8452 92
8453 114
8454 111
8455 93
8456 116
8457 136
8458 108
8459 133
8460 128
8461 77
8462 98
8463 152
8464 74
8465 124
8466 61
8467 93
8468 62
8469 89
8470 92
8471 125
8472 83
8473 133
8474 84
8475 103
8476 137
8477 156
8478 97
8479 144
8480 149
8481 98
8482 127
8483 158
8484 78
8485 115
8486 78
8487 102
8488 90
8489 152
8490 128
8491 69
8492 116
8493 130
8494 81
8495 81
8496 101
8497 140
8498 70
8499 101
8500 92
8501 121
8502 100
8503 94
8504 150
8505 89
8506 100
8507 154
8508 145
8509 87
8510 114
8511 95
8512 100
8513 101
8514 93
8515 133
8516 56
8517 83
8518 117
8519 147
8520 69
8521 98
8522 137
8523 66
8524 136
8525 104
8526 146
8527 115
8528 74
8529 136
8530 99
8531 126
8532 98
8533 97
8534 159
8535 122
8536 147
8537 73
8538 101
8539 121
8540 78
8541 96
8542 119
8543 72
8544 108
8545 107
8546 134
8547 125
8548 137
8549 103
8550 147
8551 88
8552 81
8553 99
8554 139
8555 96
8556 110
8557 137
8558 82
8559 119
8560 156
8561 94
8562 124
8563 123
8564 81
8565 73
8566 148
8567 95
8568 154
8569 106
8570 58
8571 100
8572 150
8573 136
8574 127
8575 70
8576 130
8577 158
8578 83
8579 121
8580 156
8581 155
8582 69
8583 121
8584 91
8585 133
8586 76
8587 104
8588 107
8589 99
8590 156
8591 76
8592 100
8593 96
8594 81
8595 103
8596 80
8597 89
8598 126
8599 132
8600 80
8601 83
8602 113
8603 117
8604 132
8605 91
8606 75
8607 154
8608 96
8609 105
8610 67
8611 142
8612 105
8613 91
8614 123
8615 141
8616 75
8617 79
8618 93
8619 148
8620 161
8621 165
8622 107
8623 125
8624 75
8625 105
8626 153
8627 136
8628 75
8629 78
8630 155
8631 78
8632 100
8633 102
8634 110
8635 146
8636 97
8637 127
8638 143
8639 95
8640 88
8641 157
8642 107
8643 106
8644 124
8645 119
8646 102
8647 156
8648 80
8649 145
8650 112
8651 101
8652 121
8653 86
8654 121
8655 134
8656 153
8657 148
8658 111
8659 151
8660 60
8661 104
8662 100
8663 135
8664 154
8665 80
8666 121
8667 155
8668 126
8669 69
8670 88
8671 95
8672 132
8673 97
8674 143
8675 114
8676 151
8677 98
8678 142
8679 76
8680 161
8681 149
8682 86
8683 119
8684 90
8685 164
8686 64
8687 117
8688 98
8689 139
8690 156
8691 93
8692 97
8693 123
8694 105
8695 102
8696 141
8697 75
8698 98
8699 79
8700 130
8701 122
8702 114
8703 138
8704 102
8705 127
8706 80
8707 86
8708 157
8709 78
8710 153
8711 104
8712 97
8713 108
8714 77
8715 73
8716 129
8717 146
8718 104
8719 123
8720 68
8721 142
8722 152
8723 112
8724 110
8725 115
8726 162
8727 146
8728 89
8729 84
8730 142
8731 91
8732 142
8733 108
8734 120
8735 151
8736 94
8737 132
8738 90
8739 148
8740 144
8741 83
8742 154
8743 55
8744 102
8745 97
8746 95
8747 135
8748 140
8749 100
8750 92
8751 96
8752 102
8753 117
8754 86
8755 138
8756 146
8757 100
8758 95
8759 155
8760 71
8761 90
8762 73
8763 102
8764 143
8765 81
8766 145
8767 110
8768 91
8769 143
8770 139
8771 94
8772 79
8773 127
8774 153
8775 149
8776 149
8777 74
8778 103
8779 103
8780 105
8781 122
8782 135
8783 112
8784 90
8785 138
8786 104
8787 106
8788 120
8789 84
8790 74
8791 161
8792 147
8793 84
8794 100
8795 120
8796 123
8797 79
8798 147
8799 113
8800 144
8801 140
8802 114
8803 94
8804 134
8805 109
8806 137
8807 69
8808 159
8809 84
8810 101
8811 114
8812 112
8813 155
8814 85
8815 105
8816 102
8817 97
8818 135
8819 72
8820 146
8821 142
8822 145
8823 93
8824 88
8825 87
8826 137
8827 148
8828 72
8829 102
8830 91
8831 88
8832 116
8833 132
8834 97
8835 150
8836 69
8837 97
8838 87
8839 152
8840 74
8841 106
8842 141
8843 86
8844 147
8845 101
8846 132
8847 153
8848 129
8849 81
8850 131
8851 127
8852 124
8853 94
8854 150
8855 127
8856 72
8857 73
8858 81
8859 103
8860 146
8861 117
8862 144
8863 87
8864 103
8865 106
8866 134
8867 67
8868 112
8869 72
8870 73
8871 118
8872 85
8873 146
8874 106
8875 89
8876 112
8877 85
8878 72
8879 81
8880 76
8881 145
8882 73
8883 91
8884 84
8885 126
8886 96
8887 147
8888 136
8889 126
8890 154
8891 80
8892 103
8893 102
8894 110
8895 80
8896 120
8897 103
8898 99
8899 141
8900 84
8901 129
8902 96
8903 142
8904 97
8905 134
8906 88
8907 96
8908 73
8909 165
8910 148
8911 90
8912 88
8913 157
8914 87
8915 72
8916 165
8917 96
8918 83
8919 135
8920 150
8921 145
8922 96
8923 132
8924 104
8925 126
8926 130
8927 57
8928 102
8929 98
8930 68
8931 153
8932 89
8933 105
8934 93
8935 139
8936 107
8937 174
8938 74
8939 109
8940 157
8941 81
8942 88
8943 112
8944 79
8945 154
8946 106
8947 81
8948 105
8949 155
8950 147
8951 79
8952 105
8953 108
8954 145
8955 155
8956 103
8957 154
8958 139
8959 87
8960 130
8961 90
8962 109
8963 89
8964 157
8965 77
8966 124
8967 92
8968 50
8969 128
8970 128
8971 89
8972 126
8973 70
8974 146
8975 100
8976 104
8977 119
8978 179
8979 93
8980 123
8981 137
8982 99
8983 140
8984 154
8985 78
8986 156
8987 158
8988 109
8989 157
8990 129
8991 134
8992 99
8993 107
8994 142
8995 122
8996 107
8997 91
8998 71
8999 108
9000 168
9001 99
9002 95
9003 87
9004 141
9005 64
9006 127
9007 97
9008 151
9009 121
9010 111
9011 71
9012 142
9013 106
9014 104
9015 137
9016 128
9017 98
9018 115
9019 144
9020 142
9021 145
9022 132
9023 91
9024 109
9025 98
9026 76
9027 114
9028 126
9029 99
9030 124
9031 158
9032 84
9033 100
9034 112
9035 155
9036 87
9037 141
9038 114
9039 91
9040 99
9041 143
9042 91
9043 151
9044 129
9045 88
9046 153
9047 108
9048 109
9049 103
9050 72
9051 123
9052 86
9053 137
9054 114
9055 77
9056 131
9057 107
9058 151
9059 84
9060 136
9061 101
9062 137
9063 99
9064 99
9065 119
9066 118
9067 143
9068 77
9069 136
9070 77
9071 155
9072 105
9073 91
9074 151
9075 103
9076 104
9077 142
9078 100
9079 123
9080 68
9081 97
9082 99
9083 116
9084 107
9085 141
9086 73
9087 82
9088 107
9089 160
9090 151
9091 78
9092 103
9093 69
9094 154
9095 98
9096 89
9097 94
9098 128
9099 150
9100 154
9101 68
9102 148
9103 139
9104 88
9105 119
9106 144
9107 135
9108 133
9109 81
9110 95
9111 146
9112 123
9113 97
9114 101
9115 140
9116 83
9117 122
9118 92
9119 130
9120 151
9121 80
9122 100
9123 151
9124 100
9125 100
9126 138
9127 70
9128 152
9129 87
9130 114
9131 101
9132 152
9133 107
9134 163
9135 101
9136 78
9137 87
9138 118
9139 97
9140 128
9141 125
9142 104
9143 111
9144 104
9145 133
9146 137
9147 96
9148 90
9149 135
9150 95
9151 133
9152 106
9153 117
9154 85
9155 128
9156 98
9157 103
9158 149
9159 159
9160 141
9161 143
9162 146
9163 81
9164 93
9165 170
9166 85
9167 145
9168 101
9169 87
9170 103
9171 70
9172 105
9173 158
9174 151
9175 138
9176 80
9177 99
9178 138
9179 157
9180 119
9181 102
9182 84
9183 87
9184 105
9185 141
9186 146
9187 153
9188 102
9189 72
9190 89
9191 106
9192 155
9193 104
9194 96
9195 139
9196 89
9197 94
9198 95
9199 157
9200 127
9201 104
9202 81
9203 73
9204 123
9205 111
9206 167
9207 137
9208 106
9209 109
9210 115
9211 165
9212 132
9213 90
9214 104
9215 150
9216 140
9217 107
9218 97
9219 114
9220 154
9221 130
9222 78
9223 86
9224 104
9225 161
9226 130
9227 81
9228 95
9229 126
9230 103
9231 158
9232 134
9233 75
9234 131
9235 84
9236 148
9237 150
9238 93
9239 95
9240 128
9241 68
9242 128
9243 71
9244 101
9245 101
9246 86
9247 112
9248 125
9249 111
9250 71
9251 146
9252 98
9253 75
9254 94
9255 134
9256 106
9257 143
9258 147
9259 96
9260 72
9261 156
9262 159
9263 107
9264 127
9265 164
9266 77
9267 106
9268 94
9269 112
9270 100
9271 146
9272 85
9273 163
9274 171
9275 112
9276 90
9277 130
9278 141
9279 147
9280 70
9281 109
9282 157
9283 133
9284 126
9285 128
9286 125
9287 155
9288 81
9289 117
9290 104
9291 105
9292 170
9293 97
9294 104
9295 157
9296 102
9297 144
9298 109
9299 177
9300 117
9301 124
9302 114
9303 74
9304 76
9305 74
9306 96
9307 94
9308 95
9309 96
9310 118
9311 152
9312 96
9313 159
9314 96
9315 100
9316 91
9317 142
9318 96
9319 126
9320 85
9321 129
9322 94
9323 142
9324 113
9325 111
9326 149
9327 157
9328 117
9329 108
9330 92
9331 163
9332 163
9333 99
9334 85
9335 151
9336 101
9337 125
9338 89
9339 108
9340 69
9341 97
9342 165
9343 77
9344 160
9345 112
9346 162
9347 119
9348 155
9349 108
9350 139
9351 73
9352 118
9353 162
9354 94
9355 62
9356 94
9357 148
9358 147
9359 121
9360 96
9361 99
9362 150
9363 90
9364 151
9365 149
9366 72
9367 107
9368 141
9369 105
9370 95
9371 71
9372 100
9373 94
9374 166
9375 152
9376 84
9377 90
9378 147
9379 147
9380 92
9381 121
9382 89
9383 119
9384 171
9385 98
9386 164
9387 148
9388 82
9389 150
9390 158
9391 74
9392 151
9393 103
9394 88
9395 108
9396 90
9397 87
9398 161
9399 88
9400 79
9401 149
9402 128
9403 95
9404 114
9405 119
9406 151
9407 80
9408 111
9409 87
9410 168
9411 148
9412 90
9413 114
9414 138
9415 109
9416 144
9417 127
9418 93
9419 156
9420 86
9421 105
9422 76
9423 105
9424 128
9425 128
9426 78
9427 172
9428 158
9429 113
9430 102
9431 167
9432 156
9433 87
9434 99
9435 88
9436 100
9437 90
9438 145
9439 101
9440 100
9441 126
9442 91
9443 158
9444 113
9445 148
9446 108
9447 161
9448 117
9449 90
9450 112
9451 107
9452 148
9453 109
9454 160
9455 156
9456 102
9457 98
9458 88
9459 70
9460 154
9461 129
9462 67
9463 132
9464 93
9465 106
9466 149
9467 155
9468 130
9469 146
9470 149
9471 75
9472 166
9473 158
9474 103
9475 123
9476 87
9477 133
9478 139
9479 80
9480 84
9481 103
9482 102
9483 119
9484 152
9485 100
9486 171
9487 156
9488 157
9489 83
9490 152
9491 107
9492 106
9493 129
9494 96
9495 166
9496 68
9497 151
9498 98
9499 131
9500 97
9501 95
9502 159
9503 109
9504 134
9505 146
9506 95
9507 138
9508 120
9509 121
9510 172
9511 91
9512 160
9513 140
9514 96
9515 107
9516 137
9517 131
9518 106
9519 159
9520 95
9521 147
9522 153
9523 74
9524 92
9525 105
9526 134
9527 81
9528 123
9529 158
9530 108
9531 114
9532 90
9533 140
9534 122
9535 111
9536 100
9537 120
9538 170
9539 80
9540 104
9541 98
9542 99
9543 121
9544 100
9545 109
9546 104
9547 156
9548 106
9549 135
9550 84
9551 107
9552 104
9553 166
9554 76
9555 104
9556 110
9557 95
9558 117
9559 165
9560 117
9561 70
9562 101
9563 95
9564 147
9565 146
9566 90
9567 131
9568 154
9569 89
9570 112
9571 125
9572 166
9573 103
9574 76
9575 140
9576 116
9577 114
9578 88
9579 143
9580 134
9581 86
9582 81
9583 86
9584 106
9585 95
9586 105
9587 146
9588 149
9589 67
9590 118
9591 151
9592 58
9593 101
9594 166
9595 173
9596 135
9597 86
9598 105
9599 163
9600 152
9601 87
9602 133
9603 106
9604 156
9605 93
9606 98
9607 154
9608 97
9609 85
9610 104
9611 106
9612 124
9613 114
9614 83
9615 87
9616 168
9617 112
9618 152
9619 97
9620 109
9621 117
9622 161
9623 134
9624 112
9625 149
9626 91
9627 100
9628 108
9629 101
9630 152
9631 104
9632 140
9633 81
9634 122
9635 141
9636 84
9637 144
9638 90
9639 165
9640 74
9641 147
9642 67
9643 116
9644 171
9645 81
9646 155
9647 97
9648 144
9649 102
9650 97
9651 133
9652 169
9653 72
9654 96
9655 163
9656 133
9657 145
9658 83
9659 128
9660 156
9661 119
9662 173
9663 163
9664 165
9665 123
9666 77
9667 129
9668 121
9669 166
9670 102
9671 69
9672 103
9673 92
9674 146
9675 136
9676 163
9677 120
9678 123
9679 98
9680 101
9681 90
9682 122
9683 92
9684 147
9685 87
9686 114
9687 111
9688 149
9689 84
9690 100
9691 170
9692 113
9693 92
9694 126
9695 123
9696 68
9697 126
9698 162
9699 155
9700 85
9701 96
9702 119
9703 95
9704 125
9705 80
9706 91
9707 98
9708 161
9709 90
9710 107
9711 136
9712 151
9713 94
9714 155
9715 97
9716 110
9717 148
9718 160
9719 156
9720 126
9721 122
9722 165
9723 110
9724 101
9725 102
9726 156
9727 120
9728 156
9729 74
9730 98
9731 161
9732 88
9733 134
9734 71
9735 109
9736 152
9737 112
9738 172
9739 98
9740 112
9741 158
9742 106
9743 133
9744 153
9745 98
9746 128
9747 166
9748 109
9749 163
9750 104
9751 140
9752 84
9753 118
9754 107
9755 155
9756 133
9757 146
9758 88
9759 99
9760 113
9761 157
9762 180
9763 142
9764 83
9765 144
9766 145
9767 82
9768 95
9769 88
9770 158
9771 71
9772 97
9773 141
9774 67
9775 121
9776 148
9777 110
9778 126
9779 64
9780 154
9781 67
9782 101
9783 167
9784 118
9785 74
9786 119
9787 145
9788 115
9789 159
9790 106
9791 77
9792 134
9793 92
9794 125
9795 105
9796 96
9797 151
9798 148
9799 92
9800 157
9801 163
9802 99
9803 142
9804 83
9805 83
9806 159
9807 100
9808 96
9809 162
9810 85
9811 124
9812 71
9813 159
9814 101
9815 152
9816 94
9817 169
9818 161
9819 115
9820 113
9821 107
9822 134
9823 154
9824 148
9825 84
9826 119
9827 106
9828 146
9829 154
9830 110
9831 119
9832 132
9833 119
9834 111
9835 92
9836 107
9837 87
9838 128
9839 153
9840 82
9841 93
9842 74
9843 91
9844 63
9845 116
9846 133
9847 127
9848 112
9849 145
9850 86
9851 159
9852 100
9853 135
9854 119
9855 149
9856 150
9857 144
9858 164
9859 97
9860 170
9861 107
9862 124
9863 109
9864 114
9865 83
9866 92
9867 77
9868 109
9869 109
9870 159
9871 77
9872 89
9873 149
9874 75
9875 142
9876 162
9877 93
9878 134
9879 93
9880 110
9881 104
9882 107
9883 98
9884 145
9885 121
9886 94
9887 121
9888 134
9889 72
9890 123
9891 122
9892 143
9893 119
9894 172
9895 82
9896 92
9897 81
9898 139
9899 166
9900 90
9901 165
9902 164
9903 130
9904 81
9905 87
9906 106
9907 92
9908 104
9909 81
9910 148
9911 121
9912 121
9913 174
9914 98
9915 104
9916 112
9917 99
9918 115
9919 103
9920 104
9921 167
9922 113
9923 144
9924 155
9925 62
9926 101
9927 148
9928 102
9929 132
9930 79
9931 129
9932 88
9933 149
9934 152
9935 159
9936 115
9937 153
9938 93
9939 91
9940 104
9941 159
9942 105
9943 110
9944 105
9945 83
9946 172
9947 127
9948 99
9949 70
9950 91
9951 105
9952 156
9953 152
9954 113
9955 106
9956 121
9957 170
9958 76
9959 88
9960 151
9961 153
9962 90
9963 119
9964 154
9965 101
9966 138
9967 119
9968 102
9969 153
9970 113
9971 149
9972 156
9973 126
9974 106
9975 93
9976 78
9977 162
9978 107
9979 183
9980 159
9981 150
9982 73
9983 121
9984 152
9985 108
9986 154
9987 69
9988 165
9989 105
9990 103
9991 91
9992 133
9993 116
9994 145
9995 92
9996 93
9997 127
9998 159
9999 161
10000 128
