
0 1
1 1
2 1
3 2
4 1
5 3
6 2
7 1
8 2
9 1
10 1
11 1
12 4
13 2
14 1
15 4
16 5
17 3
18 3
19 1
20 3
21 2
22 3
23 2
24 6
25 5
26 3
27 4
28 4
29 3
30 12
31 6
32 2
33 7
34 5
35 3
36 10
37 4
38 5
39 2
40 7
41 5
42 4
43 5
44 3
45 8
46 2
47 2
48 3
49 4
50 6
51 7
52 8
53 1
54 5
55 2
56 6
57 9
58 6
59 5
60 9
61 9
62 4
63 6
64 1
65 4
66 14
67 5
68 4
69 12
70 3
71 11
72 12
73 1
74 4
75 8
76 6
77 7
78 4
79 6
80 7
81 12
82 5
83 6
84 8
85 8
86 3
87 13
88 3
89 3
90 8
91 5
92 6
93 6
94 6
95 4
96 21
97 4
98 5
99 5
100 2
101 8
102 9
103 2
104 3
105 12
106 9
107 6
108 8
109 4
110 7
111 11
112 4
113 8
114 3
115 9
116 6
117 11
118 3
119 4
120 9
121 10
122 7
123 6
124 4
125 3
126 10
127 4
128 2
129 7
130 2
131 6
132 7
133 5
134 9
135 10
136 5
137 4
138 4
139 4
140 5
141 11
142 8
143 6
144 12
145 3
146 5
147 13
148 7
149 5
150 16
151 13
152 5
153 9
154 2
155 8
156 10
157 4
158 5
159 9
160 10
161 10
162 7
163 2
164 6
165 7
166 6
167 5
168 6
169 7
170 6
171 17
172 8
173 8
174 3
175 5
176 8
177 7
178 5
179 6
180 10
181 7
182 5
183 8
184 1
185 6
186 17
187 10
188 7
189 10
190 3
191 5
192 10
193 4
194 4
195 13
196 10
197 8
198 9
199 6
200 6
201 16
202 5
203 3
204 10
205 10
206 6
207 10
208 3
209 8
210 10
211 10
212 12
213 4
214 5
215 9
216 11
217 7
218 6
219 7
220 6
221 8
222 12
223 10
224 7
225 13
226 6
227 4
228 7
229 3
230 6
231 8
232 10
233 4
234 9
235 3
236 9
237 15
238 7
239 4
240 8
241 12
242 4
243 6
244 1
245 9
246 9
247 5
248 6
249 10
250 10
251 4
252 12
253 2
254 7
255 11
256 8
257 6
258 11
259 6
260 4
261 15
262 1
263 3
264 9
265 6
266 9
267 10
268 6
269 8
270 8
271 7
272 4
273 7
274 2
275 5
276 12
277 16
278 4
279 8
280 7
281 13
282 11
283 5
284 3
285 8
286 12
287 8
288 9
289 1
290 8
291 16
292 4
293 7
294 8
295 6
296 9
297 11
298 4
299 3
300 12
301 5
302 3
303 9
304 12
305 9
306 12
307 3
308 4
309 10
310 6
311 5
312 13
313 10
314 3
315 17
316 7
317 3
318 4
319 5
320 3
321 19
322 6
323 3
324 14
325 4
326 11
327 17
328 7
329 4
330 9
331 16
332 5
333 8
334 5
335 7
336 11
337 6
338 8
339 8
340 8
341 9
342 16
343 3
344 7
345 6
346 6
347 8
348 12
349 11
350 4
351 11
352 2
353 6
354 8
355 12
356 4
357 9
358 5
359 4
360 11
361 7
362 7
363 4
364 3
365 12
366 15
367 10
368 6
369 10
370 3
371 6
372 10
373 3
374 5
375 16
376 13
377 6
378 10
379 5
380 7
381 25
382 5
383 9
384 6
385 8
386 8
387 9
388 7
389 2
390 7
391 8
392 7
393 15
394 9
395 6
396 21
397 2
398 11
399 7
400 9
401 8
402 16
403 7
404 2
405 19
406 9
407 9
408 10
409 6
410 8
411 13
412 13
413 9
414 5
415 4
416 7
417 12
418 5
419 9
420 15
421 15
422 9
423 10
424 3
425 6
426 17
427 4
428 6
429 13
430 10
431 7
432 15
433 10
434 6
435 8
436 8
437 8
438 9
439 9
440 6
441 8
442 1
443 6
444 8
445 9
446 11
447 11
448 8
449 6
450 11
451 7
452 9
453 8
454 7
455 6
456 14
457 13
458 6
459 15
460 4
461 5
462 8
463 5
464 5
465 17
466 15
467 8
468 13
469 4
470 11
471 21
472 6
473 9
474 7
475 10
476 8
477 9
478 2
479 4
480 14
481 10
482 3
483 12
484 8
485 6
486 17
487 8
488 4
489 8
490 4
491 9
492 12
493 10
494 7
495 15
496 12
497 5
498 13
499 4
500 10
501 20
502 5
503 3
504 7
505 3
506 7
507 11
508 3
509 8
510 19
511 17
512 11
513 9
514 4
515 10
516 21
517 4
518 3
519 6
520 19
521 15
522 10
523 7
524 5
525 12
526 11
527 5
528 8
529 8
530 12
531 22
532 3
533 6
534 7
535 5
536 11
537 13
538 8
539 6
540 14
541 10
542 7
543 11
544 5
545 5
546 16
547 16
548 3
549 12
550 8
551 11
552 17
553 5
554 3
555 11
556 16
557 4
558 10
559 3
560 12
561 14
562 9
563 11
564 10
565 8
566 10
567 8
568 8
569 7
570 17
571 9
572 5
573 13
574 8
575 8
576 23
577 8
578 6
579 10
580 10
581 12
582 8
583 8
584 4
585 17
586 7
587 10
588 14
589 10
590 8
591 21
592 10
593 5
594 7
595 4
596 13
597 7
598 4
599 9
600 21
601 24
602 6
603 7
604 5
605 8
606 16
607 7
608 9
609 11
610 13
611 8
612 11
613 5
614 3
615 18
616 1
617 11
618 12
619 9
620 6
621 15
622 2
623 13
624 13
625 12
626 12
627 13
628 18
629 4
630 16
631 5
632 9
633 7
634 8
635 11
636 19
637 5
638 8
639 12
640 5
641 10
642 9
643 4
644 8
645 13
646 27
647 6
648 11
649 3
650 3
651 12
652 3
653 3
654 18
655 20
656 9
657 15
658 4
659 7
660 17
661 13
662 4
663 9
664 1
665 9
666 18
667 10
668 7
669 9
670 6
671 12
672 9
673 10
674 4
675 6
676 11
677 9
678 9
679 6
680 16
681 12
682 12
683 7
684 13
685 6
686 7
687 6
688 3
689 2
690 20
691 15
692 8
693 14
694 9
695 9
696 27
697 3
698 7
699 7
700 14
701 15
702 11
703 4
704 6
705 17
706 8
707 4
708 9
709 9
710 10
711 19
712 5
713 7
714 10
715 7
716 13
717 12
718 15
719 10
720 16
721 9
722 7
723 14
724 3
725 13
726 10
727 10
728 6
729 10
730 6
731 16
732 8
733 10
734 6
735 12
736 17
737 7
738 13
739 5
740 14
741 27
742 5
743 8
744 9
745 12
746 13
747 20
748 3
749 1
750 19
751 7
752 5
753 6
754 11
755 7
756 18
757 2
758 5
759 10
760 8
761 11
762 10
763 16
764 9
765 13
766 5
767 8
768 16
769 12
770 10
771 39
772 13
773 10
774 14
775 8
776 7
777 11
778 9
779 4
780 18
781 8
782 6
783 14
784 11
785 6
786 19
787 6
788 4
789 13
790 18
791 8
792 14
793 3
794 10
795 13
796 19
797 12
798 7
799 12
800 8
801 20
802 4
803 4
804 11
805 3
806 12
807 16
808 12
809 12
810 15
811 10
812 7
813 14
814 3
815 9
816 18
817 12
818 6
819 7
820 8
821 10
822 13
823 11
824 6
825 14
826 13
827 10
828 13
829 3
830 10
831 16
832 4
833 5
834 11
835 12
836 17
837 11
838 2
839 10
840 13
841 9
842 14
843 10
844 12
845 7
846 20
847 4
848 7
849 10
850 6
851 8
852 13
853 10
854 3
855 15
856 9
857 4
858 7
859 9
860 9
861 17
862 9
863 3
864 11
865 10
866 17
867 9
868 7
869 6
870 14
871 37
872 8
873 9
874 4
875 13
876 24
877 9
878 6
879 7
880 8
881 9
882 9
883 8
884 3
885 17
886 12
887 5
888 24
889 12
890 4
891 18
892 4
893 13
894 13
895 9
896 10
897 12
898 9
899 7
900 14
901 13
902 2
903 10
904 10
905 10
906 20
907 7
908 8
909 10
910 4
911 13
912 17
913 7
914 11
915 16
916 16
917 7
918 12
919 7
920 7
921 25
922 4
923 6
924 13
925 19
926 12
927 17
928 7
929 11
930 16
931 6
932 10
933 14
934 4
935 6
936 18
937 4
938 11
939 14
940 9
941 7
942 16
943 8
944 4
945 13
946 9
947 10
948 13
949 7
950 10
951 25
952 13
953 11
954 14
955 7
956 13
957 14
958 8
959 11
960 16
961 14
962 7
963 9
964 3
965 10
966 26
967 7
968 6
969 10
970 15
971 19
972 17
973 6
974 5
975 13
976 12
977 8
978 10
979 14
980 3
981 16
982 6
983 1
984 14
985 7
986 12
987 12
988 7
989 6
990 14
991 12
992 13
993 17
994 7
995 19
996 24
997 12
998 13
999 17
1000 6
1001 10
1002 15
1003 5
1004 7
1005 20
1006 23
1007 6
1008 11
1009 4
1010 7
1011 20
1012 7
1013 11
1014 9
1015 8
1016 13
1017 16
1018 7
1019 8
1020 13
1021 15
1022 10
1023 12
1024 17
1025 17
1026 15
1027 10
1028 6
1029 10
1030 6
1031 12
1032 12
1033 7
1034 10
1035 18
1036 8
1037 16
1038 11
1039 7
1040 7
1041 19
1042 13
1043 8
1044 19
1045 2
1046 20
1047 15
1048 7
1049 8
1050 12
1051 16
1052 7
1053 11
1054 7
1055 13
1056 25
1057 9
1058 5
1059 18
1060 15
1061 14
1062 14
1063 5
1064 9
1065 21
1066 9
1067 9
1068 9
1069 8
1070 15
1071 26
1072 6
1073 10
1074 6
1075 8
1076 14
1077 7
1078 5
1079 9
1080 12
1081 8
1082 8
1083 16
1084 5
1085 11
1086 24
1087 18
1088 5
1089 11
1090 9
1091 16
1092 10
1093 10
1094 9
1095 17
1096 24
1097 10
1098 10
1099 2
1100 11
1101 16
1102 4
1103 10
1104 10
1105 15
1106 11
1107 7
1108 6
1109 8
1110 11
1111 14
1112 9
1113 13
1114 14
1115 8
1116 17
1117 7
1118 5
1119 16
1120 8
1121 16
1122 17
1123 8
1124 12
1125 13
1126 3
1127 6
1128 10
1129 5
1130 10
1131 21
1132 10
1133 10
1134 9
1135 9
1136 13
1137 14
1138 3
1139 8
1140 20
1141 23
1142 17
1143 5
1144 5
1145 7
1146 23
1147 10
1148 7
1149 9
1150 9
1151 11
1152 19
1153 4
1154 6
1155 10
1156 8
1157 6
1158 16
1159 4
1160 14
1161 27
1162 3
1163 9
1164 9
1165 6
1166 11
1167 20
1168 10
1169 9
1170 17
1171 14
1172 6
1173 11
1174 10
1175 10
1176 19
1177 9
1178 6
1179 17
1180 8
1181 12
1182 14
1183 4
1184 10
1185 9
1186 15
1187 14
1188 7
1189 4
1190 8
1191 16
1192 9
1193 10
1194 11
1195 11
1196 11
1197 13
1198 8
1199 11
1200 25
1201 10
1202 8
1203 19
1204 11
1205 7
1206 20
1207 6
1208 7
1209 13
1210 9
1211 12
1212 26
1213 17
1214 10
1215 17
1216 7
1217 6
1218 14
1219 7
1220 6
1221 23
1222 18
1223 14
1224 13
1225 9
1226 18
1227 17
1228 1
1229 8
1230 17
1231 12
1232 10
1233 17
1234 10
1235 11
1236 20
1237 9
1238 6
1239 16
1240 9
1241 11
1242 10
1243 6
1244 11
1245 17
1246 7
1247 14
1248 13
1249 9
1250 19
1251 28
1252 8
1253 4
1254 6
1255 11
1256 12
1257 17
1258 5
1259 6
1260 12
1261 7
1262 10
1263 13
1264 8
1265 13
1266 15
1267 12
1268 5
1269 9
1270 5
1271 24
1272 10
1273 9
1274 6
1275 10
1276 18
1277 8
1278 15
1279 4
1280 11
1281 13
1282 8
1283 3
1284 15
1285 15
1286 3
1287 13
1288 3
1289 10
1290 24
1291 15
1292 10
1293 16
1294 10
1295 7
1296 23
1297 4
1298 5
1299 17
1300 7
1301 16
1302 13
1303 18
1304 8
1305 14
1306 12
1307 6
1308 18
1309 5
1310 5
1311 18
1312 6
1313 3
1314 17
1315 6
1316 12
1317 19
1318 4
1319 6
1320 13
1321 20
1322 11
1323 13
1324 7
1325 7
1326 27
1327 8
1328 10
1329 20
1330 21
1331 16
1332 18
1333 7
1334 4
1335 11
1336 15
1337 6
1338 11
1339 13
1340 18
1341 19
1342 3
1343 5
1344 3
1345 10
1346 13
1347 18
1348 18
1349 10
1350 12
1351 8
1352 8
1353 8
1354 8
1355 9
1356 23
1357 25
1358 6
1359 20
1360 7
1361 12
1362 9
1363 5
1364 7
1365 20
1366 22
1367 15
1368 13
1369 8
1370 9
1371 27
1372 5
1373 6
1374 7
1375 9
1376 15
1377 19
1378 2
1379 2
1380 19
1381 10
1382 10
1383 13
1384 13
1385 11
1386 16
1387 7
1388 7
1389 14
1390 7
1391 14
1392 11
1393 5
1394 11
1395 17
1396 11
1397 10
1398 23
1399 6
1400 6
1401 22
1402 13
1403 4
1404 16
1405 6
1406 10
1407 11
1408 11
1409 10
1410 16
1411 19
1412 3
1413 18
1414 6
1415 9
1416 21
1417 6
1418 9
1419 18
1420 17
1421 19
1422 20
1423 6
1424 9
1425 21
1426 5
1427 13
1428 13
1429 19
1430 12
1431 19
1432 4
1433 14
1434 19
1435 6
1436 17
1437 10
1438 18
1439 9
1440 21
1441 10
1442 3
1443 10
1444 6
1445 11
1446 29
1447 16
1448 4
1449 10
1450 8
1451 10
1452 15
1453 10
1454 9
1455 23
1456 15
1457 9
1458 11
1459 13
1460 12
1461 21
1462 7
1463 12
1464 16
1465 15
1466 8
1467 11
1468 6
1469 4
1470 8
1471 13
1472 6
1473 15
1474 10
1475 15
1476 26
1477 3
1478 6
1479 15
1480 4
1481 12
1482 15
1483 11
1484 6
1485 19
1486 16
1487 10
1488 17
1489 5
1490 10
1491 9
1492 13
1493 7
1494 10
1495 7
1496 17
1497 18
1498 4
1499 14
1500 16
1501 12
1502 7
1503 10
1504 3
1505 11
1506 18
1507 8
1508 8
1509 21
1510 11
1511 13
1512 31
1513 8
1514 5
1515 26
1516 13
1517 6
1518 10
1519 7
1520 12
1521 30
1522 3
1523 12
1524 14
1525 10
1526 10
1527 21
1528 17
1529 10
1530 18
1531 10
1532 6
1533 9
1534 4
1535 13
1536 17
1537 14
1538 13
1539 10
1540 6
1541 11
1542 16
1543 4
1544 10
1545 17
1546 28
1547 8
1548 12
1549 7
1550 13
1551 25
1552 4
1553 6
1554 14
1555 15
1556 17
1557 13
1558 6
1559 14
1560 13
1561 13
1562 8
1563 11
1564 16
1565 7
1566 24
1567 9
1568 10
1569 15
1570 8
1571 13
1572 17
1573 11
1574 9
1575 12
1576 13
1577 8
1578 12
1579 12
1580 13
1581 24
1582 7
1583 16
1584 16
1585 8
1586 10
1587 11
1588 6
1589 7
1590 23
1591 17
1592 8
1593 14
1594 2
1595 9
1596 22
1597 9
1598 12
1599 8
1600 16
1601 11
1602 18
1603 6
1604 6
1605 9
1606 15
1607 13
1608 9
1609 15
1610 5
1611 21
1612 7
1613 8
1614 9
1615 9
1616 10
1617 14
1618 19
1619 8
1620 12
1621 17
1622 12
1623 10
1624 9
1625 7
1626 27
1627 13
1628 6
1629 12
1630 6
1631 13
1632 12
1633 5
1634 7
1635 20
1636 17
1637 6
1638 19
1639 5
1640 9
1641 25
1642 13
1643 9
1644 9
1645 14
1646 19
1647 15
1648 6
1649 10
1650 10
1651 8
1652 9
1653 14
1654 13
1655 13
1656 18
1657 4
1658 8
1659 17
1660 8
1661 19
1662 8
1663 5
1664 12
1665 13
1666 2
1667 10
1668 21
1669 11
1670 12
1671 24
1672 8
1673 9
1674 13
1675 7
1676 13
1677 20
1678 10
1679 2
1680 21
1681 28
1682 7
1683 21
1684 8
1685 13
1686 17
1687 6
1688 10
1689 14
1690 15
1691 12
1692 12
1693 5
1694 11
1695 15
1696 17
1697 11
1698 11
1699 13
1700 8
1701 12
1702 4
1703 5
1704 13
1705 5
1706 11
1707 22
1708 19
1709 12
1710 15
1711 11
1712 13
1713 15
1714 8
1715 4
1716 23
1717 11
1718 6
1719 19
1720 4
1721 12
1722 8
1723 7
1724 9
1725 17
1726 13
1727 13
1728 20
1729 2
1730 19
1731 17
1732 6
1733 10
1734 19
1735 17
1736 8
1737 15
1738 4
1739 10
1740 20
1741 14
1742 5
1743 9
1744 11
1745 8
1746 33
1747 3
1748 5
1749 11
1750 4
1751 15
1752 21
1753 7
1754 10
1755 13
1756 9
1757 11
1758 15
1759 16
1760 4
1761 23
1762 18
1763 8
1764 16
1765 7
1766 13
1767 13
1768 7
1769 11
1770 18
1771 18
1772 16
1773 15
1774 5
1775 7
1776 23
1777 7
1778 6
1779 7
1780 14
1781 8
1782 11
1783 8
1784 13
1785 25
1786 15
1787 11
1788 10
1789 14
1790 13
1791 21
1792 8
1793 9
1794 22
1795 12
1796 24
1797 22
1798 12
1799 6
1800 13
1801 9
1802 6
1803 16
1804 7
1805 10
1806 23
1807 14
1808 8
1809 13
1810 5
1811 15
1812 14
1813 7
1814 13
1815 12
1816 28
1817 8
1818 10
1819 1
1820 5
1821 40
1822 8
1823 7
1824 16
1825 10
1826 10
1827 13
1828 5
1829 8
1830 15
1831 13
1832 10
1833 17
1834 4
1835 11
1836 22
1837 6
1838 7
1839 17
1840 8
1841 16
1842 20
1843 19
1844 7
1845 17
1846 9
1847 7
1848 11
1849 9
1850 17
1851 20
1852 15
1853 10
1854 21
1855 8
1856 12
1857 14
1858 9
1859 12
1860 14
1861 16
1862 10
1863 19
1864 8
1865 11
1866 21
1867 7
1868 5
1869 10
1870 15
1871 16
1872 13
1873 5
1874 8
1875 20
1876 7
1877 9
1878 14
1879 5
1880 9
1881 19
1882 9
1883 8
1884 15
1885 3
1886 15
1887 16
1888 15
1889 11
1890 17
1891 9
1892 11
1893 15
1894 14
1895 10
1896 37
1897 19
1898 12
1899 12
1900 8
1901 17
1902 17
1903 8
1904 8
1905 14
1906 27
1907 10
1908 12
1909 4
1910 5
1911 16
1912 8
1913 12
1914 17
1915 24
1916 8
1917 18
1918 5
1919 12
1920 19
1921 18
1922 10
1923 12
1924 7
1925 9
1926 19
1927 8
1928 11
1929 14
1930 16
1931 12
1932 11
1933 10
1934 12
1935 20
1936 8
1937 8
1938 15
1939 6
1940 11
1941 22
1942 16
1943 10
1944 17
1945 5
1946 20
1947 21
1948 9
1949 7
1950 17
1951 20
1952 9
1953 14
1954 7
1955 5
1956 21
1957 5
1958 12
1959 18
1960 13
1961 12
1962 10
1963 5
1964 9
1965 8
1966 10
1967 9
1968 19
1969 13
1970 11
1971 25
1972 12
1973 7
1974 16
1975 11
1976 7
1977 15
1978 10
1979 11
1980 16
1981 9
1982 13
1983 11
1984 8
1985 10
1986 25
1987 12
1988 4
1989 9
1990 7
1991 11
1992 19
1993 15
1994 11
1995 15
1996 24
1997 13
1998 10
1999 3
2000 5
2001 9
2002 12
2003 11
2004 13
2005 21
2006 18
2007 13
2008 5
2009 7
2010 16
2011 11
2012 9
2013 15
2014 16
2015 18
2016 15
2017 7
2018 6
2019 18
2020 9
2021 22
2022 8
2023 8
2024 8
2025 17
2026 10
2027 10
2028 12
2029 7
2030 10
2031 22
2032 26
2033 8
2034 26
2035 9
2036 8
2037 11
2038 8
2039 5
2040 13
2041 19
2042 11
2043 17
2044 7
2045 12
2046 33
2047 8
2048 13
2049 20
2050 8
2051 20
2052 13
2053 7
2054 3
2055 17
2056 6
2057 4
2058 18
2059 10
2060 11
2061 20
2062 10
2063 3
2064 12
2065 8
2066 12
2067 19
2068 5
2069 11
2070 12
2071 17
2072 5
2073 13
2074 13
2075 8
2076 19
2077 12
2078 8
2079 14
2080 4
2081 13
2082 15
2083 5
2084 11
2085 16
2086 16
2087 10
2088 14
2089 3
2090 13
2091 15
2092 8
2093 7
2094 16
2095 16
2096 20
2097 18
2098 6
2099 6
2100 14
2101 14
2102 12
2103 20
2104 13
2105 8
2106 16
2107 3
2108 9
2109 16
2110 15
2111 14
2112 16
2113 18
2114 5
2115 18
2116 6
2117 11
2118 19
2119 6
2120 12
2121 19
2122 8
2123 7
2124 19
2125 8
2126 16
2127 14
2128 5
2129 10
2130 9
2131 19
2132 11
2133 14
2134 8
2135 6
2136 29
2137 10
2138 8
2139 13
2140 21
2141 16
2142 12
2143 10
2144 5
2145 9
2146 19
2147 8
2148 18
2149 21
2150 11
2151 17
2152 5
2153 7
2154 11
2155 9
2156 8
2157 21
2158 13
2159 14
2160 9
2161 13
2162 10
2163 18
2164 10
2165 11
2166 29
2167 11
2168 10
2169 12
2170 2
2171 17
2172 16
2173 2
2174 7
2175 33
2176 23
2177 5
2178 11
2179 9
2180 7
2181 22
2182 6
2183 6
2184 10
2185 11
2186 13
2187 16
2188 12
2189 6
2190 10
2191 5
2192 14
2193 13
2194 14
2195 10
2196 38
2197 3
2198 12
2199 15
2200 3
2201 11
2202 19
2203 4
2204 10
2205 11
2206 11
2207 11
2208 7
2209 9
2210 10
2211 21
2212 12
2213 12
2214 19
2215 6
2216 14
2217 12
2218 5
2219 6
2220 24
2221 18
2222 11
2223 14
2224 3
2225 12
2226 23
2227 12
2228 12
2229 14
2230 13
2231 11
2232 8
2233 8
2234 14
2235 20
2236 9
2237 6
2238 14
2239 17
2240 5
2241 25
2242 10
2243 5
2244 11
2245 10
2246 26
2247 19
2248 17
2249 4
2250 14
2251 16
2252 6
2253 21
2254 6
2255 5
2256 22
2257 18
2258 7
2259 16
2260 9
2261 9
2262 18
2263 9
2264 9
2265 17
2266 13
2267 12
2268 8
2269 11
2270 11
2271 26
2272 8
2273 10
2274 18
2275 20
2276 11
2277 18
2278 6
2279 18
2280 19
2281 17
2282 4
2283 16
2284 5
2285 8
2286 16
2287 3
2288 5
2289 14
2290 5
2291 17
2292 32
2293 17
2294 9
2295 18
2296 14
2297 14
2298 10
2299 8
2300 10
2301 16
2302 19
2303 2
2304 10
2305 11
2306 11
2307 14
2308 9
2309 7
2310 12
2311 23
2312 11
2313 14
2314 7
2315 14
2316 18
2317 5
2318 5
2319 10
2320 11
2321 18
2322 13
2323 3
2324 11
2325 14
2326 16
2327 11
2328 18
2329 19
2330 9
2331 19
2332 4
2333 8
2334 16
2335 9
2336 10
2337 11
2338 15
2339 4
2340 23
2341 6
2342 6
2343 17
2344 8
2345 13
2346 32
2347 9
2348 11
2349 12
2350 5
2351 13
2352 14
2353 5
2354 10
2355 15
2356 22
2357 12
2358 12
2359 9
2360 4
2361 16
2362 12
2363 12
2364 12
2365 7
2366 11
2367 18
2368 5
2369 7
2370 13
2371 18
2372 11
2373 11
2374 12
2375 9
2376 31
2377 11
2378 6
2379 15
2380 7
2381 10
2382 18
2383 12
2384 7
2385 12
2386 12
2387 9
2388 16
2389 6
2390 12
2391 22
2392 11
2393 10
2394 19
2395 7
2396 17
2397 12
2398 9
2399 7
2400 14
2401 18
2402 12
2403 15
2404 5
2405 10
2406 23
2407 8
2408 10
2409 21
2410 17
2411 21
2412 15
2413 3
2414 9
2415 9
2416 8
2417 13
2418 14
2419 10
2420 13
2421 47
2422 4
2423 15
2424 16
2425 7
2426 20
2427 11
2428 16
2429 10
2430 17
2431 9
2432 11
2433 19
2434 8
2435 7
2436 7
2437 14
2438 8
2439 20
2440 12
2441 9
2442 15
2443 12
2444 8
2445 16
2446 15
2447 10
2448 19
2449 10
2450 6
2451 23
2452 10
2453 6
2454 15
2455 12
2456 13
2457 12
2458 4
2459 11
2460 10
2461 17
2462 5
2463 10
2464 11
2465 8
2466 20
2467 5
2468 10
2469 19
2470 4
2471 18
2472 15
2473 11
2474 12
2475 10
2476 9
2477 10
2478 12
2479 12
2480 10
2481 23
2482 9
2483 9
2484 12
2485 4
2486 13
2487 25
2488 10
2489 12
2490 25
2491 23
2492 14
2493 12
2494 6
2495 7
2496 30
2497 3
2498 9
2499 12
2500 23
2501 11
2502 14
2503 1
2504 7
2505 17
2506 1
2507 10
2508 12
2509 12
2510 15
2511 30
2512 7
2513 17
2514 8
2515 11
2516 11
2517 11
2518 14
2519 5
2520 19
2521 14
2522 9
2523 17
2524 8
2525 19
2526 23
2527 9
2528 9
2529 17
2530 7
2531 13
2532 16
2533 6
2534 8
2535 25
2536 31
2537 12
2538 30
2539 5
2540 7
2541 28
2542 9
2543 8
2544 13
2545 22
2546 25
2547 23
2548 7
2549 7
2550 17
2551 10
2552 9
2553 14
2554 11
2555 6
2556 31
2557 7
2558 14
2559 15
2560 8
2561 16
2562 6
2563 7
2564 12
2565 22
2566 11
2567 9
2568 13
2569 3
2570 9
2571 34
2572 13
2573 7
2574 12
2575 9
2576 12
2577 16
2578 8
2579 7
2580 21
2581 20
2582 4
2583 12
2584 9
2585 10
2586 17
2587 13
2588 11
2589 13
2590 18
2591 15
2592 15
2593 9
2594 9
2595 15
2596 9
2597 9
2598 15
2599 14
2600 5
2601 24
2602 5
2603 17
2604 22
2605 11
2606 12
2607 17
2608 7
2609 6
2610 16
2611 5
2612 14
2613 15
2614 14
2615 9
2616 21
2617 16
2618 8
2619 13
2620 3
2621 16
2622 20
2623 5
2624 9
2625 15
2626 28
2627 9
2628 13
2629 7
2630 12
2631 20
2632 3
2633 9
2634 21
2635 10
2636 16
2637 14
2638 7
2639 9
2640 20
2641 5
2642 17
2643 24
2644 16
2645 12
2646 22
2647 7
2648 5
2649 15
2650 6
2651 18
2652 19
2653 12
2654 9
2655 14
2656 16
2657 6
2658 18
2659 8
2660 6
2661 23
2662 14
2663 13
2664 11
2665 5
2666 15
2667 7
2668 9
2669 15
2670 15
2671 30
2672 7
2673 13
2674 4
2675 17
2676 19
2677 7
2678 11
2679 13
2680 17
2681 17
2682 21
2683 6
2684 6
2685 13
2686 14
2687 11
2688 24
2689 10
2690 9
2691 14
2692 5
2693 10
2694 12
2695 10
2696 17
2697 17
2698 10
2699 7
2700 22
2701 16
2702 4
2703 14
2704 7
2705 14
2706 30
2707 20
2708 13
2709 19
2710 5
2711 7
2712 11
2713 7
2714 9
2715 21
2716 16
2717 13
2718 15
2719 2
2720 11
2721 44
2722 9
2723 14
2724 16
2725 13
2726 11
2727 14
2728 4
2729 6
2730 10
2731 15
2732 9
2733 14
2734 22
2735 7
2736 17
2737 4
2738 5
2739 10
2740 8
2741 18
2742 17
2743 16
2744 11
2745 19
2746 9
2747 10
2748 14
2749 10
2750 5
2751 27
2752 20
2753 4
2754 7
2755 7
2756 8
2757 15
2758 4
2759 10
2760 12
2761 23
2762 13
2763 18
2764 7
2765 9
2766 30
2767 12
2768 17
2769 13
2770 9
2771 20
2772 15
2773 10
2774 5
2775 19
2776 10
2777 7
2778 17
2779 11
2780 14
2781 18
2782 10
2783 12
2784 20
2785 7
2786 18
2787 18
2788 18
2789 6
2790 19
2791 14
2792 9
2793 15
2794 5
2795 6
2796 32
2797 18
2798 8
2799 21
2800 6
2801 18
2802 21
2803 4
2804 6
2805 18
2806 16
2807 10
2808 24
2809 6
2810 13
2811 26
2812 8
2813 7
2814 11
2815 21
2816 15
2817 13
2818 4
2819 16
2820 13
2821 11
2822 11
2823 11
2824 14
2825 17
2826 13
2827 8
2828 8
2829 14
2830 10
2831 19
2832 24
2833 13
2834 6
2835 17
2836 10
2837 12
2838 15
2839 9
2840 16
2841 30
2842 21
2843 10
2844 18
2845 11
2846 29
2847 16
2848 10
2849 9
2850 18
2851 27
2852 11
2853 18
2854 7
2855 7
2856 19
2857 8
2858 10
2859 13
2860 11
2861 17
2862 15
2863 10
2864 10
2865 16
2866 20
2867 9
2868 13
2869 5
2870 12
2871 22
2872 9
2873 6
2874 20
2875 8
2876 6
2877 21
2878 11
2879 7
2880 22
2881 6
2882 9
2883 11
2884 8
2885 14
2886 20
2887 10
2888 10
2889 17
2890 7
2891 8
2892 16
2893 12
2894 8
2895 19
2896 39
2897 9
2898 10
2899 4
2900 6
2901 21
2902 6
2903 15
2904 23
2905 10
2906 20
2907 20
2908 5
2909 8
2910 15
2911 5
2912 3
2913 21
2914 11
2915 9
2916 31
2917 8
2918 13
2919 7
2920 5
2921 18
2922 16
2923 24
2924 6
2925 19
2926 1
2927 11
2928 14
2929 9
2930 12
2931 17
2932 8
2933 17
2934 6
2935 6
2936 15
2937 26
2938 6
2939 7
2940 11
2941 25
2942 19
2943 12
2944 6
2945 17
2946 43
2947 4
2948 11
2949 10
2950 24
2951 15
2952 16
2953 7
2954 5
2955 17
2956 14
2957 6
2958 15
2959 10
2960 13
2961 22
2962 6
2963 6
2964 14
2965 6
2966 10
2967 11
2968 8
2969 10
2970 24
2971 16
2972 10
2973 20
2974 9
2975 9
2976 26
2977 18
2978 8
2979 19
2980 9
2981 16
2982 25
2983 8
2984 10
2985 16
2986 29
2987 13
2988 8
2989 7
2990 9
2991 25
2992 5
2993 16
2994 19
2995 11
2996 11
2997 19
2998 3
2999 7
3000 22
3001 12
3002 7
3003 11
3004 19
3005 11
3006 27
3007 4
3008 6
3009 17
3010 11
3011 14
3012 15
3013 10
3014 11
3015 21
3016 11
3017 4
3018 18
3019 8
3020 9
3021 35
3022 15
3023 10
3024 13
3025 10
3026 15
3027 18
3028 4
3029 6
3030 17
3031 27
3032 10
3033 22
3034 3
3035 8
3036 22
3037 12
3038 14
3039 12
3040 14
3041 11
3042 12
3043 6
3044 6
3045 16
3046 24
3047 10
3048 11
3049 14
3050 11
3051 22
3052 5
3053 8
3054 9
3055 2
3056 15
3057 14
3058 16
3059 14
3060 10
3061 17
3062 12
3063 21
3064 4
3065 13
3066 14
3067 15
3068 6
3069 17
3070 7
3071 24
3072 26
3073 6
3074 12
3075 15
3076 18
3077 19
3078 19
3079 9
3080 13
3081 24
3082 13
3083 9
3084 16
3085 25
3086 17
3087 15
3088 3
3089 10
3090 18
3091 8
3092 7
3093 16
3094 7
3095 14
3096 24
3097 7
3098 12
3099 16
3100 5
3101 10
3102 24
3103 17
3104 6
3105 18
3106 10
3107 13
3108 18
3109 7
3110 13
3111 19
3112 17
3113 6
3114 15
3115 1
3116 13
3117 13
3118 5
3119 11
3120 17
3121 24
3122 8
3123 14
3124 8
3125 13
3126 26
3127 12
3128 5
3129 15
3130 20
3131 12
3132 19
3133 8
3134 11
3135 16
3136 8
3137 18
3138 15
3139 19
3140 14
3141 18
3142 5
3143 9
3144 13
3145 9
3146 24
3147 17
3148 14
3149 9
3150 22
3151 11
3152 9
3153 17
3154 5
3155 9
3156 29
3157 8
3158 13
3159 7
3160 4
3161 18
3162 16
3163 1
3164 5
3165 33
3166 23
3167 6
3168 8
3169 6
3170 6
3171 29
3172 6
3173 10
3174 15
3175 7
3176 21
3177 14
3178 8
3179 10
3180 20
3181 12
3182 14
3183 10
3184 14
3185 8
3186 22
3187 8
3188 11
3189 18
3190 10
3191 21
3192 10
3193 17
3194 11
3195 15
3196 16
3197 8
3198 13
3199 2
3200 9
3201 21
3202 17
3203 14
3204 21
3205 11
3206 6
3207 17
3208 10
3209 9
3210 11
3211 12
3212 11
3213 12
3214 5
3215 17
3216 16
3217 13
3218 8
3219 13
3220 12
3221 15
3222 7
3223 6
3224 7
3225 16
3226 13
3227 15
3228 19
3229 11
3230 5
3231 26
3232 4
3233 7
3234 10
3235 8
3236 11
3237 15
3238 14
3239 9
3240 15
3241 8
3242 10
3243 6
3244 4
3245 15
3246 33
3247 19
3248 6
3249 13
3250 7
3251 20
3252 12
3253 10
3254 8
3255 18
3256 18
3257 13
3258 14
3259 6
3260 9
3261 22
3262 6
3263 7
3264 15
3265 15
3266 14
3267 16
3268 15
3269 11
3270 22
3271 15
3272 11
3273 19
3274 9
3275 8
3276 31
3277 5
3278 6
3279 21
3280 12
3281 14
3282 12
3283 10
3284 11
3285 19
3286 12
3287 8
3288 10
3289 9
3290 16
3291 35
3292 22
3293 12
3294 18
3295 12
3296 18
3297 10
3298 11
3299 11
3300 16
3301 30
3302 9
3303 13
3304 4
3305 20
3306 24
3307 7
3308 16
3309 20
3310 16
3311 13
3312 23
3313 5
3314 8
3315 22
3316 12
3317 12
3318 20
3319 13
3320 9
3321 29
3322 11
3323 8
3324 17
3325 10
3326 13
3327 22
3328 14
3329 11
3330 13
3331 12
3332 8
3333 17
3334 7
3335 17
3336 25
3337 9
3338 7
3339 12
3340 2
3341 22
3342 10
3343 8
3344 8
3345 24
3346 20
3347 13
3348 12
3349 8
3350 13
3351 18
3352 8
3353 7
3354 12
3355 24
3356 18
3357 22
3358 5
3359 4
3360 11
3361 14
3362 13
3363 15
3364 11
3365 12
3366 23
3367 7
3368 8
3369 16
3370 5
3371 26
3372 28
3373 10
3374 11
3375 15
3376 12
3377 11
3378 11
3379 10
3380 11
3381 19
3382 23
3383 11
3384 16
3385 11
3386 10
3387 9
3388 4
3389 7
3390 16
3391 25
3392 11
3393 20
3394 4
3395 9
3396 32
3397 12
3398 8
3399 9
3400 12
3401 18
3402 15
3403 4
3404 10
3405 16
3406 8
3407 12
3408 12
3409 16
3410 15
3411 17
3412 10
3413 12
3414 19
3415 7
3416 11
3417 20
3418 11
3419 11
3420 18
3421 18
3422 10
3423 25
3424 8
3425 7
3426 23
3427 16
3428 8
3429 15
3430 6
3431 20
3432 12
3433 9
3434 6
3435 23
3436 35
3437 9
3438 20
3439 6
3440 9
3441 22
3442 10
3443 10
3444 14
3445 12
3446 22
3447 21
3448 12
3449 9
3450 14
3451 5
3452 9
3453 14
3454 21
3455 11
3456 23
3457 15
3458 11
3459 12
3460 10
3461 7
3462 23
3463 11
3464 7
3465 13
3466 15
3467 13
3468 17
3469 9
3470 14
3471 18
3472 11
3473 12
3474 23
3475 7
3476 13
3477 12
3478 8
3479 3
3480 23
3481 26
3482 9
3483 9
3484 6
3485 8
3486 17
3487 8
3488 15
3489 12
3490 19
3491 14
3492 16
3493 10
3494 10
3495 12
3496 10
3497 13
3498 13
3499 17
3500 8
3501 29
3502 8
3503 8
3504 17
3505 10
3506 16
3507 18
3508 8
3509 15
3510 18
3511 11
3512 5
3513 23
3514 10
3515 13
3516 29
3517 13
3518 7
3519 10
3520 6
3521 28
3522 26
3523 10
3524 4
3525 18
3526 18
3527 12
3528 21
3529 7
3530 6
3531 19
3532 7
3533 9
3534 9
3535 10
3536 17
3537 21
3538 2
3539 7
3540 18
3541 7
3542 9
3543 24
3544 22
3545 21
3546 34
3547 6
3548 11
3549 13
3550 12
3551 13
3552 23
3553 17
3554 9
3555 24
3556 8
3557 11
3558 13
3559 10
3560 12
3561 29
3562 10
3563 7
3564 13
3565 8
3566 12
3567 23
3568 3
3569 10
3570 21
3571 33
3572 13
3573 12
3574 8
3575 8
3576 21
3577 2
3578 10
3579 17
3580 7
3581 26
3582 13
3583 8
3584 11
3585 12
3586 10
3587 7
3588 12
3589 21
3590 14
3591 19
3592 14
3593 8
3594 20
3595 12
3596 16
3597 16
3598 14
3599 11
3600 20
3601 12
3602 16
3603 12
3604 9
3605 13
3606 18
3607 18
3608 8
3609 15
3610 7
3611 16
3612 12
3613 4
3614 13
3615 19
3616 18
3617 10
3618 24
3619 9
3620 12
3621 39
3622 15
3623 9
3624 12
3625 23
3626 14
3627 13
3628 4
3629 7
3630 23
3631 16
3632 14
3633 14
3634 11
3635 8
3636 29
3637 4
3638 14
3639 17
3640 7
3641 20
3642 21
3643 11
3644 19
3645 18
3646 14
3647 3
3648 14
3649 11
3650 8
3651 31
3652 28
3653 2
3654 13
3655 8
3656 13
3657 24
3658 10
3659 11
3660 16
3661 15
3662 10
3663 16
3664 9
3665 17
3666 21
3667 4
3668 20
3669 21
3670 25
3671 21
3672 14
3673 6
3674 8
3675 20
3676 13
3677 12
3678 17
3679 21
3680 3
3681 18
3682 4
3683 13
3684 18
3685 12
3686 21
3687 14
3688 13
3689 4
3690 22
3691 13
3692 9
3693 15
3694 7
3695 10
3696 37
3697 21
3698 17
3699 15
3700 5
3701 13
3702 16
3703 6
3704 7
3705 19
3706 27
3707 11
3708 19
3709 10
3710 7
3711 26
3712 5
3713 11
3714 20
3715 23
3716 20
3717 23
3718 4
3719 12
3720 22
3721 23
3722 11
3723 22
3724 12
3725 12
3726 26
3727 7
3728 8
3729 10
3730 11
3731 8
3732 22
3733 9
3734 11
3735 34
3736 12
3737 11
3738 12
3739 5
3740 8
3741 23
3742 14
3743 10
3744 14
3745 4
3746 23
3747 12
3748 14
3749 10
3750 21
3751 17
3752 13
3753 14
3754 12
3755 10
3756 28
3757 5
3758 8
3759 15
3760 25
3761 13
3762 11
3763 7
3764 10
3765 31
3766 15
3767 13
3768 18
3769 16
3770 10
3771 43
3772 5
3773 13
3774 24
3775 10
3776 26
3777 15
3778 23
3779 12
3780 9
3781 11
3782 9
3783 13
3784 12
3785 15
3786 35
3787 20
3788 7
3789 16
3790 6
3791 15
3792 22
3793 10
3794 5
3795 16
3796 41
3797 16
3798 16
3799 5
3800 20
3801 14
3802 5
3803 13
3804 11
3805 18
3806 13
3807 11
3808 9
3809 12
3810 21
3811 10
3812 8
3813 23
3814 15
3815 17
3816 27
3817 8
3818 13
3819 18
3820 10
3821 23
3822 15
3823 11
3824 9
3825 16
3826 11
3827 7
3828 15
3829 10
3830 17
3831 31
3832 15
3833 12
3834 19
3835 8
3836 13
3837 20
3838 3
3839 15
3840 25
3841 31
3842 18
3843 10
3844 7
3845 25
3846 31
3847 10
3848 7
3849 19
3850 9
3851 17
3852 19
3853 12
3854 11
3855 16
3856 17
3857 10
3858 15
3859 11
3860 9
3861 25
3862 6
3863 9
3864 18
3865 16
3866 14
3867 20
3868 22
3869 10
3870 16
3871 6
3872 8
3873 29
3874 11
3875 17
3876 19
3877 18
3878 7
3879 20
3880 8
3881 8
3882 18
3883 3
3884 11
3885 19
3886 22
3887 13
3888 18
3889 10
3890 13
3891 31
3892 3
3893 12
3894 26
3895 25
3896 22
3897 16
3898 4
3899 8
3900 18
3901 8
3902 14
3903 17
3904 21
3905 20
3906 9
3907 5
3908 13
3909 16
3910 11
3911 11
3912 18
3913 15
3914 9
3915 20
3916 10
3917 20
3918 15
3919 6
3920 3
3921 43
3922 19
3923 10
3924 15
3925 10
3926 13
3927 10
3928 7
3929 12
3930 26
3931 16
3932 7
3933 13
3934 8
3935 11
3936 21
3937 5
3938 12
3939 18
3940 19
3941 18
3942 19
3943 12
3944 17
3945 15
3946 24
3947 7
3948 14
3949 17
3950 8
3951 24
3952 4
3953 11
3954 14
3955 6
3956 15
3957 18
3958 16
3959 9
3960 23
3961 8
3962 13
3963 14
3964 12
3965 11
3966 25
3967 13
3968 8
3969 18
3970 4
3971 19
3972 22
3973 13
3974 12
3975 23
3976 13
3977 17
3978 15
3979 5
3980 10
3981 25
3982 12
3983 8
3984 17
3985 7
3986 23
3987 25
3988 4
3989 12
3990 8
3991 14
3992 8
3993 8
3994 18
3995 11
3996 38
3997 8
3998 5
3999 21
4000 7
4001 19
4002 17
4003 14
4004 5
4005 18
4006 13
4007 11
4008 25
4009 10
4010 6
4011 24
4012 15
4013 4
4014 15
4015 13
4016 11
4017 22
4018 9
4019 7
4020 28
4021 28
4022 7
4023 12
4024 6
4025 10
4026 27
4027 14
4028 9
4029 21
4030 16
4031 16
4032 19
4033 9
4034 11
4035 12
4036 11
4037 3
4038 20
4039 11
4040 15
4041 25
4042 9
4043 9
4044 15
4045 9
4046 29
4047 15
4048 9
4049 10
4050 35
4051 15
4052 8
4053 11
4054 7
4055 15
4056 24
4057 13
4058 12
4059 14
4060 16
4061 19
4062 25
4063 7
4064 15
4065 13
4066 15
4067 10
4068 16
4069 7
4070 10
4071 31
4072 6
4073 16
4074 11
4075 24
4076 14
4077 17
4078 5
4079 7
4080 13
4081 9
4082 12
4083 15
4084 14
4085 10
4086 30
4087 7
4088 6
4089 18
4090 9
4091 17
4092 13
4093 15
4094 9
4095 13
4096 14
4097 12
4098 20
4099 7
4100 12
4101 29
4102 10
4103 10
4104 22
4105 8
4106 18
4107 11
4108 9
4109 13
4110 23
4111 38
4112 13
4113 10
4114 5
4115 10
4116 14
4117 11
4118 8
4119 13
4120 25
4121 18
4122 16
4123 7
4124 8
4125 28
4126 14
4127 11
4128 17
4129 14
4130 9
4131 30
4132 8
4133 9
4134 18
4135 3
4136 7
4137 18
4138 25
4139 12
4140 12
4141 24
4142 12
4143 25
4144 5
4145 10
4146 31
4147 16
4148 7
4149 18
4150 4
4151 16
4152 19
4153 10
4154 6
4155 26
4156 16
4157 11
4158 14
4159 8
4160 18
4161 23
4162 10
4163 10
4164 14
4165 13
4166 13
4167 11
4168 6
4169 12
4170 25
4171 18
4172 11
4173 12
4174 13
4175 6
4176 33
4177 11
4178 4
4179 13
4180 7
4181 20
4182 15
4183 19
4184 4
4185 24
4186 12
4187 8
4188 27
4189 9
4190 15
4191 27
4192 26
4193 12
4194 15
4195 13
4196 17
4197 15
4198 3
4199 11
4200 16
4201 29
4202 15
4203 22
4204 8
4205 8
4206 29
4207 16
4208 13
4209 10
4210 13
4211 21
4212 11
4213 7
4214 7
4215 24
4216 20
4217 8
4218 20
4219 24
4220 9
4221 25
4222 6
4223 9
4224 15
4225 12
4226 14
4227 21
4228 8
4229 17
4230 16
4231 10
4232 9
4233 13
4234 6
4235 11
4236 31
4237 23
4238 10
4239 8
4240 9
4241 15
4242 16
4243 5
4244 9
4245 14
4246 38
4247 5
4248 21
4249 7
4250 15
4251 23
4252 8
4253 5
4254 21
4255 15
4256 15
4257 22
4258 9
4259 8
4260 19
4261 10
4262 16
4263 11
4264 15
4265 14
4266 14
4267 11
4268 13
4269 18
4270 6
4271 20
4272 24
4273 13
4274 11
4275 13
4276 10
4277 7
4278 11
4279 5
4280 13
4281 49
4282 21
4283 9
4284 8
4285 10
4286 14
4287 21
4288 8
4289 7
4290 15
4291 17
4292 16
4293 20
4294 7
4295 10
4296 44
4297 10
4298 10
4299 16
4300 18
4301 14
4302 22
4303 7
4304 8
4305 36
4306 12
4307 12
4308 14
4309 10
4310 13
4311 21
4312 4
4313 10
4314 14
4315 14
4316 15
4317 19
4318 11
4319 9
4320 16
4321 21
4322 13
4323 14
4324 9
4325 14
4326 16
4327 19
4328 4
4329 14
4330 12
4331 9
4332 14
4333 8
4334 15
4335 18
4336 19
4337 20
4338 19
4339 8
4340 16
4341 24
4342 14
4343 14
4344 18
4345 10
4346 24
4347 10
4348 12
4349 8
4350 21
4351 13
4352 11
4353 23
4354 19
4355 7
4356 28
4357 8
4358 10
4359 25
4360 7
4361 16
4362 20
4363 11
4364 12
4365 19
4366 11
4367 16
4368 8
4369 9
4370 9
4371 24
4372 22
4373 12
4374 16
4375 5
4376 17
4377 17
4378 10
4379 11
4380 18
4381 32
4382 11
4383 22
4384 9
4385 11
4386 19
4387 10
4388 9
4389 16
4390 21
4391 23
4392 19
4393 5
4394 9
4395 18
4396 11
4397 16
4398 29
4399 9
4400 11
4401 26
4402 8
4403 7
4404 14
4405 14
4406 18
4407 13
4408 10
4409 10
4410 9
4411 20
4412 12
4413 19
4414 8
4415 8
4416 19
4417 12
4418 9
4419 18
4420 10
4421 22
4422 20
4423 15
4424 9
4425 16
4426 19
4427 11
4428 17
4429 6
4430 7
4431 16
4432 8
4433 10
4434 20
4435 23
4436 17
4437 25
4438 5
4439 8
4440 23
4441 7
4442 5
4443 20
4444 18
4445 10
4446 29
4447 11
4448 6
4449 22
4450 6
4451 13
4452 25
4453 15
4454 10
4455 23
4456 13
4457 14
4458 20
4459 4
4460 8
4461 19
4462 21
4463 15
4464 10
4465 8
4466 13
4467 35
4468 5
4469 8
4470 19
4471 29
4472 12
4473 20
4474 5
4475 15
4476 35
4477 8
4478 13
4479 22
4480 11
4481 18
4482 14
4483 8
4484 14
4485 19
4486 11
4487 7
4488 14
4489 26
4490 12
4491 26
4492 3
4493 16
4494 7
4495 15
4496 22
4497 18
4498 8
4499 11
4500 18
4501 10
4502 12
4503 8
4504 10
4505 16
4506 25
4507 19
4508 2
4509 20
4510 6
4511 24
4512 16
4513 11
4514 8
4515 25
4516 33
4517 13
4518 17
4519 4
4520 10
4521 42
4522 7
4523 13
4524 19
4525 16
4526 17
4527 14
4528 12
4529 4
4530 17
4531 16
4532 7
4533 24
4534 14
4535 10
4536 25
4537 7
4538 12
4539 9
4540 9
4541 18
4542 21
4543 12
4544 4
4545 15
4546 26
4547 11
4548 18
4549 12
4550 14
4551 29
4552 8
4553 4
4554 18
4555 11
4556 19
4557 13
4558 7
4559 14
4560 21
4561 18
4562 12
4563 14
4564 3
4565 15
4566 26
4567 11
4568 17
4569 19
4570 19
4571 14
4572 20
4573 6
4574 7
4575 9
4576 11
4577 6
4578 13
4579 14
4580 11
4581 20
4582 10
4583 11
4584 13
4585 7
4586 10
4587 21
4588 14
4589 14
4590 26
4591 9
4592 5
4593 19
4594 14
4595 11
4596 38
4597 29
4598 6
4599 26
4600 13
4601 19
4602 18
4603 7
4604 9
4605 25
4606 30
4607 15
4608 13
4609 5
4610 14
4611 28
4612 6
4613 11
4614 20
4615 25
4616 22
4617 21
4618 7
4619 8
4620 8
4621 13
4622 14
4623 14
4624 17
4625 10
4626 18
4627 6
4628 7
4629 19
4630 7
4631 15
4632 29
4633 9
4634 15
4635 24
4636 15
4637 12
4638 10
4639 6
4640 13
4641 24
4642 17
4643 16
4644 21
4645 11
4646 17
4647 32
4648 12
4649 4
4650 16
4651 38
4652 10
4653 17
4654 10
4655 14
4656 26
4657 7
4658 18
4659 14
4660 15
4661 16
4662 17
4663 4
4664 10
4665 19
4666 18
4667 12
4668 14
4669 9
4670 13
4671 44
4672 11
4673 5
4674 15
4675 11
4676 17
4677 26
4678 21
4679 11
4680 20
4681 14
4682 9
4683 13
4684 14
4685 11
4686 31
4687 29
4688 7
4689 17
4690 4
4691 16
4692 23
4693 13
4694 22
4695 20
4696 32
4697 13
4698 14
4699 11
4700 12
4701 30
4702 9
4703 16
4704 20
4705 21
4706 21
4707 17
4708 8
4709 9
4710 31
4711 11
4712 16
4713 17
4714 13
4715 9
4716 22
4717 7
4718 11
4719 17
4720 5
4721 29
4722 19
4723 16
4724 11
4725 13
4726 11
4727 19
4728 14
4729 12
4730 8
4731 33
4732 16
4733 19
4734 12
4735 7
4736 23
4737 16
4738 8
4739 13
4740 22
4741 23
4742 19
4743 18
4744 10
4745 9
4746 43
4747 9
4748 15
4749 27
4750 15
4751 13
4752 21
4753 4
4754 12
4755 23
4756 10
4757 11
4758 11
4759 14
4760 7
4761 29
4762 13
4763 6
4764 18
4765 9
4766 9
4767 17
4768 17
4769 20
4770 16
4771 11
4772 14
4773 18
4774 8
4775 18
4776 28
4777 22
4778 13
4779 18
4780 14
4781 19
4782 26
4783 10
4784 5
4785 26
4786 31
4787 11
4788 30
4789 9
4790 12
4791 30
4792 11
4793 13
4794 8
4795 8
4796 24
4797 17
4798 5
4799 14
4800 13
4801 20
4802 8
4803 18
4804 19
4805 10
4806 25
4807 12
4808 12
4809 13
4810 9
4811 18
4812 16
4813 16
4814 11
4815 11
4816 5
4817 12
4818 23
4819 13
4820 20
4821 35
4822 13
4823 9
4824 12
4825 10
4826 12
4827 34
4828 10
4829 3
4830 20
4831 26
4832 17
4833 11
4834 10
4835 8
4836 24
4837 10
4838 8
4839 18
4840 23
4841 19
4842 29
4843 13
4844 15
4845 18
4846 26
4847 10
4848 18
4849 13
4850 15
4851 21
4852 5
4853 13
4854 25
4855 6
4856 15
4857 16
4858 14
4859 16
4860 20
4861 17
4862 6
4863 17
4864 7
4865 12
4866 40
4867 29
4868 11
4869 13
4870 11
4871 18
4872 16
4873 7
4874 11
4875 20
4876 27
4877 11
4878 20
4879 9
4880 11
4881 34
4882 5
4883 13
4884 11
4885 18
4886 14
4887 18
4888 5
4889 11
4890 12
4891 12
4892 12
4893 23
4894 23
4895 10
4896 42
4897 9
4898 14
4899 15
4900 5
4901 19
4902 22
4903 16
4904 13
4905 23
4906 11
4907 14
4908 22
4909 14
4910 10
4911 25
4912 16
4913 10
4914 15
4915 12
4916 18
4917 22
4918 11
4919 10
4920 19
4921 35
4922 17
4923 16
4924 10
4925 16
4926 23
4927 12
4928 7
4929 21
4930 24
4931 17
4932 25
4933 7
4934 7
4935 12
4936 18
4937 19
4938 15
4939 14
4940 11
4941 26
4942 14
4943 14
4944 18
4945 16
4946 23
4947 22
4948 26
4949 13
4950 16
4951 10
4952 14
4953 19
4954 13
4955 12
4956 26
4957 20
4958 12
4959 21
4960 11
4961 26
4962 22
4963 10
4964 7
4965 17
4966 27
4967 11
4968 12
4969 9
4970 14
4971 32
4972 14
4973 8
4974 23
4975 29
4976 19
4977 11
4978 10
4979 12
4980 24
4981 14
4982 6
4983 14
4984 11
4985 7
4986 23
4987 8
4988 16
4989 23
4990 9
4991 18
4992 15
4993 13
4994 13
4995 37
4996 19
4997 6
4998 13
4999 10
5000 15
5001 28
5002 18
5003 9
5004 15
5005 6
5006 22
5007 14
5008 11
5009 15
5010 21
5011 31
5012 10
5013 24
5014 7
5015 11
5016 25
5017 4
5018 11
5019 8
5020 12
5021 20
5022 20
5023 6
5024 15
5025 20
5026 12
5027 19
5028 23
5029 18
5030 15
5031 27
5032 6
5033 12
5034 16
5035 6
5036 19
5037 14
5038 7
5039 10
5040 26
5041 11
5042 7
5043 16
5044 8
5045 16
5046 52
5047 17
5048 15
5049 17
5050 13
5051 20
5052 28
5053 11
5054 9
5055 23
5056 22
5057 17
5058 19
5059 3
5060 10
5061 25
5062 9
5063 9
5064 15
5065 21
5066 27
5067 14
5068 9
5069 13
5070 16
5071 20
5072 12
5073 13
5074 27
5075 7
5076 27
5077 10
5078 15
5079 13
5080 12
5081 10
5082 28
5083 26
5084 10
5085 24
5086 20
5087 12
5088 16
5089 10
5090 14
5091 24
5092 10
5093 11
5094 14
5095 11
5096 17
5097 19
5098 15
5099 8
5100 34
5101 26
5102 5
5103 19
5104 8
5105 14
5106 31
5107 10
5108 7
5109 17
5110 14
5111 19
5112 21
5113 12
5114 9
5115 17
5116 13
5117 10
5118 23
5119 16
5120 16
5121 35
5122 5
5123 9
5124 20
5125 9
5126 22
5127 25
5128 17
5129 12
5130 16
5131 17
5132 11
5133 19
5134 16
5135 13
5136 22
5137 26
5138 11
5139 22
5140 7
5141 16
5142 23
5143 9
5144 8
5145 21
5146 35
5147 12
5148 17
5149 9
5150 8
5151 32
5152 13
5153 8
5154 21
5155 12
5156 23
5157 19
5158 8
5159 12
5160 19
5161 21
5162 16
5163 21
5164 19
5165 13
5166 19
5167 14
5168 18
5169 18
5170 10
5171 20
5172 17
5173 14
5174 7
5175 18
5176 14
5177 8
5178 23
5179 12
5180 8
5181 30
5182 19
5183 12
5184 15
5185 10
5186 13
5187 22
5188 4
5189 15
5190 9
5191 46
5192 11
5193 22
5194 5
5195 18
5196 31
5197 11
5198 10
5199 20
5200 18
5201 12
5202 30
5203 7
5204 13
5205 21
5206 16
5207 16
5208 13
5209 17
5210 9
5211 25
5212 6
5213 11
5214 17
5215 11
5216 29
5217 51
5218 18
5219 14
5220 17
5221 16
5222 14
5223 19
5224 9
5225 8
5226 39
5227 21
5228 13
5229 22
5230 12
5231 15
5232 21
5233 12
5234 11
5235 18
5236 33
5237 18
5238 17
5239 8
5240 15
5241 29
5242 11
5243 14
5244 19
5245 20
5246 24
5247 20
5248 9
5249 8
5250 10
5251 13
5252 19
5253 18
5254 13
5255 20
5256 34
5257 5
5258 13
5259 22
5260 12
5261 14
5262 17
5263 12
5264 15
5265 20
5266 20
5267 24
5268 15
5269 5
5270 11
5271 35
5272 32
5273 14
5274 21
5275 15
5276 14
5277 20
5278 9
5279 15
5280 22
5281 24
5282 19
5283 16
5284 12
5285 12
5286 22
5287 11
5288 12
5289 7
5290 18
5291 17
5292 12
5293 10
5294 13
5295 23
5296 25
5297 13
5298 18
5299 23
5300 10
5301 26
5302 9
5303 11
5304 23
5305 12
5306 16
5307 24
5308 20
5309 12
5310 28
5311 15
5312 8
5313 24
5314 10
5315 21
5316 32
5317 19
5318 12
5319 19
5320 4
5321 44
5322 24
5323 11
5324 11
5325 22
5326 34
5327 9
5328 24
5329 7
5330 13
5331 37
5332 8
5333 14
5334 32
5335 22
5336 21
5337 26
5338 8
5339 10
5340 23
5341 8
5342 13
5343 15
5344 14
5345 11
5346 28
5347 12
5348 14
5349 19
5350 19
5351 14
5352 22
5353 14
5354 15
5355 17
5356 14
5357 10
5358 27
5359 8
5360 20
5361 28
5362 11
5363 12
5364 17
5365 6
5366 19
5367 17
5368 11
5369 17
5370 16
5371 29
5372 17
5373 22
5374 10
5375 11
5376 15
5377 5
5378 6
5379 17
5380 22
5381 15
5382 16
5383 10
5384 16
5385 21
5386 27
5387 10
5388 18
5389 11
5390 10
5391 30
5392 11
5393 13
5394 19
5395 9
5396 28
5397 17
5398 21
5399 14
5400 17
5401 17
5402 12
5403 13
5404 3
5405 10
5406 25
5407 33
5408 9
5409 24
5410 7
5411 18
5412 29
5413 11
5414 17
5415 26
5416 32
5417 11
5418 14
5419 7
5420 10
5421 47
5422 12
5423 12
5424 25
5425 14
5426 18
5427 29
5428 7
5429 11
5430 14
5431 22
5432 19
5433 13
5434 16
5435 16
5436 26
5437 9
5438 8
5439 10
5440 13
5441 9
5442 29
5443 16
5444 8
5445 19
5446 18
5447 7
5448 21
5449 9
5450 9
5451 35
5452 17
5453 14
5454 23
5455 7
5456 13
5457 27
5458 6
5459 14
5460 23
5461 35
5462 16
5463 13
5464 4
5465 22
5466 28
5467 9
5468 10
5469 22
5470 17
5471 30
5472 19
5473 8
5474 11
5475 29
5476 15
5477 17
5478 19
5479 20
5480 16
5481 30
5482 13
5483 12
5484 13
5485 11
5486 15
5487 23
5488 22
5489 16
5490 33
5491 17
5492 15
5493 13
5494 8
5495 12
5496 30
5497 24
5498 7
5499 17
5500 8
5501 23
5502 18
5503 11
5504 6
5505 21
5506 24
5507 13
5508 14
5509 9
5510 11
5511 41
5512 8
5513 18
5514 14
5515 15
5516 23
5517 21
5518 11
5519 16
5520 22
5521 17
5522 12
5523 8
5524 13
5525 15
5526 42
5527 8
5528 9
5529 17
5530 8
5531 20
5532 17
5533 10
5534 19
5535 18
5536 15
5537 16
5538 18
5539 9
5540 8
5541 31
5542 24
5543 9
5544 19
5545 16
5546 22
5547 26
5548 7
5549 17
5550 28
5551 9
5552 15
5553 19
5554 9
5555 20
5556 37
5557 11
5558 13
5559 23
5560 24
5561 21
5562 11
5563 7
5564 6
5565 17
5566 17
5567 15
5568 27
5569 19
5570 11
5571 35
5572 4
5573 8
5574 24
5575 7
5576 14
5577 15
5578 17
5579 18
5580 24
5581 16
5582 12
5583 23
5584 5
5585 12
5586 31
5587 17
5588 9
5589 11
5590 6
5591 17
5592 14
5593 9
5594 17
5595 18
5596 36
5597 8
5598 10
5599 7
5600 16
5601 32
5602 16
5603 12
5604 19
5605 14
5606 16
5607 19
5608 7
5609 7
5610 22
5611 13
5612 10
5613 27
5614 18
5615 13
5616 39
5617 7
5618 13
5619 15
5620 11
5621 25
5622 22
5623 20
5624 11
5625 13
5626 13
5627 9
5628 14
5629 8
5630 17
5631 28
5632 19
5633 13
5634 18
5635 6
5636 22
5637 28
5638 9
5639 11
5640 19
5641 20
5642 6
5643 19
5644 6
5645 18
5646 44
5647 8
5648 13
5649 9
5650 18
5651 22
5652 21
5653 2
5654 10
5655 19
5656 11
5657 10
5658 19
5659 25
5660 18
5661 26
5662 7
5663 8
5664 23
5665 12
5666 16
5667 17
5668 12
5669 13
5670 12
5671 24
5672 15
5673 26
5674 8
5675 12
5676 22
5677 28
5678 14
5679 13
5680 10
5681 10
5682 24
5683 4
5684 10
5685 30
5686 14
5687 17
5688 16
5689 9
5690 13
5691 9
5692 18
5693 17
5694 8
5695 23
5696 20
5697 24
5698 17
5699 9
5700 15
5701 15
5702 13
5703 22
5704 13
5705 7
5706 33
5707 9
5708 16
5709 26
5710 7
5711 27
5712 17
5713 17
5714 10
5715 19
5716 13
5717 12
5718 14
5719 8
5720 10
5721 31
5722 24
5723 10
5724 32
5725 13
5726 23
5727 21
5728 8
5729 8
5730 26
5731 31
5732 11
5733 14
5734 11
5735 13
5736 26
5737 8
5738 6
5739 13
5740 12
5741 19
5742 23
5743 11
5744 15
5745 25
5746 17
5747 8
5748 15
5749 15
5750 14
5751 22
5752 10
5753 9
5754 14
5755 13
5756 25
5757 21
5758 21
5759 10
5760 16
5761 10
5762 12
5763 20
5764 4
5765 15
5766 24
5767 16
5768 6
5769 21
5770 11
5771 17
5772 21
5773 7
5774 14
5775 31
5776 31
5777 20
5778 22
5779 4
5780 14
5781 33
5782 9
5783 11
5784 25
5785 17
5786 13
5787 21
5788 7
5789 12
5790 18
5791 14
5792 10
5793 14
5794 8
5795 12
5796 20
5797 7
5798 8
5799 14
5800 15
5801 20
5802 26
5803 17
5804 10
5805 16
5806 14
5807 14
5808 15
5809 10
5810 8
5811 34
5812 20
5813 9
5814 16
5815 11
5816 16
5817 18
5818 11
5819 11
5820 24
5821 44
5822 11
5823 15
5824 7
5825 16
5826 33
5827 12
5828 15
5829 15
5830 12
5831 15
5832 19
5833 11
5834 15
5835 24
5836 9
5837 8
5838 11
5839 19
5840 12
5841 23
5842 12
5843 11
5844 25
5845 6
5846 24
5847 27
5848 12
5849 16
5850 21
5851 10
5852 11
5853 17
5854 16
5855 18
5856 32
5857 13
5858 6
5859 16
5860 7
5861 23
5862 23
5863 8
5864 7
5865 18
5866 24
5867 20
5868 21
5869 6
5870 18
5871 41
5872 11
5873 17
5874 14
5875 15
5876 19
5877 19
5878 5
5879 17
5880 10
5881 7
5882 15
5883 22
5884 16
5885 11
5886 18
5887 4
5888 12
5889 16
5890 13
5891 16
5892 18
5893 31
5894 10
5895 13
5896 21
5897 13
5898 15
5899 12
5900 12
5901 15
5902 31
5903 14
5904 17
5905 11
5906 12
5907 20
5908 17
5909 13
5910 30
5911 22
5912 19
5913 19
5914 6
5915 14
5916 35
5917 5
5918 11
5919 26
5920 27
5921 27
5922 25
5923 5
5924 8
5925 18
5926 7
5927 8
5928 14
5929 7
5930 15
5931 33
5932 9
5933 13
5934 12
5935 11
5936 14
5937 26
5938 18
5939 17
5940 8
5941 15
5942 14
5943 11
5944 4
5945 20
5946 42
5947 23
5948 11
5949 19
5950 7
5951 30
5952 20
5953 5
5954 15
5955 17
5956 26
5957 16
5958 26
5959 8
5960 19
5961 28
5962 6
5963 14
5964 14
5965 14
5966 17
5967 19
5968 13
5969 9
5970 18
5971 27
5972 7
5973 19
5974 19
5975 13
5976 24
5977 11
5978 9
5979 20
5980 2
5981 31
5982 21
5983 6
5984 15
5985 14
5986 9
5987 4
5988 22
5989 8
5990 13
5991 26
5992 18
5993 13
5994 15
5995 9
5996 26
5997 24
5998 11
5999 4
6000 21
6001 42
6002 6
6003 12
6004 3
6005 9
6006 17
6007 9
6008 6
6009 20
6010 21
6011 21
6012 25
6013 3
6014 9
6015 23
6016 12
6017 12
6018 16
6019 17
6020 17
6021 43
6022 8
6023 10
6024 7
6025 16
6026 9
6027 20
6028 13
6029 13
6030 20
6031 13
6032 8
6033 20
6034 8
6035 13
6036 30
6037 14
6038 11
6039 27
6040 9
6041 15
6042 17
6043 8
6044 12
6045 17
6046 33
6047 12
6048 19
6049 12
6050 11
6051 40
6052 7
6053 7
6054 14
6055 18
6056 15
6057 20
6058 9
6059 14
6060 17
6061 13
6062 20
6063 25
6064 21
6065 12
6066 35
6067 7
6068 10
6069 22
6070 11
6071 15
6072 24
6073 10
6074 10
6075 23
6076 14
6077 14
6078 20
6079 11
6080 18
6081 21
6082 13
6083 11
6084 7
6085 13
6086 20
6087 20
6088 9
6089 8
6090 13
6091 29
6092 12
6093 13
6094 3
6095 12
6096 37
6097 7
6098 12
6099 17
6100 18
6101 24
6102 21
6103 10
6104 7
6105 23
6106 13
6107 13
6108 14
6109 15
6110 15
6111 16
6112 5
6113 11
6114 18
6115 6
6116 14
6117 13
6118 15
6119 12
6120 20
6121 22
6122 16
6123 13
6124 12
6125 9
6126 17
6127 26
6128 10
6129 17
6130 7
6131 20
6132 14
6133 13
6134 8
6135 25
6136 21
6137 16
6138 21
6139 4
6140 21
6141 25
6142 15
6143 11
6144 24
6145 20
6146 31
6147 22
6148 4
6149 13
6150 23
6151 11
6152 7
6153 17
6154 20
6155 19
6156 17
6157 7
6158 6
6159 18
6160 5
6161 18
6162 25
6163 18
6164 12
6165 20
6166 14
6167 13
6168 17
6169 4
6170 10
6171 36
6172 17
6173 12
6174 12
6175 7
6176 20
6177 13
6178 5
6179 14
6180 12
6181 17
6182 15
6183 23
6184 9
6185 12
6186 27
6187 11
6188 5
6189 12
6190 22
6191 16
6192 24
6193 6
6194 9
6195 17
6196 30
6197 18
6198 19
6199 10
6200 12
6201 25
6202 6
6203 11
6204 16
6205 16
6206 17
6207 25
6208 6
6209 8
6210 21
6211 12
6212 17
6213 18
6214 6
6215 12
6216 28
6217 30
6218 14
6219 15
6220 10
6221 29
6222 20
6223 8
6224 9
6225 13
6226 24
6227 11
6228 16
6229 14
6230 13
6231 34
6232 7
6233 9
6234 17
6235 13
6236 20
6237 11
6238 9
6239 8
6240 22
6241 12
6242 11
6243 22
6244 21
6245 15
6246 36
6247 8
6248 13
6249 19
6250 9
6251 18
6252 22
6253 18
6254 10
6255 16
6256 12
6257 16
6258 16
6259 14
6260 18
6261 32
6262 20
6263 6
6264 23
6265 8
6266 18
6267 29
6268 10
6269 13
6270 25
6271 48
6272 12
6273 11
6274 7
6275 14
6276 45
6277 17
6278 11
6279 17
6280 13
6281 20
6282 27
6283 13
6284 7
6285 16
6286 14
6287 21
6288 16
6289 13
6290 9
6291 22
6292 6
6293 15
6294 24
6295 9
6296 24
6297 31
6298 13
6299 14
6300 22
6301 11
6302 8
6303 12
6304 11
6305 13
6306 32
6307 19
6308 8
6309 26
6310 5
6311 20
6312 22
6313 3
6314 13
6315 22
6316 32
6317 16
6318 17
6319 7
6320 12
6321 43
6322 11
6323 10
6324 24
6325 22
6326 21
6327 24
6328 6
6329 9
6330 10
6331 18
6332 10
6333 15
6334 7
6335 8
6336 24
6337 8
6338 9
6339 20
6340 14
6341 20
6342 23
6343 20
6344 12
6345 20
6346 13
6347 12
6348 22
6349 3
6350 17
6351 27
6352 25
6353 12
6354 13
6355 13
6356 16
6357 25
6358 17
6359 11
6360 18
6361 25
6362 10
6363 20
6364 6
6365 9
6366 44
6367 14
6368 8
6369 10
6370 9
6371 28
6372 21
6373 9
6374 14
6375 13
6376 14
6377 16
6378 13
6379 20
6380 20
6381 32
6382 9
6383 10
6384 15
6385 17
6386 20
6387 27
6388 19
6389 8
6390 24
6391 10
6392 19
6393 19
6394 12
6395 17
6396 38
6397 17
6398 6
6399 14
6400 17
6401 11
6402 20
6403 8
6404 13
6405 18
6406 36
6407 13
6408 12
6409 9
6410 14
6411 31
6412 12
6413 13
6414 19
6415 10
6416 15
6417 20
6418 8
6419 9
6420 20
6421 25
6422 7
6423 19
6424 17
6425 11
6426 36
6427 9
6428 7
6429 15
6430 6
6431 18
6432 17
6433 21
6434 14
6435 16
6436 13
6437 20
6438 17
6439 8
6440 11
6441 32
6442 16
6443 11
6444 13
6445 3
6446 16
6447 17
6448 5
6449 10
6450 17
6451 29
6452 14
6453 10
6454 6
6455 18
6456 26
6457 12
6458 14
6459 15
6460 23
6461 25
6462 18
6463 5
6464 6
6465 28
6466 18
6467 11
6468 16
6469 22
6470 10
6471 43
6472 9
6473 12
6474 18
6475 7
6476 19
6477 21
6478 16
6479 10
6480 25
6481 15
6482 7
6483 16
6484 7
6485 12
6486 22
6487 24
6488 18
6489 14
6490 14
6491 20
6492 30
6493 9
6494 10
6495 30
6496 15
6497 17
6498 13
6499 8
6500 15
6501 17
6502 10
6503 9
6504 29
6505 14
6506 25
6507 23
6508 4
6509 11
6510 19
6511 17
6512 8
6513 22
6514 27
6515 13
6516 17
6517 7
6518 14
6519 24
6520 9
6521 22
6522 14
6523 15
6524 8
6525 25
6526 12
6527 10
6528 17
6529 9
6530 11
6531 16
6532 19
6533 7
6534 11
6535 11
6536 17
6537 23
6538 6
6539 14
6540 27
6541 16
6542 18
6543 19
6544 4
6545 13
6546 44
6547 12
6548 8
6549 17
6550 21
6551 16
6552 15
6553 10
6554 13
6555 16
6556 17
6557 11
6558 16
6559 19
6560 11
6561 23
6562 13
6563 16
6564 14
6565 10
6566 14
6567 25
6568 18
6569 22
6570 31
6571 15
6572 10
6573 13
6574 11
6575 11
6576 16
6577 14
6578 8
6579 19
6580 6
6581 21
6582 33
6583 10
6584 17
6585 19
6586 36
6587 8
6588 8
6589 9
6590 10
6591 31
6592 11
6593 12
6594 13
6595 23
6596 19
6597 20
6598 8
6599 11
6600 13
6601 11
6602 14
6603 20
6604 18
6605 20
6606 23
6607 9
6608 18
6609 22
6610 8
6611 15
6612 26
6613 12
6614 8
6615 22
6616 13
6617 19
6618 22
6619 8
6620 10
6621 46
6622 18
6623 11
6624 21
6625 8
6626 17
6627 26
6628 10
6629 7
6630 28
6631 33
6632 12
6633 20
6634 10
6635 19
6636 29
6637 8
6638 13
6639 22
6640 15
6641 16
6642 20
6643 6
6644 18
6645 12
6646 22
6647 25
6648 24
6649 25
6650 14
6651 20
6652 7
6653 11
6654 18
6655 4
6656 18
6657 24
6658 15
6659 14
6660 25
6661 16
6662 2
6663 15
6664 8
6665 13
6666 30
6667 23
6668 19
6669 18
6670 7
6671 31
6672 20
6673 16
6674 16
6675 21
6676 37
6677 12
6678 15
6679 9
6680 11
6681 27
6682 9
6683 11
6684 10
6685 18
6686 28
6687 20
6688 10
6689 16
6690 19
6691 16
6692 9
6693 21
6694 19
6695 14
6696 37
6697 5
6698 11
6699 30
6700 10
6701 23
6702 20
6703 15
6704 8
6705 22
6706 14
6707 18
6708 10
6709 7
6710 12
6711 31
6712 23
6713 12
6714 13
6715 11
6716 23
6717 20
6718 11
6719 8
6720 18
6721 35
6722 16
6723 18
6724 13
6725 15
6726 36
6727 11
6728 13
6729 21
6730 26
6731 19
6732 20
6733 8
6734 10
6735 26
6736 13
6737 12
6738 27
6739 8
6740 16
6741 30
6742 10
6743 12
6744 18
6745 13
6746 26
6747 21
6748 4
6749 16
6750 14
6751 16
6752 13
6753 19
6754 9
6755 17
6756 36
6757 32
6758 7
6759 21
6760 10
6761 19
6762 12
6763 10
6764 17
6765 20
6766 26
6767 15
6768 14
6769 7
6770 16
6771 29
6772 7
6773 12
6774 18
6775 23
6776 21
6777 25
6778 9
6779 16
6780 17
6781 11
6782 13
6783 9
6784 17
6785 14
6786 26
6787 5
6788 8
6789 16
6790 10
6791 19
6792 27
6793 20
6794 17
6795 13
6796 17
6797 14
6798 13
6799 11
6800 18
6801 30
6802 11
6803 18
6804 16
6805 6
6806 18
6807 20
6808 9
6809 12
6810 24
6811 25
6812 20
6813 24
6814 5
6815 17
6816 34
6817 3
6818 9
6819 18
6820 12
6821 23
6822 16
6823 6
6824 11
6825 14
6826 11
6827 14
6828 17
6829 20
6830 9
6831 36
6832 2
6833 17
6834 16
6835 13
6836 23
6837 20
6838 14
6839 9
6840 19
6841 9
6842 12
6843 20
6844 5
6845 13
6846 27
6847 15
6848 14
6849 20
6850 8
6851 14
6852 22
6853 10
6854 14
6855 32
6856 30
6857 17
6858 24
6859 8
6860 10
6861 27
6862 6
6863 14
6864 21
6865 20
6866 14
6867 18
6868 9
6869 13
6870 24
6871 16
6872 13
6873 16
6874 27
6875 14
6876 23
6877 3
6878 19
6879 14
6880 12
6881 31
6882 17
6883 18
6884 12
6885 16
6886 21
6887 18
6888 13
6889 7
6890 17
6891 39
6892 25
6893 9
6894 21
6895 9
6896 25
6897 23
6898 9
6899 15
6900 21
6901 16
6902 16
6903 13
6904 4
6905 15
6906 27
6907 19
6908 8
6909 16
6910 15
6911 24
6912 19
6913 10
6914 12
6915 18
6916 6
6917 15
6918 13
6919 23
6920 17
6921 39
6922 5
6923 7
6924 19
6925 11
6926 13
6927 24
6928 21
6929 11
6930 12
6931 26
6932 17
6933 28
6934 7
6935 20
6936 26
6937 15
6938 13
6939 19
6940 3
6941 18
6942 21
6943 10
6944 12
6945 23
6946 58
6947 22
6948 18
6949 8
6950 20
6951 26
6952 4
6953 18
6954 23
6955 23
6956 17
6957 20
6958 6
6959 9
6960 15
6961 8
6962 16
6963 18
6964 20
6965 12
6966 42
6967 9
6968 10
6969 21
6970 8
6971 25
6972 23
6973 25
6974 8
6975 22
6976 14
6977 11
6978 25
6979 9
6980 14
6981 20
6982 14
6983 10
6984 30
6985 10
6986 18
6987 26
6988 9
6989 13
6990 25
6991 22
6992 12
6993 19
6994 6
6995 22
6996 26
6997 8
6998 12
6999 17
7000 22
7001 25
7002 25
7003 2
7004 13
7005 22
7006 7
7007 9
7008 18
7009 18
7010 11
7011 28
7012 10
7013 12
7014 13
7015 11
7016 19
7017 17
7018 10
7019 15
7020 22
7021 22
7022 13
7023 13
7024 8
7025 17
7026 24
7027 25
7028 7
7029 12
7030 15
7031 24
7032 27
7033 7
7034 9
7035 17
7036 17
7037 24
7038 24
7039 8
7040 12
7041 44
7042 9
7043 16
7044 17
7045 15
7046 36
7047 16
7048 10
7049 22
7050 25
7051 15
7052 14
7053 20
7054 27
7055 11
7056 27
7057 7
7058 15
7059 18
7060 13
7061 17
7062 24
7063 18
7064 14
7065 26
7066 10
7067 12
7068 13
7069 11
7070 13
7071 38
7072 14
7073 10
7074 16
7075 5
7076 34
7077 25
7078 13
7079 16
7080 20
7081 38
7082 8
7083 14
7084 8
7085 14
7086 52
7087 16
7088 15
7089 33
7090 20
7091 14
7092 22
7093 9
7094 11
7095 21
7096 20
7097 14
7098 33
7099 11
7100 10
7101 23
7102 13
7103 16
7104 22
7105 9
7106 19
7107 24
7108 26
7109 21
7110 12
7111 8
7112 11
7113 12
7114 14
7115 21
7116 22
7117 26
7118 12
7119 17
7120 9
7121 27
7122 26
7123 12
7124 8
7125 22
7126 17
7127 16
7128 17
7129 8
7130 6
7131 24
7132 6
7133 12
7134 26
7135 22
7136 22
7137 16
7138 5
7139 7
7140 22
7141 16
7142 14
7143 16
7144 8
7145 8
7146 27
7147 10
7148 18
7149 22
7150 12
7151 31
7152 14
7153 17
7154 18
7155 25
7156 14
7157 13
7158 20
7159 12
7160 11
7161 15
7162 25
7163 13
7164 25
7165 15
7166 20
7167 30
7168 7
7169 17
7170 16
7171 35
7172 11
7173 18
7174 8
7175 11
7176 31
7177 14
7178 12
7179 19
7180 23
7181 18
7182 13
7183 15
7184 14
7185 20
7186 21
7187 8
7188 19
7189 12
7190 13
7191 33
7192 3
7193 12
7194 20
7195 13
7196 28
7197 23
7198 17
7199 11
7200 18
7201 14
7202 14
7203 14
7204 11
7205 14
7206 32
7207 22
7208 13
7209 17
7210 8
7211 24
7212 21
7213 14
7214 9
7215 13
7216 32
7217 16
7218 14
7219 12
7220 10
7221 40
7222 12
7223 10
7224 15
7225 12
7226 20
7227 18
7228 12
7229 14
7230 21
7231 9
7232 19
7233 20
7234 7
7235 15
7236 19
7237 12
7238 8
7239 16
7240 6
7241 23
7242 21
7243 19
7244 11
7245 30
7246 12
7247 14
7248 10
7249 9
7250 19
7251 40
7252 11
7253 17
7254 20
7255 6
7256 22
7257 28
7258 4
7259 10
7260 20
7261 33
7262 14
7263 18
7264 6
7265 13
7266 19
7267 10
7268 10
7269 19
7270 22
7271 29
7272 22
7273 11
7274 15
7275 17
7276 18
7277 12
7278 13
7279 19
7280 12
7281 28
7282 8
7283 11
7284 27
7285 14
7286 22
7287 14
7288 24
7289 10
7290 26
7291 10
7292 11
7293 13
7294 14
7295 20
7296 45
7297 24
7298 11
7299 12
7300 8
7301 18
7302 22
7303 6
7304 14
7305 26
7306 23
7307 16
7308 9
7309 4
7310 17
7311 29
7312 9
7313 4
7314 12
7315 14
7316 26
7317 27
7318 4
7319 18
7320 23
7321 21
7322 8
7323 34
7324 22
7325 10
7326 36
7327 11
7328 10
7329 11
7330 17
7331 20
7332 18
7333 8
7334 17
7335 22
7336 11
7337 8
7338 19
7339 7
7340 20
7341 36
7342 23
7343 14
7344 18
7345 11
7346 33
7347 16
7348 9
7349 15
7350 18
7351 33
7352 12
7353 14
7354 7
7355 16
7356 31
7357 8
7358 15
7359 10
7360 21
7361 31
7362 37
7363 8
7364 10
7365 27
7366 11
7367 14
7368 23
7369 15
7370 9
7371 25
7372 11
7373 15
7374 17
7375 18
7376 15
7377 16
7378 16
7379 11
7380 14
7381 11
7382 12
7383 22
7384 8
7385 9
7386 33
7387 16
7388 11
7389 26
7390 8
7391 16
7392 35
7393 7
7394 19
7395 16
7396 25
7397 13
7398 17
7399 8
7400 14
7401 34
7402 13
7403 13
7404 18
7405 27
7406 16
7407 28
7408 14
7409 9
7410 17
7411 19
7412 15
7413 25
7414 28
7415 7
7416 31
7417 5
7418 7
7419 20
7420 9
7421 22
7422 30
7423 14
7424 8
7425 15
7426 19
7427 21
7428 20
7429 2
7430 13
7431 31
7432 22
7433 13
7434 8
7435 13
7436 19
7437 26
7438 6
7439 12
7440 21
7441 28
7442 16
7443 18
7444 6
7445 13
7446 36
7447 9
7448 9
7449 18
7450 22
7451 19
7452 26
7453 10
7454 12
7455 21
7456 16
7457 10
7458 17
7459 20
7460 13
7461 27
7462 9
7463 19
7464 25
7465 7
7466 29
7467 14
7468 9
7469 13
7470 22
7471 16
7472 21
7473 13
7474 12
7475 14
7476 23
7477 29
7478 11
7479 27
7480 7
7481 13
7482 21
7483 11
7484 12
7485 20
7486 35
7487 12
7488 11
7489 15
7490 10
7491 31
7492 11
7493 10
7494 20
7495 10
7496 24
7497 15
7498 5
7499 16
7500 17
7501 14
7502 17
7503 24
7504 10
7505 21
7506 28
7507 14
7508 13
7509 11
7510 7
7511 16
7512 13
7513 18
7514 8
7515 19
7516 10
7517 16
7518 28
7519 7
7520 16
7521 42
7522 21
7523 9
7524 19
7525 5
7526 15
7527 23
7528 9
7529 13
7530 15
7531 28
7532 14
7533 23
7534 6
7535 22
7536 40
7537 5
7538 9
7539 23
7540 21
7541 21
7542 19
7543 11
7544 10
7545 20
7546 15
7547 18
7548 19
7549 11
7550 9
7551 26
7552 8
7553 9
7554 27
7555 14
7556 13
7557 22
7558 18
7559 19
7560 15
7561 12
7562 15
7563 18
7564 9
7565 16
7566 19
7567 19
7568 8
7569 21
7570 12
7571 25
7572 12
7573 13
7574 7
7575 13
7576 31
7577 16
7578 18
7579 9
7580 17
7581 21
7582 11
7583 14
7584 18
7585 22
7586 12
7587 23
7588 3
7589 9
7590 14
7591 11
7592 21
7593 20
7594 21
7595 13
7596 37
7597 3
7598 19
7599 19
7600 6
7601 22
7602 17
7603 20
7604 14
7605 17
7606 11
7607 14
7608 14
7609 13
7610 19
7611 36
7612 13
7613 11
7614 12
7615 10
7616 28
7617 23
7618 6
7619 11
7620 23
7621 34
7622 13
7623 11
7624 8
7625 12
7626 32
7627 7
7628 14
7629 10
7630 11
7631 18
7632 14
7633 10
7634 13
7635 35
7636 20
7637 20
7638 21
7639 17
7640 17
7641 27
7642 8
7643 7
7644 17
7645 18
7646 32
7647 23
7648 17
7649 7
7650 26
7651 13
7652 17
7653 26
7654 12
7655 13
7656 28
7657 11
7658 11
7659 14
7660 7
7661 21
7662 12
7663 9
7664 10
7665 18
7666 17
7667 11
7668 17
7669 11
7670 14
7671 37
7672 7
7673 14
7674 24
7675 22
7676 17
7677 25
7678 6
7679 13
7680 22
7681 12
7682 15
7683 14
7684 19
7685 9
7686 41
7687 11
7688 11
7689 16
7690 13
7691 18
7692 26
7693 9
7694 11
7695 14
7696 14
7697 18
7698 18
7699 6
7700 13
7701 34
7702 29
7703 11
7704 14
7705 14
7706 11
7707 10
7708 11
7709 12
7710 22
7711 22
7712 8
7713 17
7714 9
7715 19
7716 21
7717 6
7718 11
7719 11
7720 13
7721 27
7722 25
7723 11
7724 16
7725 28
7726 11
7727 17
7728 15
7729 23
7730 14
7731 27
7732 12
7733 3
7734 19
7735 13
7736 26
7737 18
7738 17
7739 14
7740 16
7741 12
7742 9
7743 20
7744 10
7745 13
7746 40
7747 21
7748 8
7749 21
7750 12
7751 16
7752 29
7753 6
7754 7
7755 19
7756 26
7757 15
7758 21
7759 10
7760 15
7761 30
7762 9
7763 11
7764 24
7765 19
7766 17
7767 23
7768 9
7769 15
7770 21
7771 29
7772 17
7773 15
7774 12
7775 15
7776 18
7777 5
7778 20
7779 26
7780 11
7781 18
7782 26
7783 17
7784 15
7785 18
7786 10
7787 13
7788 15
7789 12
7790 11
7791 25
7792 21
7793 13
7794 24
7795 6
7796 19
7797 33
7798 5
7799 12
7800 17
7801 34
7802 16
7803 13
7804 8
7805 12
7806 34
7807 10
7808 9
7809 15
7810 21
7811 19
7812 17
7813 10
7814 11
7815 25
7816 14
7817 14
7818 22
7819 14
7820 14
7821 48
7822 10
7823 14
7824 21
7825 7
7826 12
7827 18
7828 14
7829 17
7830 23
7831 17
7832 12
7833 28
7834 10
7835 12
7836 32
7837 29
7838 14
7839 16
7840 4
7841 23
7842 19
7843 11
7844 19
7845 29
7846 56
7847 17
7848 20
7849 15
7850 12
7851 27
7852 12
7853 16
7854 9
7855 17
7856 27
7857 27
7858 5
7859 15
7860 19
7861 8
7862 18
7863 21
7864 14
7865 11
7866 27
7867 4
7868 12
7869 15
7870 6
7871 26
7872 19
7873 11
7874 12
7875 18
7876 13
7877 21
7878 20
7879 12
7880 12
7881 26
7882 26
7883 11
7884 16
7885 10
7886 23
7887 16
7888 13
7889 6
7890 27
7891 41
7892 20
7893 24
7894 11
7895 20
7896 44
7897 14
7898 10
7899 16
7900 20
7901 25
7902 25
7903 6
7904 15
7905 20
7906 20
7907 17
7908 23
7909 12
7910 9
7911 20
7912 17
7913 14
7914 26
7915 10
7916 15
7917 17
7918 15
7919 20
7920 16
7921 23
7922 11
7923 19
7924 9
7925 14
7926 30
7927 23
7928 15
7929 18
7930 7
7931 33
7932 25
7933 9
7934 17
7935 19
7936 29
7937 11
7938 15
7939 10
7940 14
7941 25
7942 8
7943 10
7944 17
7945 20
7946 23
7947 32
7948 8
7949 17
7950 23
7951 10
7952 14
7953 21
7954 17
7955 16
7956 26
7957 12
7958 13
7959 15
7960 7
7961 21
7962 27
7963 9
7964 8
7965 20
7966 15
7967 11
7968 19
7969 8
7970 20
7971 33
7972 24
7973 18
7974 14
7975 10
7976 25
7977 21
7978 7
7979 8
7980 21
7981 28
7982 12
7983 19
7984 4
7985 11
7986 27
7987 6
7988 10
7989 25
7990 9
7991 24
7992 17
7993 7
7994 13
7995 21
7996 18
7997 14
7998 25
7999 37
8000 16
8001 23
8002 12
8003 14
8004 18
8005 10
8006 16
8007 23
8008 23
8009 16
8010 28
8011 17
8012 20
8013 24
8014 10
8015 7
8016 34
8017 9
8018 6
8019 21
8020 6
8021 22
8022 12
8023 11
8024 12
8025 28
8026 25
8027 16
8028 18
8029 9
8030 11
8031 38
8032 5
8033 21
8034 18
8035 12
8036 15
8037 10
8038 15
8039 12
8040 21
8041 10
8042 19
8043 11
8044 29
8045 15
8046 56
8047 7
8048 7
8049 18
8050 12
8051 21
8052 21
8053 24
8054 8
8055 24
8056 14
8057 17
8058 21
8059 5
8060 12
8061 25
8062 17
8063 11
8064 22
8065 9
8066 25
8067 27
8068 8
8069 8
8070 19
8071 20
8072 17
8073 17
8074 14
8075 20
8076 33
8077 18
8078 20
8079 22
8080 24
8081 18
8082 25
8083 4
8084 13
8085 14
8086 11
8087 24
8088 19
8089 23
8090 17
8091 44
8092 4
8093 15
8094 20
8095 9
8096 22
8097 31
8098 12
8099 7
8100 25
8101 13
8102 20
8103 28
8104 9
8105 13
8106 32
8107 25
8108 10
8109 14
8110 14
8111 10
8112 23
8113 4
8114 11
8115 22
8116 26
8117 12
8118 16
8119 9
8120 14
8121 51
8122 15
8123 8
8124 19
8125 8
8126 24
8127 26
8128 11
8129 12
8130 27
8131 20
8132 9
8133 19
8134 20
8135 22
8136 21
8137 5
8138 11
8139 24
8140 10
8141 19
8142 34
8143 19
8144 11
8145 23
8146 10
8147 7
8148 21
8149 12
8150 9
8151 32
8152 24
8153 14
8154 18
8155 12
8156 22
8157 27
8158 12
8159 21
8160 15
8161 34
8162 12
8163 19
8164 5
8165 13
8166 30
8167 14
8168 15
8169 17
8170 15
8171 41
8172 19
8173 4
8174 10
8175 22
8176 14
8177 11
8178 15
8179 15
8180 18
8181 26
8182 9
8183 7
8184 20
8185 11
8186 19
8187 24
8188 16
8189 11
8190 18
8191 23
8192 16
8193 17
8194 11
8195 13
8196 48
8197 9
8198 8
8199 15
8200 6
8201 19
8202 16
8203 10
8204 13
8205 15
8206 26
8207 25
8208 19
8209 14
8210 19
8211 22
8212 15
8213 13
8214 28
8215 33
8216 22
8217 24
8218 5
8219 19
8220 33
8221 18
8222 13
8223 23
8224 15
8225 20
8226 32
8227 8
8228 5
8229 19
8230 11
8231 20
8232 18
8233 27
8234 14
8235 16
8236 15
8237 12
8238 22
8239 11
8240 12
8241 20
8242 30
8243 10
8244 24
8245 8
8246 20
8247 25
8248 7
8249 11
8250 23
8251 33
8252 15
8253 11
8254 11
8255 20
8256 30
8257 9
8258 8
8259 28
8260 12
8261 20
8262 18
8263 5
8264 17
8265 21
8266 14
8267 14
8268 18
8269 23
8270 14
8271 43
8272 10
8273 10
8274 24
8275 12
8276 21
8277 24
8278 17
8279 8
8280 22
8281 13
8282 17
8283 23
8284 7
8285 11
8286 31
8287 11
8288 14
8289 17
8290 8
8291 27
8292 20
8293 13
8294 8
8295 18
8296 46
8297 17
8298 24
8299 7
8300 13
8301 20
8302 6
8303 11
8304 13
8305 13
8306 24
8307 21
8308 9
8309 10
8310 19
8311 19
8312 10
8313 22
8314 19
8315 19
8316 28
8317 11
8318 20
8319 14
8320 11
8321 29
8322 16
8323 28
8324 11
8325 17
8326 20
8327 17
8328 21
8329 12
8330 16
8331 25
8332 32
8333 15
8334 16
8335 7
8336 14
8337 30
8338 12
8339 14
8340 25
8341 28
8342 10
8343 19
8344 9
8345 14
8346 34
8347 6
8348 10
8349 22
8350 29
8351 16
8352 22
8353 8
8354 17
8355 10
8356 20
8357 14
8358 13
8359 15
8360 8
8361 28
8362 6
8363 17
8364 17
8365 12
8366 18
8367 20
8368 18
8369 17
8370 19
8371 20
8372 17
8373 18
8374 9
8375 11
8376 45
8377 22
8378 19
8379 19
8380 7
8381 19
8382 19
8383 8
8384 13
8385 27
8386 19
8387 23
8388 22
8389 11
8390 17
8391 37
8392 11
8393 14
8394 16
8395 20
8396 30
8397 26
8398 8
8399 9
8400 14
8401 22
8402 13
8403 21
8404 23
8405 12
8406 41
8407 10
8408 11
8409 25
8410 8
8411 25
8412 25
8413 14
8414 3
8415 31
8416 16
8417 17
8418 18
8419 16
8420 16
8421 45
8422 12
8423 11
8424 11
8425 12
8426 14
8427 28
8428 16
8429 11
8430 27
8431 37
8432 22
8433 17
8434 7
8435 8
8436 38
8437 11
8438 12
8439 13
8440 12
8441 25
8442 16
8443 11
8444 12
8445 20
8446 16
8447 11
8448 13
8449 18
8450 8
8451 36
8452 12
8453 18
8454 32
8455 8
8456 15
8457 23
8458 19
8459 15
8460 20
8461 15
8462 13
8463 19
8464 9
8465 14
8466 35
8467 19
8468 11
8469 22
8470 15
8471 22
8472 28
8473 16
8474 12
8475 21
8476 15
8477 9
8478 18
8479 10
8480 18
8481 24
8482 9
8483 15
8484 25
8485 27
8486 21
8487 21
8488 6
8489 14
8490 17
8491 13
8492 12
8493 23
8494 16
8495 22
8496 35
8497 5
8498 6
8499 12
8500 13
8501 31
8502 17
8503 9
8504 11
8505 15
8506 16
8507 10
8508 22
8509 7
8510 11
8511 32
8512 17
8513 9
8514 22
8515 6
8516 24
8517 29
8518 13
8519 20
8520 17
8521 19
8522 16
8523 24
8524 8
8525 10
8526 19
8527 19
8528 12
8529 21
8530 27
8531 16
8532 20
8533 8
8534 15
8535 19
8536 6
8537 17
8538 15
8539 27
8540 12
8541 25
8542 10
8543 11
8544 17
8545 15
8546 28
8547 14
8548 18
8549 13
8550 14
8551 14
8552 10
8553 15
8554 12
8555 16
8556 22
8557 21
8558 14
8559 20
8560 7
8561 13
8562 32
8563 8
8564 14
8565 29
8566 41
8567 10
8568 15
8569 6
8570 22
8571 61
8572 14
8573 10
8574 25
8575 22
8576 16
8577 40
8578 9
8579 5
8580 24
8581 16
8582 15
8583 21
8584 20
8585 8
8586 28
8587 6
8588 10
8589 17
8590 11
8591 16
8592 19
8593 27
8594 13
8595 14
8596 14
8597 24
8598 13
8599 15
8600 10
8601 27
8602 11
8603 13
8604 20
8605 14
8606 16
8607 31
8608 7
8609 11
8610 34
8611 29
8612 17
8613 14
8614 11
8615 11
8616 41
8617 17
8618 13
8619 14
8620 25
8621 25
8622 18
8623 4
8624 7
8625 16
8626 16
8627 15
8628 15
8629 13
8630 12
8631 13
8632 12
8633 17
8634 23
8635 6
8636 24
8637 26
8638 19
8639 11
8640 18
8641 17
8642 10
8643 24
8644 10
8645 15
8646 42
8647 31
8648 9
8649 22
8650 6
8651 14
8652 17
8653 4
8654 10
8655 17
8656 36
8657 14
8658 20
8659 8
8660 14
8661 47
8662 12
8663 11
8664 20
8665 23
8666 22
8667 27
8668 11
8669 13
8670 23
8671 21
8672 13
8673 15
8674 24
8675 12
8676 31
8677 6
8678 11
8679 14
8680 10
8681 24
8682 24
8683 5
8684 13
8685 15
8686 16
8687 11
8688 28
8689 9
8690 12
8691 36
8692 20
8693 7
8694 17
8695 14
8696 46
8697 12
8698 10
8699 10
8700 14
8701 46
8702 26
8703 16
8704 6
8705 15
8706 29
8707 10
8708 7
8709 12
8710 17
8711 23
8712 26
8713 10
8714 19
8715 15
8716 8
8717 19
8718 22
8719 15
8720 16
8721 36
8722 9
8723 16
8724 17
8725 7
8726 21
8727 25
8728 20
8729 8
8730 20
8731 12
8732 19
8733 13
8734 6
8735 15
8736 24
8737 29
8738 10
8739 18
8740 13
8741 24
8742 17
8743 10
8744 10
8745 32
8746 40
8747 13
8748 23
8749 7
8750 11
8751 46
8752 12
8753 15
8754 14
8755 26
8756 16
8757 11
8758 8
8759 22
8760 16
8761 20
8762 11
8763 19
8764 15
8765 13
8766 49
8767 15
8768 11
8769 20
8770 12
8771 24
8772 18
8773 18
8774 13
8775 22
8776 7
8777 12
8778 16
8779 10
8780 15
8781 29
8782 20
8783 8
8784 16
8785 5
8786 23
8787 37
8788 3
8789 8
8790 27
8791 27
8792 10
8793 18
8794 13
8795 12
8796 41
8797 8
8798 9
8799 14
8800 20
8801 23
8802 23
8803 12
8804 7
8805 33
8806 11
8807 8
8808 21
8809 19
8810 7
8811 26
8812 8
8813 15
8814 19
8815 12
8816 16
8817 36
8818 19
8819 15
8820 15
8821 16
8822 19
8823 22
8824 4
8825 19
8826 28
8827 7
8828 8
8829 17
8830 8
8831 24
8832 26
8833 7
8834 16
8835 28
8836 34
8837 19
8838 22
8839 7
8840 17
8841 23
8842 7
8843 7
8844 22
8845 16
8846 29
8847 15
8848 7
8849 13
8850 21
8851 9
8852 14
8853 14
8854 4
8855 12
8856 47
8857 9
8858 12
8859 25
8860 10
8861 21
8862 26
8863 24
8864 15
8865 14
8866 13
8867 13
8868 17
8869 7
8870 15
8871 47
8872 15
8873 14
8874 19
8875 14
8876 17
8877 26
8878 8
8879 14
8880 25
8881 33
8882 11
8883 19
8884 12
8885 17
8886 25
8887 10
8888 7
8889 28
8890 19
8891 26
8892 22
8893 10
8894 14
8895 19
8896 31
8897 12
8898 17
8899 18
8900 12
8901 36
8902 12
8903 11
8904 15
8905 12
8906 19
8907 25
8908 15
8909 16
8910 16
8911 18
8912 18
8913 24
8914 12
8915 21
8916 29
8917 22
8918 10
8919 27
8920 6
8921 26
8922 48
8923 9
8924 9
8925 21
8926 36
8927 23
8928 21
8929 5
8930 11
8931 28
8932 3
8933 18
8934 23
8935 26
8936 18
8937 17
8938 8
8939 5
8940 17
8941 16
8942 15
8943 13
8944 27
8945 19
8946 30
8947 8
8948 17
8949 18
8950 6
8951 22
8952 28
8953 10
8954 10
8955 25
8956 6
8957 14
8958 13
8959 10
8960 10
8961 25
8962 34
8963 13
8964 26
8965 14
8966 20
8967 29
8968 7
8969 17
8970 17
8971 47
8972 12
8973 24
8974 11
8975 10
8976 34
8977 15
8978 17
8979 29
8980 21
8981 11
8982 16
8983 4
8984 12
8985 19
8986 13
8987 17
8988 21
8989 24
8990 18
8991 26
8992 10
8993 14
8994 13
8995 5
8996 33
8997 17
8998 26
8999 18
9000 28
9001 10
9002 10
9003 22
9004 4
9005 10
9006 28
9007 10
9008 9
9009 20
9010 15
9011 20
9012 22
9013 11
9014 9
9015 13
9016 19
9017 25
9018 13
9019 12
9020 16
9021 41
9022 18
9023 13
9024 29
9025 25
9026 24
9027 23
9028 7
9029 13
9030 20
9031 11
9032 13
9033 22
9034 16
9035 8
9036 38
9037 6
9038 10
9039 27
9040 5
9041 28
9042 22
9043 20
9044 14
9045 27
9046 24
9047 20
9048 13
9049 8
9050 15
9051 22
9052 29
9053 9
9054 24
9055 13
9056 25
9057 15
9058 8
9059 14
9060 19
9061 42
9062 14
9063 14
9064 8
9065 18
9066 31
9067 19
9068 11
9069 18
9070 13
9071 30
9072 15
9073 11
9074 10
9075 32
9076 20
9077 12
9078 32
9079 18
9080 17
9081 26
9082 10
9083 12
9084 18
9085 8
9086 10
9087 24
9088 14
9089 13
9090 26
9091 20
9092 10
9093 19
9094 9
9095 17
9096 40
9097 17
9098 6
9099 20
9100 8
9101 27
9102 18
9103 9
9104 19
9105 26
9106 32
9107 14
9108 21
9109 14
9110 14
9111 44
9112 12
9113 14
9114 13
9115 20
9116 25
9117 33
9118 7
9119 7
9120 26
9121 16
9122 13
9123 20
9124 20
9125 12
9126 27
9127 8
9128 14
9129 18
9130 21
9131 15
9132 31
9133 18
9134 11
9135 13
9136 13
9137 15
9138 23
9139 13
9140 19
9141 33
9142 15
9143 14
9144 22
9145 7
9146 36
9147 25
9148 10
9149 15
9150 22
9151 29
9152 16
9153 22
9154 5
9155 13
9156 41
9157 7
9158 12
9159 16
9160 24
9161 19
9162 13
9163 3
9164 9
9165 24
9166 23
9167 12
9168 21
9169 14
9170 15
9171 44
9172 2
9173 12
9174 15
9175 13
9176 17
9177 21
9178 13
9179 16
9180 31
9181 6
9182 9
9183 23
9184 6
9185 13
9186 42
9187 24
9188 16
9189 17
9190 8
9191 18
9192 18
9193 14
9194 11
9195 36
9196 27
9197 12
9198 15
9199 7
9200 12
9201 32
9202 10
9203 7
9204 20
9205 24
9206 29
9207 26
9208 11
9209 9
9210 36
9211 25
9212 9
9213 16
9214 19
9215 13
9216 31
9217 9
9218 7
9219 14
9220 11
9221 35
9222 23
9223 28
9224 11
9225 16
9226 12
9227 17
9228 20
9229 12
9230 15
9231 29
9232 26
9233 12
9234 24
9235 12
9236 15
9237 25
9238 6
9239 16
9240 15
9241 35
9242 15
9243 23
9244 2
9245 20
9246 33
9247 14
9248 13
9249 21
9250 20
9251 23
9252 26
9253 5
9254 20
9255 15
9256 15
9257 14
9258 15
9259 11
9260 16
9261 23
9262 6
9263 12
9264 32
9265 14
9266 19
9267 17
9268 13
9269 20
9270 20
9271 19
9272 14
9273 28
9274 6
9275 11
9276 31
9277 12
9278 17
9279 14
9280 9
9281 26
9282 11
9283 18
9284 12
9285 33
9286 32
9287 16
9288 22
9289 8
9290 15
9291 22
9292 15
9293 19
9294 22
9295 23
9296 32
9297 17
9298 4
9299 14
9300 24
9301 24
9302 13
9303 30
9304 14
9305 9
9306 28
9307 5
9308 13
9309 19
9310 5
9311 16
9312 26
9313 18
9314 12
9315 11
9316 12
9317 7
9318 20
9319 7
9320 7
9321 44
9322 26
9323 10
9324 21
9325 10
9326 18
9327 21
9328 12
9329 12
9330 26
9331 22
9332 13
9333 20
9334 9
9335 21
9336 21
9337 11
9338 17
9339 18
9340 33
9341 14
9342 23
9343 10
9344 12
9345 16
9346 19
9347 20
9348 11
9349 18
9350 14
9351 41
9352 8
9353 9
9354 18
9355 18
9356 24
9357 23
9358 17
9359 12
9360 21
9361 19
9362 13
9363 13
9364 11
9365 6
9366 22
9367 21
9368 13
9369 18
9370 7
9371 18
9372 17
9373 8
9374 13
9375 30
9376 35
9377 19
9378 16
9379 5
9380 12
9381 46
9382 21
9383 11
9384 16
9385 25
9386 19
9387 23
9388 6
9389 14
9390 24
9391 11
9392 10
9393 25
9394 12
9395 17
9396 42
9397 9
9398 13
9399 13
9400 14
9401 24
9402 33
9403 31
9404 5
9405 16
9406 14
9407 17
9408 21
9409 10
9410 10
9411 38
9412 10
9413 13
9414 17
9415 7
9416 32
9417 19
9418 14
9419 11
9420 16
9421 47
9422 15
9423 13
9424 11
9425 13
9426 39
9427 10
9428 8
9429 22
9430 22
9431 29
9432 23
9433 17
9434 10
9435 33
9436 11
9437 18
9438 17
9439 20
9440 16
9441 18
9442 7
9443 8
9444 18
9445 7
9446 27
9447 24
9448 12
9449 13
9450 28
9451 10
9452 15
9453 21
9454 11
9455 11
9456 32
9457 14
9458 13
9459 19
9460 7
9461 25
9462 20
9463 7
9464 9
9465 22
9466 29
9467 15
9468 21
9469 5
9470 9
9471 36
9472 12
9473 19
9474 26
9475 21
9476 22
9477 19
9478 6
9479 20
9480 23
9481 17
9482 16
9483 19
9484 24
9485 20
9486 28
9487 16
9488 8
9489 22
9490 11
9491 20
9492 20
9493 14
9494 20
9495 25
9496 19
9497 18
9498 22
9499 10
9500 25
9501 46
9502 21
9503 11
9504 21
9505 4
9506 21
9507 30
9508 7
9509 13
9510 24
9511 34
9512 13
9513 21
9514 10
9515 13
9516 31
9517 4
9518 9
9519 15
9520 21
9521 23
9522 7
9523 6
9524 14
9525 18
9526 12
9527 11
9528 14
9529 12
9530 11
9531 27
9532 11
9533 19
9534 18
9535 10
9536 25
9537 22
9538 28
9539 11
9540 25
9541 15
9542 11
9543 20
9544 12
9545 17
9546 59
9547 23
9548 12
9549 23
9550 8
9551 20
9552 21
9553 10
9554 7
9555 22
9556 27
9557 12
9558 23
9559 17
9560 15
9561 31
9562 6
9563 14
9564 16
9565 23
9566 23
9567 27
9568 7
9569 14
9570 19
9571 20
9572 23
9573 29
9574 7
9575 20
9576 24
9577 16
9578 23
9579 11
9580 5
9581 24
9582 30
9583 15
9584 14
9585 29
9586 12
9587 18
9588 18
9589 9
9590 11
9591 31
9592 27
9593 14
9594 16
9595 7
9596 31
9597 27
9598 18
9599 12
9600 25
9601 25
9602 12
9603 18
9604 4
9605 16
9606 44
9607 9
9608 21
9609 12
9610 18
9611 25
9612 20
9613 10
9614 17
9615 26
9616 17
9617 13
9618 16
9619 20
9620 13
9621 30
9622 12
9623 5
9624 23
9625 8
9626 25
9627 21
9628 17
9629 13
9630 28
9631 12
9632 12
9633 18
9634 12
9635 16
9636 40
9637 25
9638 7
9639 21
9640 8
9641 28
9642 20
9643 13
9644 14
9645 23
9646 45
9647 10
9648 21
9649 10
9650 31
9651 29
9652 10
9653 12
9654 16
9655 18
9656 25
9657 19
9658 7
9659 19
9660 18
9661 17
9662 14
9663 26
9664 24
9665 11
9666 38
9667 6
9668 16
9669 20
9670 11
9671 29
9672 29
9673 11
9674 11
9675 24
9676 18
9677 13
9678 25
9679 12
9680 15
9681 27
9682 23
9683 14
9684 13
9685 16
9686 22
9687 18
9688 5
9689 14
9690 21
9691 37
9692 22
9693 29
9694 12
9695 22
9696 45
9697 16
9698 8
9699 21
9700 14
9701 29
9702 24
9703 5
9704 9
9705 28
9706 14
9707 12
9708 19
9709 11
9710 13
9711 39
9712 7
9713 11
9714 23
9715 9
9716 15
9717 20
9718 17
9719 11
9720 24
9721 28
9722 12
9723 13
9724 8
9725 17
9726 30
9727 27
9728 13
9729 22
9730 7
9731 23
9732 31
9733 6
9734 13
9735 16
9736 26
9737 16
9738 16
9739 8
9740 18
9741 41
9742 6
9743 20
9744 31
9745 20
9746 20
9747 25
9748 4
9749 9
9750 26
9751 6
9752 14
9753 14
9754 28
9755 12
9756 30
9757 7
9758 16
9759 19
9760 9
9761 21
9762 24
9763 12
9764 5
9765 18
9766 9
9767 16
9768 22
9769 15
9770 14
9771 30
9772 14
9773 13
9774 27
9775 9
9776 25
9777 15
9778 8
9779 11
9780 35
9781 40
9782 15
9783 24
9784 11
9785 22
9786 23
9787 14
9788 8
9789 30
9790 29
9791 15
9792 19
9793 24
9794 11
9795 23
9796 22
9797 7
9798 19
9799 12
9800 12
9801 32
9802 11
9803 20
9804 14
9805 13
9806 24
9807 14
9808 23
9809 15
9810 11
9811 12
9812 15
9813 22
9814 8
9815 18
9816 29
9817 15
9818 17
9819 17
9820 10
9821 27
9822 20
9823 12
9824 10
9825 31
9826 33
9827 15
9828 8
9829 5
9830 15
9831 36
9832 14
9833 9
9834 14
9835 25
9836 20
9837 20
9838 7
9839 18
9840 23
9841 12
9842 18
9843 25
9844 19
9845 23
9846 50
9847 9
9848 11
9849 21
9850 12
9851 17
9852 25
9853 19
9854 12
9855 24
9856 4
9857 22
9858 20
9859 13
9860 18
9861 26
9862 25
9863 12
9864 21
9865 10
9866 16
9867 27
9868 6
9869 19
9870 12
9871 50
9872 18
9873 29
9874 11
9875 20
9876 32
9877 8
9878 14
9879 20
9880 26
9881 22
9882 18
9883 9
9884 12
9885 22
9886 15
9887 7
9888 16
9889 14
9890 17
9891 50
9892 16
9893 12
9894 25
9895 14
9896 24
9897 26
9898 12
9899 13
9900 24
9901 14
9902 20
9903 17
9904 10
9905 13
9906 38
9907 26
9908 18
9909 10
9910 15
9911 14
9912 15
9913 9
9914 13
9915 23
9916 35
9917 14
9918 22
9919 8
9920 20
9921 63
9922 5
9923 23
9924 20
9925 16
9926 22
9927 22
9928 5
9929 12
9930 25
9931 11
9932 10
9933 18
9934 21
9935 21
9936 47
9937 6
9938 14
9939 15
9940 15
9941 19
9942 33
9943 14
9944 14
9945 26
9946 21
9947 12
9948 19
9949 14
9950 9
9951 38
9952 28
9953 9
9954 19
9955 9
9956 17
9957 23
9958 10
9959 13
9960 16
9961 13
9962 12
9963 21
9964 10
9965 20
9966 28
9967 14
9968 12
9969 31
9970 21
9971 32
9972 31
9973 4
9974 17
9975 21
9976 17
9977 13
9978 26
9979 20
9980 14
9981 26
9982 7
9983 15
9984 20
9985 9
9986 20
9987 16
9988 16
9989 15
9990 33
9991 15
9992 12
9993 15
9994 6
9995 16
9996 45
9997 19
9998 10
9999 17
10000 13
