
0 1
1 2
2 3
3 2
4 2
5 3
6 3
7 2
8 1
9 3
10 4
11 2
12 1
13 2
14 2
15 2
16 2
17 3
18 5
19 2
20 3
21 3
22 2
23 1
24 1
25 4
26 5
27 4
28 2
29 2
30 4
31 3
32 3
33 3
34 6
35 2
36 6
37 5
38 3
39 3
40 3
41 7
42 6
43 2
44 2
45 5
46 4
47 1
48 2
49 3
50 7
51 6
52 8
53 4
54 5
55 5
56 2
57 4
58 5
59 2
60 3
61 5
62 3
63 4
64 2
65 5
66 9
67 4
68 5
69 4
70 5
71 1
72 3
73 5
74 4
75 5
76 5
77 4
78 2
79 3
80 3
81 8
82 8
83 3
84 6
85 7
86 7
87 5
88 3
89 5
90 11
91 7
92 2
93 2
94 5
95 3
96 3
97 7
98 7
99 6
100 10
101 8
102 5
103 4
104 3
105 7
106 10
107 4
108 5
109 4
110 4
111 5
112 2
113 4
114 6
115 7
116 7
117 8
118 6
119 2
120 2
121 7
122 8
123 4
124 4
125 5
126 8
127 5
128 1
129 4
130 12
131 6
132 8
133 6
134 2
135 6
136 4
137 4
138 5
139 5
140 4
141 5
142 5
143 2
144 3
145 9
146 9
147 6
148 7
149 7
150 7
151 6
152 3
153 8
154 9
155 5
156 3
157 4
158 5
159 2
160 4
161 8
162 12
163 7
164 6
165 6
166 7
167 3
168 1
169 6
170 11
171 11
172 7
173 3
174 5
175 9
176 2
177 4
178 8
179 6
180 11
181 9
182 6
183 3
184 2
185 9
186 9
187 7
188 3
189 4
190 7
191 2
192 1
193 3
194 9
195 8
196 11
197 6
198 8
199 6
200 3
201 8
202 9
203 6
204 2
205 9
206 9
207 7
208 2
209 5
210 10
211 6
212 7
213 5
214 4
215 3
216 4
217 7
218 5
219 5
220 7
221 6
222 3
223 6
224 2
225 7
226 15
227 9
228 7
229 5
230 10
231 6
232 4
233 4
234 12
235 9
236 6
237 6
238 5
239 3
240 2
241 6
242 7
243 8
244 9
245 6
246 6
247 8
248 2
249 5
250 12
251 10
252 7
253 3
254 4
255 6
256 2
257 8
258 10
259 6
260 11
261 13
262 12
263 4
264 3
265 10
266 12
267 5
268 6
269 4
270 9
271 7
272 3
273 7
274 7
275 10
276 12
277 8
278 6
279 5
280 4
281 9
282 9
283 6
284 4
285 6
286 9
287 5
288 5
289 7
290 13
291 10
292 13
293 9
294 8
295 7
296 5
297 8
298 9
299 4
300 6
301 8
302 4
303 2
304 2
305 10
306 14
307 10
308 7
309 6
310 9
311 7
312 3
313 6
314 9
315 13
316 5
317 3
318 5
319 6
320 3
321 9
322 11
323 4
324 11
325 13
326 11
327 5
328 5
329 5
330 12
331 8
332 7
333 4
334 4
335 4
336 3
337 6
338 9
339 8
340 14
341 14
342 10
343 6
344 1
345 10
346 8
347 6
348 3
349 6
350 9
351 8
352 2
353 6
354 8
355 7
356 12
357 9
358 6
359 3
360 7
361 9
362 10
363 6
364 9
365 7
366 9
367 7
368 1
369 10
370 16
371 9
372 10
373 7
374 10
375 8
376 6
377 7
378 10
379 8
380 3
381 8
382 7
383 5
384 1
385 8
386 12
387 7
388 11
389 5
390 9
391 5
392 5
393 8
394 7
395 10
396 11
397 8
398 3
399 5
400 4
401 11
402 9
403 6
404 8
405 18
406 16
407 5
408 4
409 10
410 10
411 6
412 6
413 7
414 7
415 9
416 5
417 7
418 11
419 6
420 12
421 10
422 8
423 7
424 6
425 10
426 17
427 10
428 5
429 8
430 13
431 5
432 4
433 7
434 9
435 4
436 13
437 9
438 7
439 4
440 4
441 18
442 11
443 7
444 4
445 10
446 10
447 8
448 2
449 4
450 18
451 15
452 11
453 7
454 8
455 9
456 7
457 13
458 11
459 7
460 11
461 9
462 6
463 4
464 2
465 8
466 10
467 8
468 12
469 9
470 8
471 5
472 4
473 7
474 7
475 6
476 6
477 11
478 10
479 4
480 4
481 16
482 13
483 8
484 9
485 13
486 17
487 11
488 4
489 8
490 17
491 8
492 6
493 9
494 9
495 10
496 3
497 6
498 9
499 3
500 14
501 13
502 11
503 4
504 5
505 15
506 12
507 7
508 3
509 6
510 10
511 8
512 3
513 9
514 14
515 9
516 16
517 11
518 7
519 5
520 9
521 14
522 16
523 6
524 4
525 15
526 11
527 5
528 3
529 8
530 12
531 14
532 14
533 7
534 8
535 14
536 5
537 12
538 11
539 7
540 6
541 12
542 5
543 6
544 6
545 10
546 18
547 5
548 9
549 14
550 17
551 7
552 7
553 8
554 10
555 6
556 10
557 6
558 8
559 8
560 2
561 13
562 15
563 4
564 10
565 15
566 12
567 8
568 2
569 8
570 16
571 8
572 5
573 8
574 11
575 7
576 6
577 11
578 11
579 5
580 17
581 17
582 6
583 10
584 6
585 20
586 16
587 9
588 6
589 8
590 11
591 7
592 5
593 9
594 14
595 11
596 9
597 10
598 10
599 4
600 6
601 18
602 12
603 7
604 6
605 6
606 9
607 6
608 3
609 8
610 18
611 9
612 19
613 13
614 8
615 8
616 11
617 9
618 9
619 6
620 6
621 14
622 7
623 5
624 3
625 14
626 22
627 10
628 15
629 14
630 22
631 9
632 1
633 11
634 13
635 10
636 7
637 13
638 9
639 7
640 3
641 12
642 17
643 9
644 8
645 15
646 13
647 6
648 8
649 12
650 17
651 14
652 9
653 5
654 9
655 16
656 7
657 17
658 13
659 8
660 12
661 21
662 12
663 6
664 4
665 16
666 24
667 11
668 5
669 6
670 13
671 6
672 6
673 10
674 12
675 14
676 22
677 14
678 14
679 10
680 6
681 20
682 19
683 6
684 7
685 15
686 14
687 9
688 2
689 10
690 21
691 11
692 12
693 18
694 13
695 7
696 5
697 15
698 13
699 8
700 9
701 10
702 15
703 10
704 2
705 15
706 26
707 11
708 10
709 12
710 17
711 15
712 11
713 9
714 14
715 9
716 8
717 12
718 8
719 8
720 5
721 16
722 13
723 9
724 12
725 16
726 20
727 13
728 4
729 14
730 24
731 13
732 4
733 14
734 6
735 12
736 4
737 9
738 17
739 6
740 13
741 22
742 17
743 6
744 6
745 18
746 21
747 14
748 10
749 6
750 14
751 12
752 1
753 7
754 16
755 11
756 25
757 14
758 9
759 11
760 6
761 18
762 18
763 6
764 4
765 13
766 19
767 8
768 2
769 10
770 23
771 13
772 16
773 9
774 17
775 15
776 8
777 17
778 17
779 8
780 10
781 17
782 10
783 9
784 3
785 9
786 19
787 12
788 8
789 14
790 16
791 12
792 3
793 14
794 11
795 15
796 8
797 10
798 14
799 10
800 7
801 21
802 20
803 7
804 16
805 23
806 14
807 7
808 9
809 12
810 27
811 16
812 7
813 9
814 12
815 9
816 6
817 10
818 14
819 13
820 16
821 19
822 15
823 12
824 3
825 23
826 23
827 5
828 6
829 9
830 15
831 10
832 8
833 8
834 20
835 11
836 17
837 18
838 15
839 5
840 8
841 21
842 11
843 10
844 10
845 13
846 27
847 18
848 4
849 10
850 25
851 14
852 16
853 10
854 10
855 18
856 6
857 14
858 16
859 11
860 4
861 15
862 11
863 6
864 5
865 16
866 23
867 11
868 15
869 9
870 15
871 14
872 5
873 18
874 20
875 9
876 12
877 16
878 7
879 8
880 5
881 17
882 29
883 12
884 8
885 21
886 21
887 9
888 3
889 19
890 18
891 16
892 9
893 8
894 7
895 14
896 2
897 11
898 16
899 9
900 21
901 23
902 17
903 11
904 8
905 10
906 25
907 7
908 6
909 13
910 23
911 8
912 4
913 12
914 12
915 12
916 22
917 12
918 12
919 8
920 3
921 20
922 18
923 9
924 5
925 15
926 16
927 17
928 5
929 7
930 25
931 17
932 12
933 13
934 15
935 11
936 15
937 20
938 17
939 6
940 13
941 14
942 12
943 7
944 2
945 16
946 23
947 6
948 10
949 15
950 15
951 21
952 5
953 15
954 19
955 12
956 5
957 15
958 10
959 7
960 3
961 12
962 17
963 11
964 17
965 18
966 24
967 14
968 6
969 13
970 20
971 11
972 10
973 10
974 8
975 12
976 5
977 6
978 18
979 8
980 16
981 28
982 15
983 8
984 4
985 27
986 23
987 12
988 7
989 8
990 25
991 18
992 3
993 9
994 18
995 11
996 16
997 16
998 10
999 11
1000 11
1001 20
1002 23
1003 9
1004 6
1005 14
1006 21
1007 8
1008 4
1009 7
1010 15
1011 14
1012 20
1013 9
1014 13
1015 19
1016 4
1017 21
1018 21
1019 7
1020 6
1021 17
1022 12
1023 10
1024 2
1025 13
1026 30
1027 12
1028 6
1029 17
1030 19
1031 8
1032 9
1033 17
1034 17
1035 15
1036 14
1037 5
1038 9
1039 12
1040 5
1041 19
1042 25
1043 7
1044 14
1045 22
1046 19
1047 10
1048 3
1049 12
1050 24
1051 14
1052 5
1053 17
1054 13
1055 10
1056 9
1057 16
1058 11
1059 7
1060 19
1061 20
1062 15
1063 13
1064 4
1065 16
1066 29
1067 15
1068 10
1069 13
1070 15
1071 23
1072 4
1073 6
1074 16
1075 12
1076 20
1077 16
1078 15
1079 6
1080 6
1081 21
1082 13
1083 9
1084 7
1085 10
1086 18
1087 12
1088 5
1089 14
1090 26
1091 13
1092 18
1093 11
1094 14
1095 9
1096 11
1097 13
1098 22
1099 12
1100 4
1101 13
1102 20
1103 11
1104 4
1105 22
1106 25
1107 14
1108 12
1109 14
1110 27
1111 18
1112 2
1113 16
1114 15
1115 11
1116 13
1117 12
1118 12
1119 13
1120 5
1121 14
1122 16
1123 9
1124 12
1125 24
1126 21
1127 15
1128 5
1129 13
1130 22
1131 16
1132 10
1133 8
1134 15
1135 13
1136 1
1137 11
1138 19
1139 7
1140 19
1141 26
1142 8
1143 10
1144 4
1145 16
1146 28
1147 11
1148 7
1149 9
1150 16
1151 14
1152 3
1153 10
1154 18
1155 16
1156 23
1157 11
1158 16
1159 15
1160 9
1161 28
1162 24
1163 8
1164 6
1165 15
1166 15
1167 9
1168 5
1169 10
1170 32
1171 14
1172 11
1173 11
1174 15
1175 11
1176 6
1177 16
1178 9
1179 10
1180 8
1181 17
1182 16
1183 12
1184 4
1185 16
1186 26
1187 10
1188 22
1189 19
1190 13
1191 19
1192 11
1193 8
1194 16
1195 12
1196 11
1197 15
1198 13
1199 7
1200 5
1201 16
1202 17
1203 11
1204 15
1205 20
1206 25
1207 15
1208 2
1209 15
1210 29
1211 13
1212 7
1213 10
1214 9
1215 17
1216 5
1217 8
1218 20
1219 8
1220 9
1221 20
1222 15
1223 8
1224 8
1225 24
1226 26
1227 10
1228 11
1229 6
1230 13
1231 16
1232 4
1233 11
1234 15
1235 15
1236 21
1237 22
1238 13
1239 16
1240 6
1241 18
1242 23
1243 9
1244 5
1245 12
1246 29
1247 6
1248 2
1249 8
1250 30
1251 26
1252 19
1253 13
1254 14
1255 20
1256 10
1257 19
1258 16
1259 9
1260 16
1261 17
1262 15
1263 16
1264 3
1265 9
1266 31
1267 13
1268 8
1269 14
1270 24
1271 12
1272 3
1273 18
1274 13
1275 15
1276 15
1277 13
1278 14
1279 15
1280 3
1281 18
1282 22
1283 6
1284 17
1285 18
1286 19
1287 22
1288 9
1289 10
1290 18
1291 17
1292 9
1293 13
1294 11
1295 11
1296 8
1297 15
1298 17
1299 10
1300 29
1301 19
1302 21
1303 10
1304 4
1305 31
1306 30
1307 10
1308 9
1309 14
1310 14
1311 18
1312 8
1313 10
1314 28
1315 18
1316 20
1317 17
1318 17
1319 8
1320 8
1321 27
1322 21
1323 12
1324 10
1325 9
1326 25
1327 19
1328 3
1329 10
1330 33
1331 18
1332 21
1333 18
1334 10
1335 13
1336 7
1337 15
1338 18
1339 10
1340 7
1341 25
1342 15
1343 8
1344 6
1345 14
1346 19
1347 12
1348 18
1349 10
1350 26
1351 24
1352 6
1353 15
1354 22
1355 12
1356 16
1357 18
1358 15
1359 8
1360 7
1361 19
1362 19
1363 10
1364 11
1365 23
1366 17
1367 10
1368 5
1369 19
1370 23
1371 23
1372 11
1373 8
1374 12
1375 21
1376 7
1377 16
1378 22
1379 12
1380 21
1381 23
1382 13
1383 13
1384 11
1385 20
1386 43
1387 11
1388 4
1389 8
1390 19
1391 16
1392 5
1393 12
1394 19
1395 20
1396 29
1397 12
1398 10
1399 14
1400 3
1401 20
1402 22
1403 13
1404 9
1405 20
1406 22
1407 13
1408 3
1409 8
1410 26
1411 10
1412 18
1413 18
1414 15
1415 12
1416 11
1417 22
1418 13
1419 16
1420 15
1421 15
1422 21
1423 13
1424 5
1425 17
1426 36
1427 7
1428 16
1429 13
1430 14
1431 20
1432 6
1433 14
1434 20
1435 15
1436 6
1437 11
1438 13
1439 7
1440 11
1441 21
1442 17
1443 10
1444 18
1445 22
1446 22
1447 16
1448 7
1449 26
1450 32
1451 13
1452 11
1453 18
1454 9
1455 19
1456 7
1457 8
1458 24
1459 13
1460 16
1461 25
1462 17
1463 9
1464 3
1465 25
1466 27
1467 16
1468 9
1469 11
1470 22
1471 28
1472 2
1473 8
1474 24
1475 14
1476 35
1477 19
1478 7
1479 7
1480 15
1481 23
1482 24
1483 8
1484 10
1485 21
1486 23
1487 10
1488 2
1489 13
1490 18
1491 20
1492 19
1493 13
1494 16
1495 19
1496 6
1497 20
1498 22
1499 5
1500 9
1501 23
1502 11
1503 11
1504 5
1505 13
1506 24
1507 12
1508 16
1509 15
1510 25
1511 13
1512 14
1513 16
1514 21
1515 17
1516 16
1517 8
1518 18
1519 14
1520 3
1521 17
1522 29
1523 11
1524 15
1525 28
1526 25
1527 15
1528 5
1529 14
1530 34
1531 19
1532 7
1533 9
1534 12
1535 10
1536 3
1537 13
1538 17
1539 19
1540 31
1541 19
1542 12
1543 16
1544 5
1545 22
1546 29
1547 12
1548 9
1549 15
1550 19
1551 22
1552 7
1553 13
1554 19
1555 8
1556 19
1557 22
1558 16
1559 12
1560 6
1561 34
1562 17
1563 9
1564 7
1565 15
1566 24
1567 15
1568 7
1569 14
1570 25
1571 12
1572 15
1573 21
1574 12
1575 24
1576 11
1577 10
1578 21
1579 8
1580 10
1581 15
1582 12
1583 6
1584 6
1585 20
1586 29
1587 15
1588 21
1589 14
1590 20
1591 16
1592 4
1593 17
1594 19
1595 13
1596 16
1597 16
1598 9
1599 13
1600 10
1601 21
1602 31
1603 16
1604 12
1605 23
1606 26
1607 12
1608 9
1609 16
1610 27
1611 22
1612 15
1613 8
1614 16
1615 17
1616 8
1617 17
1618 24
1619 5
1620 26
1621 20
1622 13
1623 13
1624 4
1625 19
1626 28
1627 17
1628 6
1629 17
1630 21
1631 16
1632 5
1633 13
1634 15
1635 12
1636 26
1637 17
1638 20
1639 11
1640 8
1641 28
1642 30
1643 8
1644 10
1645 23
1646 14
1647 15
1648 4
1649 10
1650 31
1651 25
1652 12
1653 14
1654 16
1655 13
1656 9
1657 21
1658 16
1659 11
1660 6
1661 18
1662 17
1663 11
1664 3
1665 23
1666 42
1667 9
1668 15
1669 19
1670 15
1671 19
1672 11
1673 13
1674 21
1675 20
1676 12
1677 14
1678 16
1679 9
1680 7
1681 23
1682 19
1683 16
1684 19
1685 17
1686 21
1687 18
1688 2
1689 8
1690 30
1691 16
1692 15
1693 10
1694 13
1695 16
1696 10
1697 11
1698 19
1699 13
1700 19
1701 38
1702 19
1703 6
1704 6
1705 33
1706 24
1707 14
1708 14
1709 7
1710 21
1711 17
1712 4
1713 9
1714 25
1715 14
1716 30
1717 19
1718 15
1719 18
1720 6
1721 25
1722 24
1723 9
1724 1
1725 15
1726 24
1727 10
1728 5
1729 18
1730 27
1731 20
1732 26
1733 11
1734 14
1735 18
1736 11
1737 20
1738 18
1739 10
1740 12
1741 16
1742 8
1743 17
1744 4
1745 15
1746 43
1747 14
1748 12
1749 16
1750 26
1751 11
1752 2
1753 16
1754 11
1755 14
1756 14
1757 12
1758 9
1759 14
1760 4
1761 14
1762 22
1763 13
1764 20
1765 25
1766 19
1767 12
1768 13
1769 14
1770 38
1771 23
1772 6
1773 19
1774 18
1775 13
1776 5
1777 18
1778 18
1779 9
1780 26
1781 29
1782 25
1783 19
1784 3
1785 26
1786 32
1787 8
1788 5
1789 16
1790 20
1791 23
1792 2
1793 8
1794 20
1795 14
1796 18
1797 20
1798 15
1799 13
1800 14
1801 31
1802 19
1803 8
1804 14
1805 12
1806 27
1807 17
1808 4
1809 15
1810 27
1811 17
1812 21
1813 20
1814 11
1815 14
1816 9
1817 19
1818 20
1819 10
1820 7
1821 16
1822 16
1823 7
1824 6
1825 22
1826 36
1827 19
1828 16
1829 13
1830 23
1831 21
1832 8
1833 16
1834 25
1835 13
1836 14
1837 19
1838 9
1839 10
1840 7
1841 10
1842 20
1843 10
1844 17
1845 28
1846 28
1847 9
1848 5
1849 17
1850 25
1851 29
1852 11
1853 12
1854 20
1855 21
1856 7
1857 11
1858 26
1859 9
1860 22
1861 29
1862 17
1863 18
1864 11
1865 18
1866 33
1867 9
1868 5
1869 12
1870 17
1871 12
1872 8
1873 13
1874 16
1875 21
1876 29
1877 12
1878 13
1879 16
1880 6
1881 37
1882 30
1883 8
1884 8
1885 24
1886 21
1887 17
1888 6
1889 14
1890 35
1891 17
1892 12
1893 12
1894 15
1895 10
1896 8
1897 21
1898 18
1899 14
1900 18
1901 13
1902 17
1903 18
1904 2
1905 17
1906 31
1907 11
1908 20
1909 18
1910 11
1911 26
1912 2
1913 13
1914 18
1915 13
1916 10
1917 16
1918 17
1919 6
1920 2
1921 23
1922 19
1923 11
1924 20
1925 24
1926 35
1927 14
1928 5
1929 18
1930 37
1931 12
1932 10
1933 14
1934 11
1935 26
1936 7
1937 16
1938 25
1939 16
1940 13
1941 23
1942 17
1943 13
1944 6
1945 25
1946 29
1947 15
1948 9
1949 9
1950 23
1951 22
1952 8
1953 18
1954 22
1955 8
1956 27
1957 20
1958 11
1959 9
1960 17
1961 16
1962 27
1963 14
1964 7
1965 17
1966 33
1967 10
1968 4
1969 11
1970 26
1971 19
1972 25
1973 18
1974 16
1975 21
1976 6
1977 24
1978 21
1979 7
1980 12
1981 27
1982 6
1983 7
1984 4
1985 11
1986 26
1987 16
1988 15
1989 17
1990 21
1991 17
1992 8
1993 22
1994 17
1995 20
1996 13
1997 8
1998 18
1999 12
2000 5
2001 18
2002 35
2003 8
2004 16
2005 28
2006 21
2007 16
2008 4
2009 14
2010 27
2011 19
2012 5
2013 11
2014 13
2015 13
2016 8
2017 11
2018 18
2019 12
2020 30
2021 27
2022 21
2023 14
2024 7
2025 32
2026 34
2027 12
2028 12
2029 17
2030 22
2031 18
2032 5
2033 10
2034 24
2035 15
2036 21
2037 22
2038 12
2039 10
2040 5
2041 35
2042 22
2043 18
2044 9
2045 17
2046 30
2047 19
2048 1
2049 10
2050 32
2051 21
2052 22
2053 16
2054 13
2055 17
2056 17
2057 13
2058 25
2059 9
2060 10
2061 17
2062 17
2063 7
2064 4
2065 19
2066 20
2067 9
2068 15
2069 18
2070 29
2071 28
2072 4
2073 18
2074 20
2075 15
2076 17
2077 15
2078 11
2079 19
2080 12
2081 19
2082 25
2083 10
2084 13
2085 25
2086 29
2087 9
2088 9
2089 20
2090 25
2091 21
2092 11
2093 9
2094 15
2095 18
2096 6
2097 15
2098 25
2099 11
2100 24
2101 27
2102 8
2103 9
2104 3
2105 24
2106 49
2107 16
2108 6
2109 11
2110 27
2111 14
2112 8
2113 14
2114 17
2115 18
2116 25
2117 15
2118 12
2119 13
2120 11
2121 31
2122 25
2123 9
2124 18
2125 28
2126 20
2127 18
2128 6
2129 11
2130 27
2131 20
2132 17
2133 20
2134 25
2135 11
2136 6
2137 28
2138 17
2139 12
2140 11
2141 26
2142 22
2143 12
2144 2
2145 17
2146 33
2147 14
2148 18
2149 16
2150 20
2151 29
2152 12
2153 12
2154 21
2155 18
2156 17
2157 13
2158 18
2159 9
2160 6
2161 21
2162 24
2163 16
2164 20
2165 13
2166 23
2167 18
2168 7
2169 23
2170 32
2171 17
2172 6
2173 16
2174 15
2175 22
2176 4
2177 14
2178 33
2179 15
2180 21
2181 25
2182 21
2183 6
2184 10
2185 25
2186 26
2187 16
2188 11
2189 9
2190 18
2191 27
2192 4
2193 14
2194 24
2195 12
2196 35
2197 23
2198 19
2199 16
2200 8
2201 23
2202 22
2203 8
2204 7
2205 31
2206 29
2207 14
2208 5
2209 12
2210 21
2211 26
2212 34
2213 13
2214 18
2215 27
2216 11
2217 15
2218 24
2219 12
2220 12
2221 16
2222 17
2223 18
2224 5
2225 15
2226 44
2227 15
2228 15
2229 19
2230 23
2231 20
2232 7
2233 20
2234 14
2235 11
2236 21
2237 8
2238 12
2239 11
2240 4
2241 25
2242 28
2243 9
2244 12
2245 28
2246 19
2247 16
2248 6
2249 18
2250 38
2251 24
2252 8
2253 13
2254 22
2255 16
2256 5
2257 17
2258 20
2259 15
2260 26
2261 28
2262 20
2263 19
2264 5
2265 24
2266 37
2267 13
2268 11
2269 13
2270 17
2271 19
2272 5
2273 9
2274 21
2275 17
2276 26
2277 25
2278 14
2279 10
2280 14
2281 32
2282 18
2283 13
2284 10
2285 18
2286 32
2287 19
2288 2
2289 12
2290 42
2291 18
2292 19
2293 20
2294 13
2295 18
2296 8
2297 13
2298 15
2299 16
2300 11
2301 23
2302 15
2303 13
2304 3
2305 19
2306 33
2307 15
2308 22
2309 13
2310 30
2311 17
2312 8
2313 22
2314 23
2315 16
2316 21
2317 22
2318 12
2319 12
2320 9
2321 19
2322 23
2323 12
2324 14
2325 23
2326 30
2327 11
2328 6
2329 22
2330 25
2331 29
2332 9
2333 10
2334 17
2335 22
2336 9
2337 17
2338 26
2339 11
2340 35
2341 28
2342 21
2343 17
2344 13
2345 23
2346 34
2347 9
2348 12
2349 15
2350 19
2351 19
2352 6
2353 12
2354 15
2355 23
2356 28
2357 17
2358 26
2359 18
2360 4
2361 18
2362 26
2363 8
2364 8
2365 24
2366 25
2367 19
2368 7
2369 12
2370 28
2371 21
2372 18
2373 20
2374 10
2375 14
2376 16
2377 22
2378 24
2379 17
2380 18
2381 12
2382 12
2383 15
2384 7
2385 29
2386 33
2387 14
2388 16
2389 19
2390 20
2391 21
2392 7
2393 18
2394 38
2395 18
2396 8
2397 14
2398 18
2399 9
2400 7
2401 24
2402 23
2403 14
2404 18
2405 25
2406 34
2407 23
2408 5
2409 21
2410 40
2411 19
2412 15
2413 10
2414 14
2415 16
2416 6
2417 12
2418 22
2419 11
2420 25
2421 38
2422 22
2423 11
2424 4
2425 33
2426 32
2427 17
2428 11
2429 14
2430 29
2431 27
2432 3
2433 14
2434 24
2435 17
2436 37
2437 20
2438 11
2439 20
2440 14
2441 28
2442 31
2443 17
2444 11
2445 15
2446 31
2447 11
2448 8
2449 13
2450 30
2451 30
2452 24
2453 18
2454 12
2455 20
2456 8
2457 28
2458 20
2459 12
2460 14
2461 28
2462 14
2463 13
2464 9
2465 22
2466 42
2467 18
2468 12
2469 16
2470 28
2471 22
2472 8
2473 20
2474 26
2475 25
2476 27
2477 12
2478 20
2479 19
2480 5
2481 20
2482 28
2483 17
2484 26
2485 28
2486 23
2487 14
2488 6
2489 12
2490 29
2491 25
2492 8
2493 11
2494 16
2495 14
2496 3
2497 18
2498 21
2499 14
2500 31
2501 27
2502 32
2503 15
2504 7
2505 30
2506 41
2507 10
2508 14
2509 17
2510 25
2511 38
2512 4
2513 16
2514 25
2515 19
2516 26
2517 21
2518 15
2519 12
2520 11
2521 27
2522 17
2523 18
2524 11
2525 18
2526 37
2527 26
2528 5
2529 16
2530 40
2531 18
2532 25
2533 18
2534 14
2535 23
2536 13
2537 19
2538 32
2539 11
2540 13
2541 23
2542 18
2543 6
2544 2
2545 22
2546 44
2547 20
2548 26
2549 17
2550 29
2551 27
2552 6
2553 18
2554 28
2555 22
2556 18
2557 17
2558 14
2559 18
2560 4
2561 18
2562 35
2563 17
2564 14
2565 34
2566 29
2567 14
2568 9
2569 22
2570 26
2571 26
2572 18
2573 9
2574 24
2575 19
2576 8
2577 13
2578 18
2579 16
2580 23
2581 34
2582 17
2583 23
2584 3
2585 25
2586 30
2587 17
2588 11
2589 15
2590 24
2591 19
2592 12
2593 17
2594 17
2595 22
2596 40
2597 22
2598 20
2599 19
2600 15
2601 36
2602 38
2603 16
2604 18
2605 25
2606 28
2607 18
2608 7
2609 13
2610 50
2611 26
2612 19
2613 23
2614 19
2615 19
2616 8
2617 22
2618 21
2619 16
2620 15
2621 19
2622 23
2623 19
2624 6
2625 19
2626 46
2627 18
2628 27
2629 19
2630 18
2631 41
2632 15
2633 16
2634 22
2635 18
2636 15
2637 23
2638 22
2639 15
2640 6
2641 24
2642 22
2643 14
2644 27
2645 28
2646 31
2647 17
2648 5
2649 18
2650 39
2651 28
2652 17
2653 16
2654 18
2655 20
2656 7
2657 13
2658 22
2659 12
2660 27
2661 28
2662 22
2663 14
2664 11
2665 33
2666 42
2667 25
2668 13
2669 9
2670 37
2671 31
2672 3
2673 17
2674 32
2675 12
2676 31
2677 20
2678 14
2679 15
2680 8
2681 36
2682 34
2683 16
2684 12
2685 22
2686 32
2687 16
2688 1
2689 14
2690 34
2691 41
2692 22
2693 15
2694 18
2695 34
2696 12
2697 24
2698 28
2699 11
2700 25
2701 27
2702 18
2703 16
2704 6
2705 17
2706 49
2707 17
2708 22
2709 24
2710 18
2711 13
2712 4
2713 19
2714 19
2715 26
2716 16
2717 16
2718 23
2719 20
2720 11
2721 19
2722 33
2723 14
2724 19
2725 29
2726 26
2727 21
2728 11
2729 14
2730 39
2731 23
2732 14
2733 11
2734 21
2735 20
2736 11
2737 17
2738 18
2739 19
2740 34
2741 24
2742 23
2743 23
2744 5
2745 43
2746 39
2747 18
2748 12
2749 22
2750 23
2751 35
2752 7
2753 7
2754 27
2755 19
2756 31
2757 25
2758 28
2759 13
2760 12
2761 39
2762 28
2763 20
2764 13
2765 16
2766 35
2767 14
2768 3
2769 13
2770 31
2771 27
2772 38
2773 18
2774 11
2775 26
2776 8
2777 16
2778 20
2779 11
2780 13
2781 24
2782 28
2783 17
2784 5
2785 23
2786 30
2787 21
2788 22
2789 21
2790 27
2791 26
2792 10
2793 24
2794 29
2795 16
2796 25
2797 18
2798 15
2799 21
2800 9
2801 21
2802 30
2803 17
2804 20
2805 27
2806 33
2807 15
2808 5
2809 20
2810 33
2811 17
2812 16
2813 17
2814 27
2815 22
2816 2
2817 23
2818 29
2819 13
2820 33
2821 37
2822 13
2823 14
2824 12
2825 28
2826 57
2827 23
2828 10
2829 13
2830 29
2831 22
2832 4
2833 15
2834 30
2835 37
2836 29
2837 16
2838 23
2839 20
2840 7
2841 29
2842 30
2843 14
2844 12
2845 18
2846 26
2847 20
2848 8
2849 16
2850 36
2851 35
2852 24
2853 26
2854 15
2855 13
2856 12
2857 27
2858 19
2859 19
2860 19
2861 22
2862 24
2863 24
2864 6
2865 21
2866 44
2867 13
2868 23
2869 22
2870 27
2871 35
2872 6
2873 15
2874 28
2875 28
2876 15
2877 13
2878 23
2879 12
2880 11
2881 22
2882 27
2883 16
2884 24
2885 20
2886 29
2887 23
2888 7
2889 24
2890 43
2891 29
2892 16
2893 15
2894 15
2895 23
2896 9
2897 14
2898 33
2899 16
2900 19
2901 28
2902 20
2903 13
2904 7
2905 38
2906 33
2907 21
2908 13
2909 15
2910 28
2911 28
2912 6
2913 10
2914 20
2915 22
2916 41
2917 29
2918 16
2919 19
2920 17
2921 26
2922 30
2923 12
2924 12
2925 31
2926 46
2927 16
2928 3
2929 18
2930 34
2931 25
2932 30
2933 18
2934 23
2935 21
2936 9
2937 24
2938 31
2939 16
2940 21
2941 20
2942 18
2943 21
2944 2
2945 22
2946 44
2947 16
2948 19
2949 17
2950 24
2951 27
2952 13
2953 29
2954 26
2955 21
2956 28
2957 19
2958 18
2959 16
2960 9
2961 35
2962 28
2963 11
2964 22
2965 30
2966 27
2967 28
2968 7
2969 16
2970 42
2971 27
2972 9
2973 15
2974 18
2975 20
2976 9
2977 24
2978 26
2979 26
2980 34
2981 33
2982 25
2983 12
2984 7
2985 22
2986 42
2987 17
2988 18
2989 17
2990 25
2991 24
2992 7
2993 15
2994 37
2995 20
2996 35
2997 29
2998 17
2999 10
3000 9
3001 32
3002 21
3003 24
3004 9
3005 25
3006 48
3007 20
3008 3
3009 16
3010 42
3011 22
3012 20
3013 25
3014 15
3015 24
3016 18
3017 21
3018 32
3019 19
3020 14
3021 22
3022 23
3023 10
3024 4
3025 20
3026 34
3027 27
3028 23
3029 16
3030 36
3031 36
3032 5
3033 21
3034 27
3035 21
3036 19
3037 20
3038 18
3039 21
3040 7
3041 25
3042 36
3043 15
3044 20
3045 33
3046 30
3047 17
3048 11
3049 25
3050 31
3051 43
3052 23
3053 10
3054 12
3055 32
3056 2
3057 19
3058 30
3059 12
3060 41
3061 31
3062 24
3063 16
3064 8
3065 26
3066 49
3067 14
3068 10
3069 20
3070 31
3071 17
3072 1
3073 18
3074 23
3075 23
3076 38
3077 25
3078 27
3079 21
3080 12
3081 35
3082 33
3083 15
3084 10
3085 27
3086 38
3087 25
3088 3
3089 10
3090 33
3091 25
3092 23
3093 23
3094 22
3095 18
3096 12
3097 23
3098 21
3099 20
3100 18
3101 20
3102 23
3103 17
3104 9
3105 22
3106 43
3107 18
3108 20
3109 25
3110 18
3111 30
3112 15
3113 23
3114 32
3115 20
3116 18
3117 14
3118 21
3119 11
3120 8
3121 23
3122 31
3123 20
3124 27
3125 30
3126 39
3127 29
3128 6
3129 21
3130 37
3131 20
3132 17
3133 19
3134 21
3135 34
3136 11
3137 13
3138 22
3139 17
3140 27
3141 42
3142 25
3143 13
3144 7
3145 27
3146 42
3147 21
3148 18
3149 13
3150 48
3151 31
3152 6
3153 11
3154 29
3155 20
3156 27
3157 32
3158 14
3159 19
3160 6
3161 32
3162 30
3163 14
3164 12
3165 21
3166 34
3167 17
3168 8
3169 16
3170 28
3171 34
3172 24
3173 20
3174 23
3175 24
3176 15
3177 42
3178 31
3179 15
3180 18
3181 29
3182 17
3183 19
3184 6
3185 24
3186 52
3187 24
3188 20
3189 19
3190 31
3191 15
3192 6
3193 24
3194 21
3195 31
3196 16
3197 14
3198 28
3199 18
3200 3
3201 25
3202 38
3203 14
3204 33
3205 30
3206 31
3207 15
3208 11
3209 19
3210 36
3211 31
3212 17
3213 17
3214 17
3215 14
3216 8
3217 23
3218 19
3219 22
3220 36
3221 29
3222 30
3223 19
3224 4
3225 33
3226 53
3227 18
3228 9
3229 17
3230 26
3231 35
3232 9
3233 18
3234 26
3235 20
3236 24
3237 19
3238 19
3239 17
3240 17
3241 43
3242 34
3243 15
3244 16
3245 14
3246 33
3247 18
3248 6
3249 17
3250 42
3251 34
3252 28
3253 24
3254 17
3255 33
3256 9
3257 15
3258 34
3259 18
3260 14
3261 19
3262 27
3263 13
3264 2
3265 28
3266 35
3267 23
3268 26
3269 21
3270 25
3271 29
3272 12
3273 16
3274 22
3275 22
3276 39
3277 16
3278 23
3279 17
3280 9
3281 26
3282 43
3283 17
3284 13
3285 37
3286 38
3287 20
3288 6
3289 30
3290 33
3291 34
3292 10
3293 17
3294 33
3295 30
3296 9
3297 17
3298 31
3299 14
3300 35
3301 34
3302 23
3303 28
3304 8
3305 23
3306 37
3307 19
3308 13
3309 14
3310 32
3311 26
3312 7
3313 15
3314 27
3315 24
3316 39
3317 23
3318 16
3319 15
3320 10
3321 39
3322 29
3323 15
3324 15
3325 31
3326 24
3327 20
3328 2
3329 14
3330 57
3331 30
3332 24
3333 26
3334 25
3335 20
3336 8
3337 26
3338 24
3339 18
3340 14
3341 19
3342 27
3343 21
3344 5
3345 27
3346 51
3347 21
3348 21
3349 18
3350 19
3351 33
3352 6
3353 11
3354 29
3355 18
3356 17
3357 23
3358 21
3359 13
3360 10
3361 21
3362 24
3363 25
3364 27
3365 29
3366 47
3367 31
3368 10
3369 17
3370 39
3371 25
3372 20
3373 16
3374 21
3375 28
3376 6
3377 17
3378 31
3379 17
3380 30
3381 40
3382 28
3383 12
3384 4
3385 42
3386 36
3387 23
3388 14
3389 14
3390 25
3391 26
3392 7
3393 24
3394 27
3395 27
3396 36
3397 24
3398 20
3399 17
3400 20
3401 38
3402 50
3403 14
3404 9
3405 22
3406 35
3407 11
3408 5
3409 17
3410 33
3411 31
3412 32
3413 16
3414 22
3415 24
3416 14
3417 20
3418 25
3419 19
3420 19
3421 33
3422 19
3423 23
3424 4
3425 21
3426 42
3427 12
3428 20
3429 24
3430 34
3431 23
3432 13
3433 21
3434 20
3435 24
3436 22
3437 19
3438 25
3439 19
3440 3
3441 19
3442 31
3443 22
3444 24
3445 33
3446 26
3447 34
3448 5
3449 24
3450 51
3451 34
3452 13
3453 9
3454 29
3455 15
3456 4
3457 13
3458 25
3459 20
3460 35
3461 26
3462 25
3463 20
3464 10
3465 42
3466 37
3467 15
3468 17
3469 15
3470 27
3471 38
3472 7
3473 13
3474 30
3475 30
3476 31
3477 25
3478 20
3479 14
3480 8
3481 32
3482 21
3483 22
3484 16
3485 20
3486 47
3487 20
3488 5
3489 16
3490 48
3491 20
3492 35
3493 23
3494 16
3495 23
3496 17
3497 16
3498 29
3499 22
3500 21
3501 31
3502 27
3503 17
3504 5
3505 19
3506 46
3507 25
3508 19
3509 18
3510 33
3511 32
3512 4
3513 19
3514 35
3515 24
3516 18
3517 24
3518 16
3519 22
3520 7
3521 19
3522 26
3523 16
3524 24
3525 35
3526 38
3527 16
3528 15
3529 20
3530 27
3531 39
3532 14
3533 16
3534 27
3535 35
3536 6
3537 23
3538 32
3539 16
3540 35
3541 48
3542 20
3543 16
3544 8
3545 35
3546 41
3547 15
3548 8
3549 15
3550 35
3551 24
3552 3
3553 18
3554 27
3555 35
3556 40
3557 22
3558 19
3559 18
3560 9
3561 36
3562 44
3563 16
3564 24
3565 20
3566 34
3567 27
3568 6
3569 13
3570 41
3571 19
3572 20
3573 22
3574 18
3575 27
3576 5
3577 35
3578 26
3579 19
3580 17
3581 20
3582 25
3583 22
3584 2
3585 15
3586 41
3587 19
3588 29
3589 23
3590 36
3591 34
3592 16
3593 17
3594 32
3595 14
3596 22
3597 14
3598 17
3599 20
3600 7
3601 24
3602 30
3603 19
3604 18
3605 31
3606 42
3607 21
3608 6
3609 31
3610 37
3611 22
3612 16
3613 20
3614 19
3615 25
3616 15
3617 19
3618 38
3619 24
3620 30
3621 29
3622 17
3623 14
3624 10
3625 37
3626 50
3627 32
3628 16
3629 10
3630 39
3631 31
3632 9
3633 18
3634 25
3635 16
3636 43
3637 25
3638 19
3639 20
3640 11
3641 27
3642 33
3643 18
3644 8
3645 30
3646 38
3647 16
3648 7
3649 19
3650 34
3651 39
3652 32
3653 22
3654 35
3655 29
3656 12
3657 28
3658 30
3659 20
3660 26
3661 23
3662 20
3663 21
3664 5
3665 17
3666 46
3667 22
3668 21
3669 21
3670 26
3671 27
3672 7
3673 20
3674 24
3675 38
3676 21
3677 12
3678 18
3679 14
3680 10
3681 30
3682 32
3683 16
3684 20
3685 37
3686 26
3687 19
3688 12
3689 23
3690 50
3691 25
3692 20
3693 12
3694 21
3695 17
3696 6
3697 26
3698 21
3699 20
3700 37
3701 43
3702 31
3703 27
3704 4
3705 32
3706 47
3707 21
3708 14
3709 16
3710 24
3711 34
3712 4
3713 14
3714 24
3715 25
3716 36
3717 31
3718 23
3719 11
3720 15
3721 36
3722 28
3723 22
3724 16
3725 17
3726 53
3727 25
3728 4
3729 16
3730 37
3731 28
3732 26
3733 18
3734 19
3735 35
3736 11
3737 31
3738 31
3739 12
3740 15
3741 21
3742 25
3743 15
3744 12
3745 25
3746 38
3747 17
3748 26
3749 16
3750 34
3751 35
3752 11
3753 27
3754 26
3755 24
3756 17
3757 24
3758 15
3759 28
3760 9
3761 27
3762 58
3763 12
3764 19
3765 29
3766 35
3767 13
3768 4
3769 24
3770 47
3771 46
3772 19
3773 20
3774 18
3775 27
3776 6
3777 15
3778 34
3779 16
3780 38
3781 32
3782 15
3783 22
3784 12
3785 18
3786 55
3787 28
3788 19
3789 23
3790 29
3791 18
3792 6
3793 20
3794 22
3795 30
3796 38
3797 28
3798 32
3799 15
3800 8
3801 40
3802 29
3803 11
3804 17
3805 29
3806 39
3807 27
3808 5
3809 15
3810 34
3811 35
3812 21
3813 19
3814 24
3815 25
3816 18
3817 25
3818 29
3819 15
3820 25
3821 17
3822 37
3823 17
3824 3
3825 27
3826 49
3827 26
3828 31
3829 21
3830 23
3831 25
3832 5
3833 20
3834 27
3835 20
3836 14
3837 20
3838 25
3839 12
3840 2
3841 39
3842 29
3843 24
3844 20
3845 29
3846 34
3847 27
3848 11
3849 24
3850 56
3851 30
3852 21
3853 20
3854 20
3855 29
3856 6
3857 19
3858 28
3859 20
3860 33
3861 45
3862 23
3863 16
3864 7
3865 33
3866 26
3867 20
3868 10
3869 18
3870 41
3871 32
3872 7
3873 14
3874 36
3875 28
3876 46
3877 35
3878 23
3879 31
3880 16
3881 33
3882 32
3883 19
3884 13
3885 29
3886 34
3887 17
3888 8
3889 13
3890 41
3891 43
3892 33
3893 16
3894 19
3895 30
3896 11
3897 31
3898 31
3899 17
3900 17
3901 24
3902 26
3903 18
3904 9
3905 33
3906 69
3907 15
3908 16
3909 24
3910 34
3911 18
3912 8
3913 29
3914 25
3915 31
3916 25
3917 14
3918 29
3919 28
3920 6
3921 16
3922 31
3923 21
3924 24
3925 30
3926 35
3927 31
3928 3
3929 14
3930 40
3931 25
3932 13
3933 23
3934 26
3935 18
3936 6
3937 14
3938 21
3939 22
3940 35
3941 37
3942 23
3943 14
3944 14
3945 35
3946 52
3947 23
3948 19
3949 19
3950 20
3951 35
3952 8
3953 13
3954 45
3955 19
3956 39
3957 30
3958 25
3959 16
3960 16
3961 39
3962 31
3963 16
3964 12
3965 21
3966 39
3967 24
3968 2
3969 21
3970 47
3971 26
3972 28
3973 21
3974 20
3975 37
3976 20
3977 20
3978 31
3979 20
3980 17
3981 24
3982 33
3983 19
3984 5
3985 20
3986 33
3987 26
3988 21
3989 20
3990 42
3991 35
3992 5
3993 27
3994 27
3995 22
3996 29
3997 25
3998 16
3999 13
4000 12
4001 26
4002 34
4003 15
4004 30
4005 43
4006 40
4007 20
4008 4
4009 32
4010 37
4011 31
4012 14
4013 13
4014 30
4015 34
4016 10
4017 21
4018 34
4019 19
4020 32
4021 44
4022 16
4023 27
4024 5
4025 29
4026 59
4027 16
4028 12
4029 13
4030 35
4031 28
4032 7
4033 13
4034 23
4035 32
4036 26
4037 20
4038 27
4039 24
4040 13
4041 44
4042 37
4043 14
4044 13
4045 27
4046 27
4047 23
4048 3
4049 15
4050 58
4051 37
4052 27
4053 23
4054 23
4055 23
4056 8
4057 29
4058 25
4059 32
4060 20
4061 25
4062 20
4063 15
4064 4
4065 24
4066 50
4067 24
4068 31
4069 22
4070 35
4071 28
4072 16
4073 18
4074 34
4075 24
4076 19
4077 20
4078 19
4079 14
4080 6
4081 28
4082 30
4083 22
4084 28
4085 29
4086 49
4087 21
4088 6
4089 24
4090 26
4091 32
4092 15
4093 22
4094 17
4095 48
4096 2
4097 14
4098 27
4099 15
4100 41
4101 41
4102 32
4103 13
4104 14
4105 41
4106 42
4107 25
4108 22
4109 16
4110 39
4111 27
4112 8
4113 22
4114 35
4115 23
4116 45
4117 21
4118 17
4119 20
4120 9
4121 33
4122 50
4123 31
4124 8
4125 21
4126 58
4127 18
4128 10
4129 17
4130 39
4131 30
4132 28
4133 24
4134 28
4135 29
4136 15
4137 27
4138 34
4139 13
4140 33
4141 26
4142 23
4143 21
4144 6
4145 23
4146 42
4147 22
4148 19
4149 36
4150 40
4151 29
4152 6
4153 31
4154 19
4155 25
4156 17
4157 18
4158 29
4159 19
4160 11
4161 24
4162 44
4163 17
4164 27
4165 37
4166 33
4167 24
4168 12
4169 21
4170 46
4171 26
4172 20
4173 17
4174 18
4175 25
4176 13
4177 26
4178 34
4179 23
4180 36
4181 31
4182 29
4183 23
4184 8
4185 43
4186 52
4187 20
4188 14
4189 15
4190 18
4191 42
4192 12
4193 18
4194 32
4195 26
4196 34
4197 19
4198 20
4199 19
4200 17
4201 41
4202 35
4203 31
4204 14
4205 18
4206 37
4207 28
4208 4
4209 12
4210 43
4211 23
4212 40
4213 25
4214 25
4215 32
4216 8
4217 21
4218 35
4219 18
4220 15
4221 40
4222 23
4223 13
4224 3
4225 33
4226 42
4227 34
4228 29
4229 24
4230 38
4231 39
4232 10
4233 27
4234 31
4235 25
4236 21
4237 21
4238 25
4239 18
4240 10
4241 40
4242 38
4243 16
4244 19
4245 40
4246 35
4247 13
4248 8
4249 26
4250 36
4251 45
4252 18
4253 14
4254 25
4255 39
4256 12
4257 26
4258 28
4259 17
4260 33
4261 34
4262 22
4263 19
4264 13
4265 25
4266 68
4267 17
4268 15
4269 20
4270 38
4271 22
4272 5
4273 18
4274 33
4275 34
4276 44
4277 27
4278 27
4279 21
4280 8
4281 39
4282 44
4283 19
4284 21
4285 30
4286 33
4287 24
4288 6
4289 14
4290 52
4291 30
4292 30
4293 23
4294 28
4295 22
4296 18
4297 32
4298 21
4299 17
4300 29
4301 27
4302 31
4303 20
4304 4
4305 32
4306 44
4307 11
4308 26
4309 30
4310 31
4311 33
4312 7
4313 23
4314 29
4315 26
4316 18
4317 20
4318 17
4319 16
4320 9
4321 25
4322 38
4323 23
4324 31
4325 29
4326 45
4327 23
4328 13
4329 31
4330 48
4331 30
4332 20
4333 24
4334 19
4335 19
4336 7
4337 20
4338 48
4339 22
4340 38
4341 31
4342 23
4343 18
4344 6
4345 38
4346 46
4347 31
4348 12
4349 14
4350 36
4351 34
4352 3
4353 17
4354 37
4355 29
4356 46
4357 36
4358 12
4359 23
4360 22
4361 37
4362 40
4363 18
4364 16
4365 31
4366 43
4367 22
4368 7
4369 17
4370 35
4371 42
4372 29
4373 29
4374 33
4375 34
4376 5
4377 24
4378 32
4379 13
4380 16
4381 38
4382 30
4383 30
4384 7
4385 22
4386 46
4387 24
4388 20
4389 31
4390 24
4391 19
4392 21
4393 21
4394 30
4395 37
4396 33
4397 15
4398 28
4399 21
4400 10
4401 37
4402 39
4403 14
4404 20
4405 37
4406 26
4407 24
4408 10
4409 26
4410 54
4411 31
4412 11
4413 14
4414 21
4415 31
4416 12
4417 23
4418 25
4419 21
4420 42
4421 36
4422 31
4423 20
4424 13
4425 42
4426 45
4427 26
4428 12
4429 18
4430 27
4431 36
4432 8
4433 11
4434 28
4435 21
4436 37
4437 46
4438 31
4439 15
4440 7
4441 41
4442 27
4443 15
4444 13
4445 24
4446 55
4447 21
4448 6
4449 17
4450 50
4451 30
4452 39
4453 20
4454 19
4455 41
4456 23
4457 27
4458 35
4459 19
4460 19
4461 22
4462 26
4463 14
4464 5
4465 22
4466 54
4467 22
4468 25
4469 20
4470 40
4471 29
4472 9
4473 36
4474 38
4475 20
4476 27
4477 26
4478 13
4479 19
4480 4
4481 22
4482 31
4483 20
4484 22
4485 46
4486 43
4487 20
4488 11
4489 24
4490 41
4491 37
4492 18
4493 13
4494 27
4495 24
4496 9
4497 20
4498 35
4499 20
4500 60
4501 42
4502 23
4503 23
4504 7
4505 25
4506 51
4507 26
4508 14
4509 13
4510 36
4511 24
4512 9
4513 20
4514 25
4515 27
4516 37
4517 27
4518 34
4519 26
4520 15
4521 48
4522 33
4523 15
4524 19
4525 29
4526 38
4527 28
4528 6
4529 19
4530 59
4531 34
4532 27
4533 22
4534 24
4535 22
4536 12
4537 36
4538 22
4539 21
4540 14
4541 29
4542 38
4543 28
4544 4
4545 27
4546 44
4547 23
4548 26
4549 24
4550 29
4551 42
4552 17
4553 26
4554 41
4555 25
4556 23
4557 27
4558 24
4559 9
4560 6
4561 28
4562 23
4563 27
4564 26
4565 34
4566 24
4567 20
4568 5
4569 26
4570 48
4571 28
4572 18
4573 20
4574 18
4575 31
4576 9
4577 22
4578 32
4579 17
4580 26
4581 61
4582 29
4583 19
4584 9
4585 47
4586 33
4587 18
4588 21
4589 17
4590 40
4591 31
4592 5
4593 12
4594 32
4595 32
4596 30
4597 25
4598 26
4599 31
4600 4
4601 28
4602 40
4603 11
4604 15
4605 22
4606 59
4607 19
4608 5
4609 20
4610 33
4611 34
4612 39
4613 13
4614 25
4615 30
4616 19
4617 40
4618 30
4619 19
4620 36
4621 28
4622 15
4623 21
4624 7
4625 33
4626 72
4627 20
4628 27
4629 25
4630 43
4631 22
4632 10
4633 30
4634 28
4635 28
4636 18
4637 19
4638 26
4639 24
4640 13
4641 34
4642 41
4643 19
4644 34
4645 37
4646 40
4647 25
4648 18
4649 15
4650 45
4651 31
4652 13
4653 25
4654 26
4655 24
4656 10
4657 18
4658 30
4659 23
4660 45
4661 38
4662 39
4663 21
4664 6
4665 31
4666 45
4667 22
4668 14
4669 27
4670 27
4671 31
4672 13
4673 17
4674 32
4675 30
4676 40
4677 31
4678 21
4679 19
4680 22
4681 38
4682 31
4683 21
4684 16
4685 16
4686 39
4687 23
4688 9
4689 23
4690 52
4691 19
4692 20
4693 27
4694 19
4695 37
4696 12
4697 28
4698 37
4699 16
4700 18
4701 18
4702 23
4703 10
4704 8
4705 27
4706 38
4707 32
4708 29
4709 26
4710 43
4711 42
4712 12
4713 23
4714 33
4715 28
4716 37
4717 29
4718 23
4719 26
4720 7
4721 34
4722 38
4723 23
4724 30
4725 49
4726 29
4727 17
4728 5
4729 27
4730 35
4731 36
4732 12
4733 16
4734 28
4735 31
4736 5
4737 30
4738 38
4739 21
4740 33
4741 44
4742 22
4743 23
4744 13
4745 34
4746 61
4747 22
4748 16
4749 16
4750 36
4751 25
4752 8
4753 21
4754 24
4755 17
4756 35
4757 18
4758 27
4759 19
4760 14
4761 47
4762 27
4763 19
4764 11
4765 36
4766 26
4767 29
4768 9
4769 18
4770 54
4771 27
4772 34
4773 30
4774 33
4775 22
4776 20
4777 36
4778 29
4779 25
4780 21
4781 30
4782 33
4783 16
4784 4
4785 32
4786 57
4787 20
4788 37
4789 22
4790 34
4791 23
4792 6
4793 20
4794 31
4795 26
4796 21
4797 31
4798 25
4799 21
4800 6
4801 34
4802 38
4803 24
4804 27
4805 29
4806 46
4807 29
4808 14
4809 27
4810 48
4811 23
4812 25
4813 23
4814 20
4815 46
4816 8
4817 16
4818 29
4819 17
4820 29
4821 34
4822 29
4823 19
4824 8
4825 37
4826 50
4827 29
4828 13
4829 20
4830 36
4831 28
4832 4
4833 24
4834 31
4835 26
4836 48
4837 35
4838 15
4839 15
4840 22
4841 35
4842 51
4843 19
4844 15
4845 25
4846 39
4847 18
4848 2
4849 23
4850 49
4851 64
4852 31
4853 21
4854 33
4855 27
4856 12
4857 27
4858 35
4859 21
4860 23
4861 24
4862 26
4863 13
4864 2
4865 16
4866 56
4867 18
4868 30
4869 27
4870 33
4871 23
4872 16
4873 23
4874 23
4875 44
4876 27
4877 21
4878 29
4879 21
4880 10
4881 30
4882 36
4883 15
4884 33
4885 37
4886 32
4887 25
4888 8
4889 22
4890 44
4891 33
4892 14
4893 26
4894 22
4895 19
4896 14
4897 19
4898 24
4899 27
4900 42
4901 41
4902 31
4903 27
4904 10
4905 54
4906 60
4907 20
4908 17
4909 14
4910 32
4911 34
4912 10
4913 14
4914 43
4915 25
4916 31
4917 39
4918 29
4919 17
4920 11
4921 48
4922 32
4923 18
4924 9
4925 27
4926 48
4927 32
4928 7
4929 23
4930 43
4931 32
4932 47
4933 29
4934 17
4935 37
4936 19
4937 24
4938 30
4939 14
4940 27
4941 37
4942 39
4943 16
4944 6
4945 30
4946 34
4947 23
4948 27
4949 27
4950 49
4951 40
4952 7
4953 29
4954 27
4955 30
4956 20
4957 19
4958 21
4959 33
4960 9
4961 26
4962 43
4963 19
4964 22
4965 26
4966 49
4967 11
4968 16
4969 30
4970 42
4971 34
4972 24
4973 15
4974 25
4975 35
4976 7
4977 26
4978 23
4979 14
4980 43
4981 44
4982 31
4983 27
4984 8
4985 31
4986 51
4987 29
4988 7
4989 24
4990 33
4991 28
4992 3
4993 17
4994 30
4995 23
4996 45
4997 30
4998 28
4999 21
5000 15
5001 42
5002 46
5003 16
5004 23
5005 36
5006 24
5007 31
5008 6
5009 11
5010 54
5011 33
5012 32
5013 33
5014 28
5015 23
5016 12
5017 41
5018 27
5019 26
5020 23
5021 31
5022 39
5023 26
5024 9
5025 26
5026 53
5027 23
5028 24
5029 26
5030 26
5031 41
5032 21
5033 29
5034 32
5035 28
5036 36
5037 28
5038 31
5039 13
5040 13
5041 21
5042 23
5043 22
5044 29
5045 34
5046 62
5047 23
5048 7
5049 31
5050 52
5051 23
5052 22
5053 23
5054 20
5055 22
5056 5
5057 28
5058 42
5059 14
5060 28
5061 47
5062 36
5063 21
5064 14
5065 43
5066 51
5067 26
5068 22
5069 15
5070 37
5071 44
5072 3
5073 18
5074 40
5075 37
5076 46
5077 21
5078 20
5079 20
5080 13
5081 36
5082 43
5083 19
5084 9
5085 33
5086 38
5087 18
5088 5
5089 19
5090 29
5091 25
5092 41
5093 28
5094 35
5095 38
5096 20
5097 31
5098 32
5099 18
5100 21
5101 34
5102 31
5103 32
5104 6
5105 27
5106 51
5107 17
5108 22
5109 28
5110 31
5111 31
5112 15
5113 31
5114 29
5115 32
5116 18
5117 17
5118 23
5119 22
5120 3
5121 38
5122 45
5123 19
5124 30
5125 34
5126 40
5127 33
5128 12
5129 22
5130 64
5131 33
5132 14
5133 21
5134 28
5135 23
5136 9
5137 29
5138 28
5139 27
5140 39
5141 40
5142 31
5143 21
5144 7
5145 46
5146 51
5147 18
5148 21
5149 22
5150 31
5151 42
5152 11
5153 17
5154 21
5155 26
5156 36
5157 37
5158 28
5159 15
5160 17
5161 43
5162 32
5163 25
5164 18
5165 32
5166 57
5167 25
5168 4
5169 21
5170 43
5171 26
5172 33
5173 29
5174 20
5175 34
5176 13
5177 25
5178 30
5179 19
5180 23
5181 30
5182 23
5183 14
5184 11
5185 23
5186 48
5187 28
5188 23
5189 20
5190 49
5191 28
5192 20
5193 31
5194 39
5195 23
5196 26
5197 31
5198 21
5199 22
5200 13
5201 34
5202 50
5203 20
5204 26
5205 40
5206 50
5207 23
5208 8
5209 21
5210 30
5211 42
5212 20
5213 19
5214 39
5215 40
5216 11
5217 20
5218 30
5219 13
5220 51
5221 42
5222 29
5223 23
5224 12
5225 26
5226 57
5227 21
5228 17
5229 24
5230 32
5231 23
5232 5
5233 13
5234 28
5235 36
5236 43
5237 21
5238 22
5239 32
5240 8
5241 50
5242 31
5243 19
5244 20
5245 30
5246 34
5247 29
5248 5
5249 24
5250 56
5251 32
5252 34
5253 27
5254 23
5255 22
5256 28
5257 38
5258 30
5259 18
5260 26
5261 22
5262 27
5263 23
5264 5
5265 37
5266 53
5267 27
5268 23
5269 30
5270 30
5271 43
5272 4
5273 23
5274 42
5275 21
5276 17
5277 21
5278 33
5279 12
5280 12
5281 27
5282 31
5283 31
5284 29
5285 37
5286 37
5287 21
5288 15
5289 29
5290 43
5291 37
5292 29
5293 19
5294 15
5295 32
5296 8
5297 25
5298 42
5299 21
5300 39
5301 49
5302 32
5303 13
5304 8
5305 43
5306 41
5307 25
5308 12
5309 19
5310 50
5311 27
5312 7
5313 26
5314 31
5315 14
5316 40
5317 38
5318 23
5319 23
5320 19
5321 39
5322 33
5323 21
5324 17
5325 29
5326 51
5327 19
5328 4
5329 26
5330 46
5331 31
5332 36
5333 21
5334 32
5335 43
5336 14
5337 39
5338 25
5339 21
5340 22
5341 35
5342 24
5343 22
5344 4
5345 24
5346 65
5347 30
5348 23
5349 24
5350 34
5351 22
5352 14
5353 28
5354 31
5355 37
5356 27
5357 16
5358 38
5359 20
5360 4
5361 27
5362 50
5363 15
5364 30
5365 35
5366 32
5367 29
5368 5
5369 24
5370 51
5371 30
5372 12
5373 21
5374 25
5375 25
5376 3
5377 18
5378 25
5379 28
5380 42
5381 43
5382 43
5383 18
5384 14
5385 36
5386 53
5387 24
5388 25
5389 21
5390 34
5391 41
5392 6
5393 16
5394 39
5395 25
5396 36
5397 42
5398 25
5399 10
5400 12
5401 54
5402 28
5403 27
5404 19
5405 20
5406 38
5407 20
5408 9
5409 22
5410 50
5411 35
5412 32
5413 25
5414 20
5415 36
5416 19
5417 33
5418 52
5419 20
5420 21
5421 32
5422 29
5423 20
5424 8
5425 30
5426 49
5427 34
5428 33
5429 21
5430 30
5431 44
5432 8
5433 21
5434 35
5435 27
5436 24
5437 26
5438 24
5439 28
5440 14
5441 25
5442 41
5443 23
5444 30
5445 60
5446 41
5447 18
5448 13
5449 28
5450 34
5451 42
5452 25
5453 16
5454 28
5455 35
5456 14
5457 17
5458 35
5459 17
5460 51
5461 39
5462 28
5463 21
5464 7
5465 32
5466 55
5467 21
5468 12
5469 16
5470 40
5471 26
5472 10
5473 23
5474 30
5475 43
5476 43
5477 30
5478 38
5479 26
5480 18
5481 51
5482 31
5483 13
5484 19
5485 29
5486 38
5487 35
5488 6
5489 19
5490 47
5491 35
5492 29
5493 24
5494 28
5495 26
5496 10
5497 26
5498 27
5499 28
5500 28
5501 33
5502 38
5503 24
5504 1
5505 33
5506 45
5507 17
5508 38
5509 28
5510 36
5511 32
5512 26
5513 19
5514 34
5515 19
5516 28
5517 33
5518 26
5519 18
5520 10
5521 35
5522 27
5523 19
5524 21
5525 31
5526 71
5527 40
5528 8
5529 31
5530 68
5531 27
5532 15
5533 16
5534 20
5535 38
5536 8
5537 24
5538 33
5539 18
5540 42
5541 44
5542 36
5543 22
5544 21
5545 35
5546 37
5547 26
5548 16
5549 14
5550 31
5551 44
5552 6
5553 25
5554 34
5555 28
5556 57
5557 32
5558 21
5559 19
5560 12
5561 41
5562 43
5563 22
5564 15
5565 23
5566 48
5567 18
5568 3
5569 21
5570 38
5571 54
5572 30
5573 19
5574 29
5575 36
5576 16
5577 43
5578 40
5579 23
5580 29
5581 29
5582 25
5583 13
5584 6
5585 20
5586 59
5587 20
5588 23
5589 36
5590 40
5591 36
5592 10
5593 32
5594 18
5595 29
5596 20
5597 25
5598 33
5599 23
5600 9
5601 27
5602 36
5603 22
5604 20
5605 43
5606 38
5607 42
5608 16
5609 22
5610 49
5611 29
5612 22
5613 24
5614 25
5615 27
5616 8
5617 26
5618 41
5619 21
5620 38
5621 42
5622 28
5623 19
5624 8
5625 49
5626 61
5627 25
5628 20
5629 19
5630 24
5631 36
5632 2
5633 21
5634 52
5635 30
5636 39
5637 24
5638 21
5639 14
5640 17
5641 41
5642 35
5643 26
5644 26
5645 24
5646 55
5647 38
5648 6
5649 21
5650 44
5651 29
5652 46
5653 26
5654 22
5655 33
5656 13
5657 25
5658 32
5659 22
5660 15
5661 42
5662 29
5663 22
5664 8
5665 24
5666 40
5667 20
5668 32
5669 29
5670 61
5671 24
5672 15
5673 32
5674 34
5675 28
5676 42
5677 33
5678 20
5679 27
5680 7
5681 24
5682 40
5683 16
5684 30
5685 40
5686 38
5687 29
5688 8
5689 22
5690 41
5691 38
5692 14
5693 17
5694 27
5695 34
5696 12
5697 29
5698 43
5699 17
5700 46
5701 45
5702 23
5703 30
5704 16
5705 32
5706 59
5707 25
5708 18
5709 21
5710 37
5711 23
5712 9
5713 17
5714 22
5715 39
5716 42
5717 28
5718 26
5719 26
5720 11
5721 41
5722 42
5723 13
5724 20
5725 34
5726 44
5727 30
5728 6
5729 19
5730 44
5731 39
5732 36
5733 38
5734 29
5735 21
5736 20
5737 32
5738 27
5739 29
5740 28
5741 26
5742 46
5743 23
5744 3
5745 26
5746 66
5747 26
5748 31
5749 25
5750 42
5751 59
5752 7
5753 20
5754 33
5755 19
5756 13
5757 22
5758 28
5759 24
5760 7
5761 38
5762 30
5763 25
5764 34
5765 30
5766 47
5767 23
5768 14
5769 35
5770 37
5771 26
5772 29
5773 21
5774 19
5775 36
5776 9
5777 25
5778 38
5779 21
5780 29
5781 51
5782 40
5783 21
5784 6
5785 48
5786 46
5787 34
5788 13
5789 19
5790 38
5791 28
5792 10
5793 16
5794 36
5795 26
5796 65
5797 22
5798 12
5799 24
5800 22
5801 35
5802 56
5803 24
5804 13
5805 32
5806 52
5807 15
5808 6
5809 23
5810 35
5811 39
5812 32
5813 32
5814 29
5815 32
5816 15
5817 40
5818 28
5819 22
5820 22
5821 30
5822 23
5823 28
5824 9
5825 30
5826 62
5827 29
5828 21
5829 30
5830 41
5831 27
5832 21
5833 21
5834 28
5835 32
5836 34
5837 16
5838 30
5839 23
5840 7
5841 48
5842 42
5843 19
5844 28
5845 42
5846 31
5847 13
5848 7
5849 22
5850 69
5851 43
5852 22
5853 20
5854 22
5855 27
5856 9
5857 26
5858 27
5859 21
5860 38
5861 33
5862 38
5863 35
5864 11
5865 43
5866 52
5867 23
5868 29
5869 22
5870 27
5871 45
5872 7
5873 20
5874 41
5875 35
5876 50
5877 43
5878 34
5879 17
5880 15
5881 48
5882 27
5883 23
5884 14
5885 23
5886 55
5887 32
5888 1
5889 16
5890 49
5891 22
5892 31
5893 36
5894 28
5895 35
5896 21
5897 25
5898 28
5899 17
5900 29
5901 33
5902 23
5903 14
5904 10
5905 27
5906 47
5907 32
5908 35
5909 19
5910 31
5911 34
5912 11
5913 32
5914 35
5915 33
5916 21
5917 29
5918 22
5919 23
5920 16
5921 34
5922 43
5923 8
5924 21
5925 34
5926 39
5927 19
5928 16
5929 38
5930 48
5931 41
5932 31
5933 16
5934 32
5935 32
5936 9
5937 21
5938 30
5939 24
5940 44
5941 49
5942 30
5943 31
5944 5
5945 36
5946 55
5947 22
5948 18
5949 23
5950 40
5951 23
5952 10
5953 20
5954 31
5955 41
5956 49
5957 28
5958 34
5959 26
5960 18
5961 42
5962 53
5963 19
5964 23
5965 29
5966 35
5967 32
5968 7
5969 16
5970 57
5971 40
5972 28
5973 25
5974 26
5975 19
5976 12
5977 33
5978 25
5979 20
5980 17
5981 34
5982 41
5983 26
5984 10
5985 44
5986 52
5987 15
5988 28
5989 27
5990 32
5991 49
5992 20
5993 24
5994 39
5995 39
5996 22
5997 25
5998 32
5999 22
6000 8
6001 27
6002 44
6003 27
6004 29
6005 31
6006 67
6007 20
6008 6
6009 24
6010 55
6011 32
6012 23
6013 25
6014 24
6015 39
6016 6
6017 19
6018 31
6019 21
6020 40
6021 45
6022 29
6023 19
6024 13
6025 48
6026 51
6027 36
6028 14
6029 17
6030 41
6031 33
6032 7
6033 27
6034 36
6035 27
6036 46
6037 36
6038 20
6039 32
6040 8
6041 44
6042 32
6043 20
6044 11
6045 32
6046 33
6047 19
6048 10
6049 17
6050 37
6051 50
6052 36
6053 17
6054 32
6055 39
6056 20
6057 38
6058 37
6059 15
6060 34
6061 34
6062 24
6063 31
6064 8
6065 25
6066 67
6067 21
6068 30
6069 31
6070 33
6071 24
6072 9
6073 33
6074 28
6075 44
6076 33
6077 24
6078 23
6079 25
6080 3
6081 33
6082 40
6083 22
6084 39
6085 31
6086 30
6087 29
6088 20
6089 24
6090 58
6091 32
6092 24
6093 26
6094 29
6095 21
6096 8
6097 21
6098 26
6099 25
6100 49
6101 42
6102 48
6103 26
6104 8
6105 40
6106 52
6107 24
6108 16
6109 19
6110 38
6111 46
6112 7
6113 14
6114 31
6115 24
6116 47
6117 30
6118 27
6119 14
6120 24
6121 45
6122 30
6123 23
6124 22
6125 25
6126 48
6127 30
6128 5
6129 22
6130 51
6131 27
6132 41
6133 24
6134 24
6135 34
6136 14
6137 32
6138 54
6139 21
6140 18
6141 35
6142 33
6143 15
6144 1
6145 28
6146 52
6147 29
6148 28
6149 30
6150 45
6151 53
6152 13
6153 32
6154 38
6155 25
6156 40
6157 26
6158 19
6159 32
6160 8
6161 19
6162 45
6163 24
6164 27
6165 46
6166 46
6167 22
6168 9
6169 23
6170 33
6171 34
6172 16
6173 21
6174 34
6175 41
6176 12
6177 27
6178 24
6179 22
6180 58
6181 44
6182 22
6183 20
6184 13
6185 35
6186 59
6187 24
6188 16
6189 20
6190 39
6191 30
6192 7
6193 22
6194 30
6195 29
6196 44
6197 27
6198 31
6199 20
6200 9
6201 68
6202 44
6203 18
6204 14
6205 32
6206 36
6207 25
6208 11
6209 19
6210 53
6211 31
6212 24
6213 33
6214 33
6215 26
6216 25
6217 37
6218 23
6219 35
6220 23
6221 28
6222 29
6223 27
6224 5
6225 22
6226 61
6227 29
6228 40
6229 34
6230 29
6231 36
6232 11
6233 19
6234 36
6235 29
6236 17
6237 42
6238 20
6239 10
6240 9
6241 25
6242 32
6243 26
6244 32
6245 36
6246 47
6247 29
6248 10
6249 22
6250 48
6251 36
6252 26
6253 23
6254 31
6255 46
6256 5
6257 19
6258 48
6259 18
6260 31
6261 42
6262 31
6263 14
6264 8
6265 41
6266 42
6267 27
6268 21
6269 14
6270 53
6271 45
6272 5
6273 22
6274 26
6275 29
6276 42
6277 28
6278 28
6279 32
6280 17
6281 41
6282 48
6283 18
6284 17
6285 39
6286 58
6287 20
6288 8
6289 27
6290 31
6291 38
6292 49
6293 26
6294 32
6295 41
6296 15
6297 37
6298 38
6299 22
6300 29
6301 27
6302 27
6303 25
6304 7
6305 23
6306 56
6307 28
6308 28
6309 33
6310 52
6311 30
6312 23
6313 23
6314 24
6315 24
6316 34
6317 19
6318 35
6319 23
6320 10
6321 34
6322 45
6323 20
6324 30
6325 37
6326 31
6327 41
6328 9
6329 19
6330 36
6331 33
6332 14
6333 22
6334 29
6335 30
6336 11
6337 23
6338 25
6339 22
6340 47
6341 40
6342 32
6343 22
6344 12
6345 43
6346 64
6347 19
6348 23
6349 30
6350 29
6351 34
6352 8
6353 25
6354 46
6355 26
6356 38
6357 32
6358 25
6359 18
6360 9
6361 50
6362 33
6363 31
6364 10
6365 24
6366 49
6367 30
6368 3
6369 18
6370 64
6371 38
6372 41
6373 23
6374 20
6375 37
6376 25
6377 23
6378 30
6379 16
6380 37
6381 34
6382 17
6383 16
6384 5
6385 29
6386 36
6387 32
6388 27
6389 24
6390 51
6391 42
6392 7
6393 21
6394 35
6395 27
6396 29
6397 23
6398 25
6399 24
6400 4
6401 37
6402 48
6403 24
6404 26
6405 42
6406 37
6407 21
6408 21
6409 31
6410 45
6411 57
6412 28
6413 16
6414 35
6415 30
6416 11
6417 37
6418 42
6419 17
6420 34
6421 45
6422 25
6423 26
6424 10
6425 40
6426 77
6427 24
6428 14
6429 17
6430 36
6431 32
6432 9
6433 16
6434 28
6435 40
6436 37
6437 27
6438 31
6439 30
6440 20
6441 51
6442 33
6443 16
6444 28
6445 32
6446 38
6447 25
6448 6
6449 12
6450 62
6451 34
6452 33
6453 29
6454 29
6455 24
6456 10
6457 46
6458 23
6459 26
6460 21
6461 41
6462 37
6463 25
6464 8
6465 33
6466 52
6467 25
6468 38
6469 25
6470 24
6471 43
6472 17
6473 26
6474 44
6475 31
6476 27
6477 21
6478 31
6479 23
6480 18
6481 34
6482 37
6483 26
6484 32
6485 25
6486 44
6487 30
6488 9
6489 46
6490 50
6491 24
6492 26
6493 19
6494 17
6495 38
6496 16
6497 21
6498 42
6499 31
6500 35
6501 53
6502 43
6503 14
6504 10
6505 40
6506 59
6507 22
6508 18
6509 20
6510 45
6511 24
6512 5
6513 25
6514 38
6515 33
6516 57
6517 48
6518 21
6519 15
6520 11
6521 28
6522 35
6523 26
6524 15
6525 35
6526 55
6527 22
6528 4
6529 23
6530 35
6531 52
6532 35
6533 20
6534 28
6535 30
6536 23
6537 34
6538 34
6539 15
6540 25
6541 38
6542 30
6543 29
6544 10
6545 32
6546 57
6547 23
6548 27
6549 26
6550 43
6551 25
6552 13
6553 29
6554 29
6555 37
6556 26
6557 22
6558 33
6559 29
6560 10
6561 46
6562 32
6563 18
6564 33
6565 49
6566 45
6567 38
6568 9
6569 25
6570 74
6571 42
6572 16
6573 14
6574 24
6575 30
6576 6
6577 27
6578 44
6579 31
6580 50
6581 37
6582 34
6583 29
6584 10
6585 35
6586 58
6587 24
6588 16
6589 12
6590 27
6591 49
6592 6
6593 17
6594 37
6595 17
6596 45
6597 50
6598 30
6599 18
6600 19
6601 59
6602 34
6603 23
6604 26
6605 26
6606 66
6607 29
6608 7
6609 22
6610 53
6611 31
6612 36
6613 30
6614 23
6615 55
6616 7
6617 25
6618 31
6619 21
6620 24
6621 32
6622 44
6623 15
6624 7
6625 34
6626 51
6627 34
6628 30
6629 21
6630 42
6631 32
6632 21
6633 41
6634 38
6635 31
6636 33
6637 26
6638 15
6639 20
6640 9
6641 36
6642 62
6643 28
6644 28
6645 42
6646 47
6647 20
6648 8
6649 36
6650 52
6651 55
6652 20
6653 21
6654 23
6655 36
6656 5
6657 30
6658 48
6659 18
6660 64
6661 55
6662 30
6663 32
6664 16
6665 29
6666 58
6667 28
6668 12
6669 28
6670 40
6671 27
6672 7
6673 24
6674 25
6675 34
6676 51
6677 39
6678 39
6679 19
6680 10
6681 33
6682 49
6683 20
6684 24
6685 34
6686 43
6687 30
6688 11
6689 21
6690 39
6691 41
6692 37
6693 34
6694 24
6695 29
6696 25
6697 37
6698 35
6699 36
6700 26
6701 21
6702 36
6703 22
6704 6
6705 37
6706 61
6707 24
6708 27
6709 30
6710 30
6711 34
6712 9
6713 30
6714 47
6715 28
6716 17
6717 25
6718 36
6719 15
6720 12
6721 31
6722 26
6723 32
6724 29
6725 36
6726 66
6727 38
6728 10
6729 37
6730 56
6731 29
6732 33
6733 25
6734 27
6735 38
6736 10
6737 25
6738 38
6739 29
6740 46
6741 64
6742 29
6743 13
6744 9
6745 47
6746 38
6747 32
6748 16
6749 19
6750 36
6751 54
6752 8
6753 17
6754 41
6755 22
6756 45
6757 39
6758 28
6759 20
6760 28
6761 49
6762 59
6763 22
6764 21
6765 41
6766 51
6767 18
6768 7
6769 21
6770 50
6771 31
6772 36
6773 28
6774 36
6775 51
6776 17
6777 32
6778 43
6779 24
6780 20
6781 40
6782 21
6783 24
6784 6
6785 28
6786 84
6787 28
6788 31
6789 28
6790 42
6791 31
6792 20
6793 35
6794 29
6795 46
6796 28
6797 24
6798 28
6799 26
6800 10
6801 33
6802 49
6803 25
6804 44
6805 47
6806 36
6807 30
6808 11
6809 25
6810 41
6811 37
6812 19
6813 20
6814 34
6815 21
6816 17
6817 31
6818 33
6819 17
6820 48
6821 49
6822 49
6823 24
6824 11
6825 52
6826 55
6827 19
6828 21
6829 27
6830 35
6831 55
6832 10
6833 19
6834 33
6835 22
6836 33
6837 34
6838 33
6839 25
6840 14
6841 39
6842 42
6843 26
6844 15
6845 21
6846 58
6847 29
6848 5
6849 28
6850 64
6851 45
6852 43
6853 41
6854 22
6855 31
6856 27
6857 27
6858 36
6859 21
6860 24
6861 30
6862 37
6863 22
6864 8
6865 24
6866 60
6867 38
6868 26
6869 28
6870 42
6871 34
6872 10
6873 33
6874 31
6875 32
6876 35
6877 24
6878 24
6879 28
6880 13
6881 45
6882 44
6883 19
6884 26
6885 48
6886 56
6887 21
6888 13
6889 29
6890 36
6891 40
6892 22
6893 24
6894 47
6895 49
6896 5
6897 28
6898 42
6899 25
6900 45
6901 46
6902 31
6903 26
6904 9
6905 39
6906 58
6907 27
6908 15
6909 27
6910 30
6911 26
6912 4
6913 25
6914 33
6915 33
6916 69
6917 27
6918 27
6919 26
6920 22
6921 71
6922 59
6923 27
6924 24
6925 30
6926 42
6927 29
6928 7
6929 21
6930 77
6931 47
6932 22
6933 23
6934 33
6935 32
6936 9
6937 35
6938 27
6939 24
6940 27
6941 29
6942 33
6943 31
6944 9
6945 29
6946 59
6947 21
6948 43
6949 30
6950 38
6951 47
6952 18
6953 23
6954 42
6955 31
6956 30
6957 40
6958 30
6959 18
6960 4
6961 37
6962 29
6963 27
6964 28
6965 42
6966 50
6967 34
6968 7
6969 33
6970 58
6971 33
6972 19
6973 23
6974 24
6975 47
6976 13
6977 19
6978 37
6979 29
6980 39
6981 47
6982 39
6983 25
6984 21
6985 49
6986 55
6987 20
6988 21
6989 19
6990 40
6991 34
6992 9
6993 25
6994 34
6995 23
6996 62
6997 32
6998 21
6999 35
7000 12
7001 33
7002 40
7003 19
7004 8
7005 34
7006 50
7007 33
7008 7
7009 26
7010 40
7011 47
7012 48
7013 36
7014 27
7015 35
7016 24
7017 33
7018 45
7019 21
7020 40
7021 37
7022 32
7023 18
7024 4
7025 24
7026 81
7027 29
7028 29
7029 36
7030 45
7031 19
7032 7
7033 37
7034 35
7035 41
7036 21
7037 30
7038 44
7039 30
7040 4
7041 34
7042 48
7043 18
7044 25
7045 33
7046 41
7047 40
7048 16
7049 26
7050 62
7051 53
7052 26
7053 18
7054 29
7055 26
7056 18
7057 26
7058 20
7059 33
7060 44
7061 41
7062 36
7063 20
7064 9
7065 52
7066 54
7067 21
7068 16
7069 22
7070 37
7071 36
7072 11
7073 25
7074 45
7075 37
7076 49
7077 46
7078 26
7079 16
7080 21
7081 58
7082 37
7083 32
7084 27
7085 24
7086 48
7087 34
7088 7
7089 22
7090 70
7091 34
7092 46
7093 27
7094 29
7095 39
7096 10
7097 29
7098 53
7099 19
7100 18
7101 39
7102 35
7103 19
7104 4
7105 39
7106 48
7107 31
7108 32
7109 24
7110 56
7111 41
7112 15
7113 31
7114 33
7115 35
7116 36
7117 35
7118 20
7119 34
7120 10
7121 35
7122 49
7123 23
7124 29
7125 50
7126 72
7127 22
7128 15
7129 35
7130 45
7131 36
7132 20
7133 17
7134 26
7135 28
7136 10
7137 37
7138 38
7139 26
7140 43
7141 57
7142 31
7143 29
7144 15
7145 37
7146 84
7147 28
7148 16
7149 18
7150 42
7151 26
7152 8
7153 26
7154 38
7155 49
7156 48
7157 29
7158 26
7159 30
7160 11
7161 51
7162 41
7163 21
7164 17
7165 38
7166 39
7167 24
7168 2
7169 17
7170 41
7171 38
7172 31
7173 41
7174 32
7175 35
7176 19
7177 34
7178 35
7179 22
7180 35
7181 25
7182 44
7183 28
7184 4
7185 29
7186 64
7187 29
7188 33
7189 41
7190 33
7191 46
7192 9
7193 22
7194 44
7195 40
7196 28
7197 14
7198 29
7199 12
7200 18
7201 33
7202 42
7203 25
7204 32
7205 37
7206 40
7207 33
7208 12
7209 49
7210 61
7211 38
7212 25
7213 29
7214 21
7215 37
7216 15
7217 32
7218 42
7219 21
7220 41
7221 59
7222 46
7223 17
7224 10
7225 52
7226 50
7227 53
7228 23
7229 18
7230 55
7231 47
7232 11
7233 22
7234 44
7235 28
7236 54
7237 40
7238 34
7239 22
7240 23
7241 45
7242 43
7243 25
7244 23
7245 41
7246 52
7247 26
7248 7
7249 22
7250 49
7251 58
7252 40
7253 24
7254 41
7255 30
7256 10
7257 33
7258 48
7259 19
7260 20
7261 31
7262 29
7263 24
7264 8
7265 22
7266 58
7267 32
7268 28
7269 34
7270 29
7271 42
7272 23
7273 39
7274 31
7275 29
7276 34
7277 23
7278 24
7279 24
7280 9
7281 46
7282 49
7283 20
7284 28
7285 48
7286 44
7287 27
7288 7
7289 25
7290 67
7291 36
7292 11
7293 21
7294 35
7295 20
7296 7
7297 29
7298 36
7299 34
7300 49
7301 46
7302 48
7303 26
7304 13
7305 41
7306 77
7307 32
7308 37
7309 20
7310 27
7311 42
7312 13
7313 17
7314 33
7315 45
7316 41
7317 29
7318 28
7319 28
7320 13
7321 50
7322 38
7323 29
7324 20
7325 35
7326 68
7327 27
7328 11
7329 17
7330 57
7331 36
7332 38
7333 27
7334 32
7335 45
7336 28
7337 41
7338 37
7339 23
7340 26
7341 32
7342 36
7343 20
7344 7
7345 37
7346 52
7347 34
7348 36
7349 22
7350 64
7351 44
7352 11
7353 38
7354 38
7355 26
7356 31
7357 25
7358 30
7359 28
7360 11
7361 31
7362 58
7363 32
7364 31
7365 38
7366 45
7367 14
7368 12
7369 36
7370 47
7371 53
7372 17
7373 17
7374 35
7375 45
7376 9
7377 29
7378 45
7379 18
7380 55
7381 64
7382 32
7383 31
7384 7
7385 36
7386 57
7387 34
7388 16
7389 33
7390 40
7391 29
7392 6
7393 19
7394 29
7395 38
7396 39
7397 36
7398 36
7399 36
7400 16
7401 51
7402 55
7403 19
7404 18
7405 45
7406 46
7407 31
7408 4
7409 21
7410 60
7411 42
7412 45
7413 31
7414 33
7415 28
7416 16
7417 45
7418 32
7419 27
7420 21
7421 34
7422 32
7423 28
7424 2
7425 41
7426 78
7427 28
7428 32
7429 28
7430 30
7431 29
7432 20
7433 30
7434 55
7435 24
7436 28
7437 33
7438 34
7439 17
7440 8
7441 50
7442 41
7443 29
7444 35
7445 33
7446 42
7447 36
7448 9
7449 31
7450 51
7451 47
7452 21
7453 25
7454 26
7455 44
7456 10
7457 15
7458 38
7459 22
7460 45
7461 61
7462 43
7463 20
7464 18
7465 41
7466 42
7467 40
7468 22
7469 23
7470 52
7471 41
7472 8
7473 17
7474 41
7475 41
7476 58
7477 38
7478 24
7479 29
7480 11
7481 44
7482 52
7483 29
7484 16
7485 32
7486 45
7487 26
7488 12
7489 21
7490 47
7491 36
7492 43
7493 27
7494 28
7495 44
7496 25
7497 54
7498 43
7499 14
7500 35
7501 45
7502 35
7503 34
7504 9
7505 27
7506 70
7507 27
7508 27
7509 28
7510 51
7511 37
7512 10
7513 26
7514 33
7515 37
7516 29
7517 17
7518 43
7519 23
7520 8
7521 29
7522 45
7523 25
7524 45
7525 40
7526 35
7527 28
7528 16
7529 26
7530 51
7531 40
7532 34
7533 29
7534 32
7535 31
7536 5
7537 25
7538 30
7539 22
7540 55
7541 42
7542 43
7543 26
7544 8
7545 50
7546 83
7547 26
7548 13
7549 24
7550 37
7551 60
7552 4
7553 24
7554 35
7555 37
7556 41
7557 41
7558 34
7559 20
7560 25
7561 37
7562 38
7563 22
7564 21
7565 24
7566 65
7567 33
7568 7
7569 23
7570 64
7571 28
7572 42
7573 32
7574 21
7575 25
7576 13
7577 29
7578 44
7579 32
7580 15
7581 47
7582 34
7583 22
7584 7
7585 36
7586 53
7587 44
7588 36
7589 25
7590 47
7591 39
7592 11
7593 29
7594 54
7595 38
7596 41
7597 30
7598 23
7599 21
7600 6
7601 46
7602 52
7603 22
7604 27
7605 60
7606 52
7607 22
7608 7
7609 34
7610 41
7611 45
7612 22
7613 13
7614 36
7615 38
7616 6
7617 30
7618 38
7619 29
7620 46
7621 55
7622 35
7623 34
7624 18
7625 28
7626 62
7627 29
7628 24
7629 14
7630 55
7631 41
7632 11
7633 24
7634 37
7635 38
7636 55
7637 38
7638 30
7639 31
7640 13
7641 56
7642 41
7643 19
7644 18
7645 36
7646 34
7647 27
7648 10
7649 26
7650 69
7651 50
7652 23
7653 27
7654 34
7655 30
7656 23
7657 51
7658 35
7659 41
7660 29
7661 31
7662 31
7663 30
7664 4
7665 28
7666 59
7667 19
7668 36
7669 29
7670 35
7671 47
7672 14
7673 19
7674 25
7675 47
7676 25
7677 27
7678 30
7679 17
7680 4
7681 34
7682 31
7683 24
7684 30
7685 51
7686 73
7687 31
7688 14
7689 32
7690 51
7691 35
7692 27
7693 26
7694 25
7695 35
7696 16
7697 22
7698 44
7699 24
7700 46
7701 49
7702 37
7703 20
7704 10
7705 53
7706 53
7707 21
7708 10
7709 21
7710 53
7711 45
7712 13
7713 31
7714 56
7715 34
7716 43
7717 44
7718 22
7719 25
7720 18
7721 45
7722 64
7723 25
7724 14
7725 26
7726 64
7727 27
7728 8
7729 18
7730 51
7731 52
7732 35
7733 30
7734 30
7735 44
7736 11
7737 37
7738 37
7739 21
7740 39
7741 33
7742 29
7743 27
7744 9
7745 29
7746 58
7747 28
7748 30
7749 50
7750 48
7751 19
7752 19
7753 39
7754 42
7755 41
7756 34
7757 24
7758 23
7759 19
7760 13
7761 35
7762 54
7763 27
7764 40
7765 37
7766 54
7767 39
7768 8
7769 21
7770 60
7771 39
7772 14
7773 16
7774 43
7775 34
7776 17
7777 34
7778 28
7779 26
7780 54
7781 33
7782 35
7783 23
7784 18
7785 49
7786 50
7787 35
7788 21
7789 23
7790 32
7791 50
7792 11
7793 22
7794 47
7795 30
7796 50
7797 36
7798 33
7799 17
7800 16
7801 53
7802 42
7803 30
7804 19
7805 33
7806 39
7807 23
7808 4
7809 22
7810 64
7811 37
7812 54
7813 30
7814 23
7815 36
7816 23
7817 31
7818 54
7819 32
7820 29
7821 45
7822 39
7823 20
7824 8
7825 38
7826 52
7827 23
7828 37
7829 29
7830 48
7831 45
7832 10
7833 37
7834 39
7835 26
7836 30
7837 27
7838 29
7839 40
7840 17
7841 42
7842 30
7843 25
7844 26
7845 50
7846 51
7847 28
7848 17
7849 35
7850 47
7851 55
7852 35
7853 16
7854 38
7855 35
7856 8
7857 37
7858 45
7859 26
7860 37
7861 46
7862 23
7863 23
7864 7
7865 40
7866 89
7867 34
7868 13
7869 24
7870 50
7871 20
7872 6
7873 25
7874 37
7875 53
7876 51
7877 30
7878 32
7879 29
7880 14
7881 54
7882 50
7883 24
7884 19
7885 39
7886 45
7887 24
7888 9
7889 20
7890 53
7891 48
7892 36
7893 46
7894 25
7895 23
7896 18
7897 40
7898 26
7899 21
7900 22
7901 28
7902 57
7903 27
7904 9
7905 30
7906 69
7907 22
7908 30
7909 37
7910 33
7911 37
7912 17
7913 28
7914 35
7915 35
7916 27
7917 33
7918 26
7919 22
7920 10
7921 38
7922 46
7923 35
7924 38
7925 32
7926 51
7927 39
7928 8
7929 34
7930 63
7931 43
7932 20
7933 26
7934 27
7935 45
7936 3
7937 32
7938 55
7939 27
7940 40
7941 49
7942 42
7943 24
7944 12
7945 61
7946 49
7947 33
7948 26
7949 19
7950 40
7951 47
7952 6
7953 24
7954 33
7955 30
7956 64
7957 39
7958 31
7959 29
7960 10
7961 36
7962 39
7963 20
7964 15
7965 33
7966 53
7967 25
7968 9
7969 26
7970 47
7971 42
7972 38
7973 29
7974 41
7975 40
7976 19
7977 37
7978 47
7979 23
7980 35
7981 34
7982 34
7983 31
7984 3
7985 31
7986 86
7987 38
7988 30
7989 27
7990 34
7991 25
7992 13
7993 35
7994 37
7995 36
7996 27
7997 16
7998 26
7999 28
8000 14
8001 49
8002 51
8003 19
8004 38
8005 47
8006 44
8007 31
8008 23
8009 24
8010 73
8011 42
8012 27
8013 20
8014 33
8015 31
8016 13
8017 18
8018 27
8019 32
8020 47
8021 55
8022 40
8023 29
8024 7
8025 48
8026 80
8027 34
8028 24
8029 28
8030 34
8031 21
8032 11
8033 14
8034 38
8035 38
8036 57
8037 46
8038 40
8039 18
8040 20
8041 52
8042 40
8043 32
8044 19
8045 22
8046 64
8047 31
8048 4
8049 27
8050 73
8051 33
8052 41
8053 41
8054 18
8055 47
8056 14
8057 36
8058 33
8059 20
8060 28
8061 27
8062 40
8063 22
8064 5
8065 31
8066 51
8067 33
8068 31
8069 27
8070 40
8071 48
8072 15
8073 36
8074 39
8075 27
8076 38
8077 37
8078 32
8079 27
8080 15
8081 30
8082 58
8083 32
8084 24
8085 48
8086 48
8087 23
8088 8
8089 30
8090 45
8091 60
8092 21
8093 18
8094 29
8095 45
8096 12
8097 32
8098 42
8099 31
8100 60
8101 61
8102 31
8103 23
8104 24
8105 32
8106 56
8107 27
8108 19
8109 28
8110 41
8111 32
8112 7
8113 25
8114 37
8115 32
8116 50
8117 37
8118 52
8119 29
8120 13
8121 45
8122 46
8123 22
8124 11
8125 42
8126 46
8127 48
8128 3
8129 26
8130 56
8131 31
8132 30
8133 29
8134 29
8135 35
8136 26
8137 40
8138 31
8139 29
8140 40
8141 34
8142 37
8143 30
8144 6
8145 40
8146 61
8147 33
8148 35
8149 30
8150 33
8151 54
8152 10
8153 21
8154 39
8155 44
8156 25
8157 28
8158 25
8159 17
8160 10
8161 45
8162 46
8163 24
8164 39
8165 41
8166 51
8167 26
8168 16
8169 34
8170 65
8171 33
8172 30
8173 26
8174 28
8175 43
8176 8
8177 27
8178 45
8179 29
8180 39
8181 70
8182 48
8183 23
8184 5
8185 39
8186 46
8187 26
8188 20
8189 25
8190 64
8191 35
8192 3
8193 26
8194 42
8195 43
8196 61
8197 44
8198 24
8199 34
8200 29
8201 44
8202 42
8203 30
8204 22
8205 35
8206 53
8207 17
8208 9
8209 25
8210 55
8211 51
8212 33
8213 25
8214 41
8215 36
8216 17
8217 46
8218 44
8219 22
8220 25
8221 36
8222 26
8223 19
8224 14
8225 30
8226 82
8227 32
8228 33
8229 30
8230 46
8231 39
8232 20
8233 34
8234 24
8235 34
8236 32
8237 22
8238 30
8239 30
8240 9
8241 26
8242 62
8243 21
8244 52
8245 43
8246 49
8247 37
8248 9
8249 26
8250 68
8251 47
8252 18
8253 37
8254 30
8255 22
8256 16
8257 34
8258 30
8259 34
8260 59
8261 46
8262 38
8263 23
8264 9
8265 47
8266 70
8267 25
8268 21
8269 24
8270 36
8271 44
8272 11
8273 19
8274 48
8275 33
8276 43
8277 42
8278 28
8279 19
8280 19
8281 67
8282 41
8283 31
8284 17
8285 22
8286 61
8287 37
8288 7
8289 20
8290 45
8291 35
8292 38
8293 35
8294 31
8295 35
8296 23
8297 25
8298 49
8299 24
8300 28
8301 34
8302 43
8303 19
8304 5
8305 34
8306 46
8307 44
8308 36
8309 28
8310 40
8311 46
8312 12
8313 33
8314 49
8315 33
8316 37
8317 20
8318 28
8319 25
8320 9
8321 34
8322 53
8323 23
8324 27
8325 64
8326 68
8327 30
8328 14
8329 38
8330 54
8331 42
8332 27
8333 22
8334 32
8335 56
8336 14
8337 37
8338 51
8339 24
8340 41
8341 43
8342 40
8343 33
8344 6
8345 40
8346 64
8347 24
8348 12
8349 25
8350 47
8351 45
8352 16
8353 18
8354 30
8355 35
8356 55
8357 33
8358 30
8359 28
8360 18
8361 74
8362 60
8363 25
8364 32
8365 49
8366 37
8367 24
8368 6
8369 28
8370 63
8371 48
8372 43
8373 34
8374 29
8375 31
8376 11
8377 46
8378 39
8379 35
8380 18
8381 32
8382 37
8383 28
8384 4
8385 42
8386 73
8387 30
8388 36
8389 39
8390 37
8391 39
8392 22
8393 28
8394 41
8395 35
8396 29
8397 23
8398 36
8399 21
8400 15
8401 41
8402 29
8403 30
8404 36
8405 38
8406 61
8407 38
8408 9
8409 25
8410 57
8411 45
8412 26
8413 25
8414 25
8415 50
8416 11
8417 29
8418 34
8419 28
8420 44
8421 52
8422 26
8423 20
8424 23
8425 51
8426 67
8427 37
8428 26
8429 22
8430 38
8431 38
8432 5
8433 35
8434 47
8435 32
8436 44
8437 47
8438 27
8439 29
8440 11
8441 53
8442 73
8443 17
8444 11
8445 24
8446 56
8447 28
8448 3
8449 21
8450 56
8451 52
8452 56
8453 24
8454 32
8455 47
8456 23
8457 35
8458 37
8459 25
8460 32
8461 31
8462 35
8463 33
8464 8
8465 28
8466 56
8467 25
8468 34
8469 45
8470 57
8471 30
8472 8
8473 33
8474 29
8475 41
8476 33
8477 15
8478 46
8479 21
8480 12
8481 39
8482 53
8483 25
8484 40
8485 52
8486 41
8487 30
8488 16
8489 29
8490 71
8491 40
8492 22
8493 21
8494 40
8495 30
8496 14
8497 31
8498 42
8499 23
8500 53
8501 45
8502 47
8503 29
8504 11
8505 74
8506 69
8507 25
8508 19
8509 31
8510 27
8511 43
8512 14
8513 15
8514 50
8515 41
8516 45
8517 44
8518 36
8519 29
8520 21
8521 58
8522 42
8523 29
8524 25
8525 34
8526 55
8527 30
8528 7
8529 23
8530 70
8531 44
8532 48
8533 53
8534 24
8535 25
8536 16
8537 26
8538 43
8539 24
8540 28
8541 48
8542 36
8543 18
8544 8
8545 32
8546 57
8547 44
8548 35
8549 23
8550 61
8551 47
8552 16
8553 27
8554 59
8555 40
8556 43
8557 30
8558 31
8559 32
8560 14
8561 23
8562 46
8563 24
8564 26
8565 36
8566 50
8567 30
8568 9
8569 39
8570 36
8571 57
8572 21
8573 19
8574 36
8575 36
8576 5
8577 39
8578 43
8579 17
8580 66
8581 54
8582 34
8583 22
8584 15
8585 46
8586 73
8587 37
8588 21
8589 26
8590 51
8591 32
8592 12
8593 29
8594 31
8595 61
8596 46
8597 39
8598 32
8599 27
8600 12
8601 53
8602 56
8603 28
8604 17
8605 32
8606 46
8607 30
8608 11
8609 20
8610 64
8611 50
8612 36
8613 39
8614 30
8615 33
8616 22
8617 52
8618 32
8619 17
8620 19
8621 37
8622 46
8623 27
8624 7
8625 37
8626 60
8627 29
8628 20
8629 33
8630 37
8631 62
8632 6
8633 27
8634 45
8635 35
8636 24
8637 33
8638 39
8639 17
8640 6
8641 40
8642 37
8643 27
8644 34
8645 39
8646 50
8647 31
8648 17
8649 39
8650 67
8651 42
8652 27
8653 28
8654 24
8655 36
8656 12
8657 24
8658 63
8659 31
8660 44
8661 53
8662 49
8663 19
8664 7
8665 60
8666 51
8667 34
8668 23
8669 21
8670 42
8671 59
8672 5
8673 27
8674 52
8675 30
8676 72
8677 40
8678 23
8679 33
8680 24
8681 36
8682 33
8683 31
8684 24
8685 44
8686 62
8687 24
8688 6
8689 22
8690 59
8691 40
8692 50
8693 32
8694 41
8695 33
8696 16
8697 36
8698 31
8699 22
8700 33
8701 50
8702 41
8703 31
8704 6
8705 23
8706 69
8707 32
8708 29
8709 28
8710 45
8711 26
8712 30
8713 35
8714 38
8715 43
8716 25
8717 26
8718 35
8719 24
8720 10
8721 44
8722 59
8723 31
8724 34
8725 56
8726 36
8727 32
8728 11
8729 39
8730 72
8731 39
8732 19
8733 25
8734 37
8735 31
8736 18
8737 31
8738 40
8739 30
8740 50
8741 48
8742 47
8743 34
8744 12
8745 38
8746 69
8747 23
8748 31
8749 26
8750 49
8751 46
8752 5
8753 28
8754 53
8755 37
8756 52
8757 50
8758 28
8759 19
8760 13
8761 53
8762 38
8763 28
8764 21
8765 19
8766 66
8767 45
8768 9
8769 25
8770 68
8771 36
8772 33
8773 26
8774 26
8775 56
8776 20
8777 39
8778 47
8779 29
8780 22
8781 36
8782 28
8783 17
8784 14
8785 39
8786 54
8787 26
8788 36
8789 23
8790 40
8791 37
8792 13
8793 43
8794 43
8795 31
8796 16
8797 35
8798 24
8799 24
8800 17
8801 28
8802 56
8803 35
8804 30
8805 41
8806 65
8807 25
8808 14
8809 28
8810 53
8811 56
8812 25
8813 16
8814 24
8815 42
8816 7
8817 26
8818 51
8819 33
8820 75
8821 48
8822 25
8823 23
8824 9
8825 33
8826 78
8827 37
8828 17
8829 29
8830 44
8831 31
8832 7
8833 31
8834 32
8835 39
8836 49
8837 39
8838 40
8839 21
8840 18
8841 57
8842 54
8843 23
8844 26
8845 53
8846 47
8847 43
8848 8
8849 23
8850 38
8851 45
8852 33
8853 35
8854 36
8855 43
8856 15
8857 38
8858 34
8859 26
8860 29
8861 38
8862 37
8863 18
8864 10
8865 50
8866 73
8867 26
8868 41
8869 39
8870 44
8871 52
8872 24
8873 29
8874 57
8875 47
8876 37
8877 31
8878 23
8879 21
8880 6
8881 43
8882 44
8883 30
8884 33
8885 36
8886 44
8887 26
8888 9
8889 35
8890 71
8891 29
8892 29
8893 24
8894 25
8895 34
8896 10
8897 25
8898 32
8899 26
8900 40
8901 68
8902 47
8903 25
8904 18
8905 62
8906 64
8907 45
8908 19
8909 20
8910 80
8911 52
8912 6
8913 22
8914 47
8915 26
8916 54
8917 42
8918 33
8919 32
8920 16
8921 45
8922 49
8923 35
8924 21
8925 33
8926 57
8927 22
8928 8
8929 20
8930 46
8931 41
8932 43
8933 26
8934 24
8935 44
8936 14
8937 50
8938 43
8939 23
8940 31
8941 32
8942 27
8943 27
8944 8
8945 39
8946 103
8947 21
8948 18
8949 35
8950 50
8951 35
8952 9
8953 30
8954 33
8955 48
8956 27
8957 27
8958 33
8959 37
8960 2
8961 37
8962 54
8963 31
8964 39
8965 43
8966 34
8967 29
8968 18
8969 21
8970 61
8971 32
8972 26
8973 31
8974 42
8975 38
8976 13
8977 32
8978 27
8979 29
8980 63
8981 57
8982 37
8983 32
8984 10
8985 51
8986 62
8987 35
8988 25
8989 29
8990 41
8991 48
8992 15
8993 19
8994 36
8995 39
8996 55
8997 37
8998 50
8999 17
9000 24
9001 64
9002 57
9003 22
9004 21
9005 29
9006 64
9007 46
9008 4
9009 43
9010 52
9011 34
9012 42
9013 30
9014 37
9015 40
9016 15
9017 24
9018 33
9019 27
9020 13
9021 30
9022 48
9023 23
9024 10
9025 33
9026 62
9027 40
9028 37
9029 28
9030 49
9031 41
9032 17
9033 26
9034 44
9035 41
9036 53
9037 36
9038 23
9039 25
9040 15
9041 23
9042 56
9043 31
9044 32
9045 59
9046 39
9047 21
9048 11
9049 37
9050 50
9051 61
9052 17
9053 19
9054 35
9055 36
9056 12
9057 22
9058 47
9059 26
9060 38
9061 61
9062 33
9063 42
9064 15
9065 44
9066 84
9067 32
9068 24
9069 23
9070 60
9071 34
9072 8
9073 21
9074 31
9075 50
9076 64
9077 34
9078 31
9079 35
9080 13
9081 54
9082 53
9083 20
9084 13
9085 29
9086 48
9087 31
9088 2
9089 26
9090 75
9091 52
9092 38
9093 39
9094 33
9095 24
9096 28
9097 51
9098 34
9099 34
9100 43
9101 26
9102 45
9103 21
9104 8
9105 36
9106 75
9107 29
9108 43
9109 32
9110 31
9111 38
9112 12
9113 27
9114 43
9115 39
9116 23
9117 39
9118 35
9119 28
9120 16
9121 43
9122 35
9123 27
9124 37
9125 44
9126 69
9127 41
9128 15
9129 29
9130 61
9131 41
9132 26
9133 22
9134 24
9135 41
9136 8
9137 19
9138 43
9139 26
9140 43
9141 69
9142 49
9143 24
9144 13
9145 51
9146 40
9147 26
9148 20
9149 21
9150 41
9151 45
9152 5
9153 27
9154 54
9155 29
9156 57
9157 49
9158 30
9159 19
9160 21
9161 53
9162 67
9163 32
9164 21
9165 29
9166 53
9167 31
9168 8
9169 28
9170 47
9171 54
9172 40
9173 32
9174 35
9175 47
9176 12
9177 46
9178 48
9179 22
9180 29
9181 36
9182 35
9183 45
9184 11
9185 27
9186 39
9187 29
9188 31
9189 36
9190 42
9191 35
9192 19
9193 40
9194 31
9195 32
9196 48
9197 27
9198 51
9199 25
9200 7
9201 37
9202 40
9203 19
9204 35
9205 57
9206 44
9207 29
9208 7
9209 31
9210 69
9211 55
9212 23
9213 24
9214 26
9215 35
9216 6
9217 38
9218 41
9219 38
9220 36
9221 31
9222 45
9223 37
9224 12
9225 56
9226 92
9227 30
9228 22
9229 32
9230 43
9231 42
9232 11
9233 22
9234 62
9235 29
9236 48
9237 35
9238 34
9239 24
9240 15
9241 46
9242 26
9243 43
9244 11
9245 35
9246 54
9247 34
9248 11
9249 29
9250 75
9251 50
9252 55
9253 37
9254 27
9255 35
9256 31
9257 35
9258 42
9259 30
9260 35
9261 49
9262 47
9263 13
9264 5
9265 33
9266 55
9267 38
9268 45
9269 27
9270 52
9271 35
9272 9
9273 38
9274 51
9275 36
9276 28
9277 28
9278 27
9279 31
9280 17
9281 40
9282 57
9283 27
9284 32
9285 48
9286 51
9287 32
9288 19
9289 33
9290 52
9291 39
9292 32
9293 13
9294 36
9295 42
9296 17
9297 37
9298 48
9299 23
9300 54
9301 59
9302 31
9303 30
9304 6
9305 32
9306 78
9307 27
9308 18
9309 19
9310 62
9311 33
9312 6
9313 26
9314 27
9315 51
9316 56
9317 46
9318 35
9319 28
9320 14
9321 63
9322 53
9323 17
9324 24
9325 39
9326 45
9327 29
9328 10
9329 23
9330 79
9331 52
9332 31
9333 35
9334 28
9335 28
9336 12
9337 43
9338 39
9339 32
9340 28
9341 32
9342 41
9343 26
9344 6
9345 45
9346 70
9347 29
9348 42
9349 35
9350 43
9351 58
9352 26
9353 30
9354 33
9355 38
9356 27
9357 33
9358 32
9359 26
9360 20
9361 43
9362 53
9363 24
9364 36
9365 43
9366 51
9367 27
9368 8
9369 38
9370 67
9371 37
9372 22
9373 29
9374 23
9375 38
9376 16
9377 26
9378 49
9379 24
9380 41
9381 40
9382 28
9383 20
9384 13
9385 53
9386 73
9387 52
9388 22
9389 18
9390 45
9391 48
9392 9
9393 21
9394 45
9395 38
9396 71
9397 45
9398 23
9399 33
9400 14
9401 42
9402 45
9403 24
9404 21
9405 45
9406 60
9407 24
9408 6
9409 29
9410 45
9411 39
9412 43
9413 30
9414 50
9415 55
9416 28
9417 39
9418 47
9419 21
9420 37
9421 44
9422 35
9423 28
9424 8
9425 36
9426 76
9427 45
9428 28
9429 34
9430 50
9431 33
9432 13
9433 36
9434 31
9435 49
9436 31
9437 21
9438 26
9439 31
9440 11
9441 46
9442 55
9443 25
9444 36
9445 40
9446 38
9447 31
9448 16
9449 28
9450 67
9451 52
9452 14
9453 26
9454 35
9455 32
9456 7
9457 42
9458 33
9459 29
9460 53
9461 41
9462 37
9463 25
9464 8
9465 45
9466 67
9467 22
9468 25
9469 26
9470 46
9471 55
9472 5
9473 27
9474 46
9475 31
9476 52
9477 62
9478 35
9479 24
9480 15
9481 66
9482 44
9483 22
9484 19
9485 32
9486 54
9487 30
9488 9
9489 23
9490 74
9491 46
9492 52
9493 36
9494 27
9495 60
9496 11
9497 28
9498 46
9499 31
9500 25
9501 28
9502 39
9503 18
9504 14
9505 43
9506 64
9507 32
9508 41
9509 27
9510 32
9511 39
9512 23
9513 42
9514 38
9515 31
9516 38
9517 35
9518 25
9519 31
9520 11
9521 38
9522 67
9523 31
9524 26
9525 54
9526 69
9527 26
9528 10
9529 38
9530 47
9531 53
9532 18
9533 24
9534 52
9535 36
9536 9
9537 28
9538 52
9539 22
9540 59
9541 69
9542 38
9543 17
9544 20
9545 34
9546 74
9547 43
9548 23
9549 32
9550 36
9551 36
9552 10
9553 25
9554 38
9555 38
9556 46
9557 25
9558 46
9559 36
9560 12
9561 46
9562 59
9563 28
9564 14
9565 38
9566 44
9567 37
9568 10
9569 20
9570 64
9571 34
9572 41
9573 33
9574 40
9575 32
9576 37
9577 39
9578 30
9579 35
9580 34
9581 32
9582 38
9583 37
9584 4
9585 32
9586 75
9587 29
9588 30
9589 40
9590 33
9591 40
9592 14
9593 26
9594 51
9595 37
9596 22
9597 23
9598 28
9599 24
9600 6
9601 31
9602 46
9603 45
9604 41
9605 40
9606 42
9607 28
9608 12
9609 36
9610 70
9611 37
9612 33
9613 27
9614 31
9615 27
9616 18
9617 25
9618 46
9619 24
9620 55
9621 70
9622 48
9623 19
9624 7
9625 72
9626 52
9627 25
9628 16
9629 18
9630 61
9631 45
9632 12
9633 24
9634 40
9635 43
9636 54
9637 51
9638 28
9639 30
9640 22
9641 48
9642 36
9643 15
9644 24
9645 40
9646 63
9647 24
9648 7
9649 22
9650 50
9651 74
9652 49
9653 30
9654 31
9655 39
9656 15
9657 47
9658 43
9659 24
9660 33
9661 34
9662 31
9663 24
9664 6
9665 27
9666 76
9667 30
9668 30
9669 29
9670 44
9671 34
9672 24
9673 42
9674 46
9675 48
9676 41
9677 22
9678 40
9679 25
9680 6
9681 50
9682 56
9683 17
9684 43
9685 67
9686 49
9687 39
9688 7
9689 30
9690 54
9691 50
9692 12
9693 25
9694 43
9695 41
9696 9
9697 25
9698 33
9699 32
9700 61
9701 60
9702 58
9703 34
9704 11
9705 46
9706 66
9707 30
9708 19
9709 30
9710 35
9711 53
9712 6
9713 23
9714 34
9715 48
9716 63
9717 35
9718 26
9719 20
9720 13
9721 55
9722 39
9723 24
9724 20
9725 21
9726 69
9727 39
9728 3
9729 32
9730 68
9731 32
9732 42
9733 37
9734 21
9735 43
9736 23
9737 42
9738 58
9739 31
9740 23
9741 34
9742 38
9743 22
9744 8
9745 28
9746 46
9747 39
9748 32
9749 30
9750 70
9751 55
9752 10
9753 24
9754 41
9755 32
9756 36
9757 35
9758 25
9759 21
9760 18
9761 32
9762 37
9763 32
9764 32
9765 72
9766 50
9767 23
9768 21
9769 34
9770 46
9771 44
9772 31
9773 22
9774 34
9775 43
9776 9
9777 31
9778 58
9779 26
9780 44
9781 53
9782 31
9783 29
9784 8
9785 37
9786 59
9787 24
9788 14
9789 22
9790 51
9791 35
9792 19
9793 28
9794 42
9795 39
9796 53
9797 24
9798 27
9799 29
9800 19
9801 70
9802 63
9803 19
9804 28
9805 38
9806 50
9807 36
9808 13
9809 23
9810 73
9811 36
9812 36
9813 35
9814 37
9815 35
9816 11
9817 53
9818 32
9819 35
9820 30
9821 45
9822 30
9823 38
9824 8
9825 25
9826 70
9827 31
9828 47
9829 30
9830 35
9831 50
9832 21
9833 31
9834 62
9835 37
9836 31
9837 30
9838 37
9839 19
9840 8
9841 42
9842 55
9843 27
9844 32
9845 43
9846 70
9847 35
9848 7
9849 31
9850 75
9851 26
9852 26
9853 23
9854 28
9855 44
9856 11
9857 26
9858 35
9859 34
9860 42
9861 57
9862 43
9863 27
9864 19
9865 42
9866 51
9867 33
9868 27
9869 17
9870 47
9871 38
9872 9
9873 39
9874 45
9875 31
9876 62
9877 46
9878 24
9879 18
9880 16
9881 41
9882 74
9883 31
9884 16
9885 34
9886 65
9887 24
9888 9
9889 34
9890 53
9891 64
9892 48
9893 28
9894 24
9895 41
9896 25
9897 37
9898 53
9899 31
9900 46
9901 34
9902 30
9903 31
9904 6
9905 29
9906 73
9907 29
9908 31
9909 39
9910 51
9911 43
9912 13
9913 41
9914 23
9915 45
9916 18
9917 32
9918 32
9919 30
9920 6
9921 41
9922 46
9923 23
9924 36
9925 60
9926 48
9927 43
9928 16
9929 31
9930 51
9931 50
9932 21
9933 33
9934 29
9935 20
9936 14
9937 34
9938 38
9939 22
9940 54
9941 47
9942 39
9943 29
9944 9
9945 58
9946 75
9947 37
9948 17
9949 22
9950 51
9951 36
9952 7
9953 24
9954 62
9955 33
9956 33
9957 40
9958 38
9959 26
9960 27
9961 59
9962 37
9963 37
9964 29
9965 27
9966 53
9967 36
9968 5
9969 21
9970 56
9971 43
9972 40
9973 29
9974 30
9975 51
9976 12
9977 35
9978 40
9979 25
9980 19
9981 46
9982 45
9983 19
9984 3
9985 39
9986 49
9987 28
9988 42
9989 27
9990 47
9991 40
9992 18
9993 29
9994 45
9995 38
9996 40
9997 32
9998 26
9999 33
10000 14
