
0 1
1 1
2 1
3 3
4 1
5 2
6 3
7 1
8 3
9 1
10 3
11 3
12 2
13 4
14 2
15 3
16 3
17 3
18 4
19 3
20 2
21 5
22 1
23 2
24 4
25 3
26 5
27 4
28 5
29 4
30 4
31 3
32 6
33 3
34 3
35 2
36 5
37 2
38 3
39 7
40 3
41 7
42 2
43 6
44 3
45 5
46 6
47 7
48 2
49 4
50 6
51 3
52 7
53 2
54 8
55 4
56 2
57 6
58 6
59 3
60 8
61 3
62 4
63 6
64 3
65 7
66 5
67 6
68 7
69 4
70 6
71 9
72 5
73 6
74 4
75 4
76 3
77 4
78 9
79 5
80 6
81 9
82 5
83 7
84 5
85 7
86 5
87 5
88 6
89 5
90 3
91 5
92 8
93 7
94 6
95 7
96 10
97 4
98 5
99 3
100 5
101 9
102 7
103 8
104 9
105 8
106 8
107 3
108 8
109 10
110 7
111 4
112 6
113 4
114 4
115 8
116 7
117 8
118 5
119 4
120 9
121 5
122 9
123 10
124 3
125 7
126 6
127 9
128 6
129 11
130 5
131 9
132 6
133 7
134 10
135 8
136 11
137 4
138 8
139 7
140 5
141 6
142 6
143 11
144 6
145 7
146 10
147 10
148 10
149 4
150 7
151 6
152 5
153 5
154 9
155 10
156 10
157 5
158 10
159 6
160 8
161 5
162 10
163 6
164 7
165 10
166 9
167 8
168 5
169 12
170 7
171 16
172 6
173 11
174 8
175 2
176 7
177 9
178 11
179 11
180 7
181 8
182 7
183 5
184 6
185 10
186 12
187 9
188 7
189 7
190 7
191 7
192 10
193 11
194 10
195 6
196 9
197 14
198 5
199 6
200 14
201 6
202 9
203 8
204 11
205 8
206 5
207 9
208 12
209 3
210 12
211 11
212 5
213 12
214 6
215 11
216 9
217 8
218 7
219 11
220 12
221 14
222 6
223 7
224 12
225 10
226 8
227 6
228 13
229 8
230 7
231 10
232 12
233 11
234 12
235 10
236 14
237 5
238 6
239 12
240 4
241 10
242 9
243 9
244 9
245 5
246 10
247 12
248 11
249 11
250 7
251 4
252 8
253 13
254 8
255 12
256 10
257 16
258 13
259 6
260 7
261 11
262 15
263 8
264 11
265 9
266 6
267 12
268 6
269 11
270 18
271 13
272 8
273 8
274 11
275 10
276 8
277 10
278 12
279 10
280 7
281 13
282 10
283 6
284 12
285 11
286 12
287 9
288 14
289 4
290 15
291 14
292 10
293 7
294 7
295 12
296 9
297 7
298 9
299 12
300 12
301 7
302 17
303 11
304 7
305 12
306 2
307 13
308 10
309 10
310 13
311 13
312 12
313 16
314 6
315 12
316 13
317 9
318 17
319 15
320 7
321 9
322 6
323 13
324 9
325 14
326 18
327 9
328 6
329 13
330 12
331 10
332 11
333 11
334 10
335 11
336 14
337 8
338 10
339 10
340 17
341 6
342 11
343 16
344 9
345 5
346 12
347 7
348 12
349 11
350 10
351 17
352 6
353 16
354 12
355 11
356 15
357 14
358 14
359 7
360 11
361 14
362 14
363 6
364 11
365 10
366 8
367 11
368 17
369 20
370 8
371 6
372 14
373 8
374 9
375 14
376 15
377 12
378 10
379 11
380 13
381 17
382 12
383 9
384 12
385 7
386 13
387 11
388 12
389 13
390 11
391 13
392 9
393 20
394 9
395 15
396 12
397 12
398 10
399 7
400 19
401 16
402 13
403 12
404 14
405 9
406 10
407 12
408 10
409 15
410 12
411 13
412 6
413 13
414 10
415 9
416 13
417 18
418 12
419 13
420 11
421 13
422 10
423 15
424 15
425 6
426 14
427 5
428 14
429 9
430 13
431 17
432 16
433 10
434 13
435 16
436 9
437 16
438 10
439 16
440 11
441 7
442 19
443 13
444 19
445 12
446 16
447 10
448 12
449 8
450 14
451 16
452 14
453 16
454 9
455 16
456 9
457 13
458 14
459 13
460 12
461 13
462 7
463 13
464 11
465 14
466 17
467 12
468 12
469 9
470 18
471 12
472 20
473 13
474 17
475 11
476 10
477 12
478 18
479 15
480 9
481 11
482 5
483 16
484 13
485 10
486 21
487 12
488 9
489 11
490 11
491 18
492 10
493 11
494 13
495 13
496 10
497 15
498 15
499 13
500 13
501 21
502 16
503 9
504 12
505 19
506 11
507 18
508 12
509 17
510 9
511 12
512 17
513 9
514 16
515 20
516 13
517 13
518 11
519 14
520 14
521 16
522 26
523 14
524 9
525 13
526 9
527 8
528 15
529 12
530 16
531 10
532 11
533 22
534 15
535 16
536 14
537 10
538 14
539 16
540 17
541 10
542 9
543 18
544 17
545 11
546 16
547 17
548 10
549 8
550 8
551 9
552 14
553 8
554 19
555 11
556 18
557 20
558 19
559 10
560 14
561 16
562 12
563 23
564 17
565 20
566 13
567 4
568 17
569 6
570 14
571 18
572 17
573 15
574 13
575 14
576 22
577 20
578 15
579 10
580 11
581 10
582 14
583 9
584 20
585 19
586 9
587 21
588 10
589 20
590 12
591 16
592 9
593 10
594 6
595 14
596 22
597 17
598 18
599 16
600 20
601 17
602 12
603 17
604 13
605 14
606 17
607 12
608 12
609 16
610 14
611 12
612 13
613 19
614 10
615 21
616 13
617 13
618 11
619 18
620 17
621 18
622 14
623 10
624 19
625 14
626 20
627 12
628 17
629 15
630 10
631 16
632 17
633 18
634 17
635 14
636 8
637 15
638 19
639 13
640 12
641 14
642 18
643 10
644 16
645 14
646 11
647 13
648 21
649 11
650 12
651 12
652 18
653 13
654 19
655 22
656 16
657 18
658 13
659 21
660 10
661 21
662 22
663 18
664 7
665 17
666 19
667 10
668 19
669 13
670 16
671 11
672 11
673 21
674 12
675 19
676 26
677 13
678 12
679 14
680 17
681 11
682 14
683 13
684 14
685 12
686 15
687 27
688 15
689 15
690 23
691 12
692 17
693 12
694 23
695 15
696 15
697 15
698 20
699 18
700 11
701 8
702 13
703 19
704 13
705 18
706 20
707 15
708 19
709 7
710 19
711 18
712 13
713 13
714 12
715 14
716 17
717 21
718 20
719 19
720 14
721 20
722 10
723 10
724 12
725 23
726 17
727 13
728 13
729 25
730 16
731 19
732 13
733 16
734 10
735 11
736 14
737 16
738 16
739 17
740 16
741 20
742 14
743 23
744 11
745 17
746 23
747 17
748 17
749 15
750 17
751 16
752 20
753 15
754 21
755 9
756 11
757 15
758 19
759 24
760 21
761 24
762 11
763 18
764 14
765 15
766 19
767 24
768 18
769 14
770 13
771 17
772 19
773 8
774 21
775 17
776 9
777 13
778 17
779 8
780 33
781 9
782 17
783 20
784 15
785 24
786 16
787 16
788 17
789 11
790 13
791 18
792 19
793 17
794 18
795 18
796 9
797 11
798 20
799 15
800 10
801 14
802 17
803 23
804 15
805 14
806 25
807 13
808 26
809 26
810 10
811 15
812 13
813 19
814 11
815 11
816 28
817 12
818 16
819 16
820 24
821 20
822 17
823 23
824 20
825 10
826 11
827 17
828 15
829 22
830 21
831 25
832 16
833 12
834 15
835 15
836 24
837 22
838 14
839 12
840 17
841 24
842 15
843 15
844 22
845 22
846 16
847 14
848 17
849 18
850 14
851 19
852 18
853 20
854 8
855 15
856 10
857 23
858 15
859 17
860 20
861 13
862 26
863 22
864 17
865 15
866 16
867 11
868 14
869 22
870 15
871 21
872 14
873 21
874 21
875 14
876 26
877 20
878 14
879 21
880 20
881 16
882 20
883 13
884 15
885 22
886 25
887 18
888 14
889 11
890 19
891 14
892 16
893 21
894 21
895 9
896 14
897 20
898 8
899 27
900 15
901 24
902 16
903 14
904 18
905 11
906 21
907 24
908 21
909 14
910 24
911 14
912 19
913 20
914 18
915 19
916 10
917 10
918 20
919 14
920 23
921 26
922 15
923 19
924 17
925 25
926 14
927 24
928 27
929 21
930 18
931 17
932 16
933 11
934 24
935 12
936 19
937 12
938 17
939 19
940 13
941 21
942 21
943 14
944 16
945 18
946 24
947 19
948 22
949 15
950 25
951 21
952 16
953 24
954 14
955 24
956 18
957 13
958 8
959 18
960 19
961 20
962 25
963 21
964 24
965 10
966 13
967 28
968 13
969 15
970 22
971 14
972 27
973 15
974 24
975 17
976 13
977 19
978 20
979 16
980 16
981 22
982 9
983 21
984 26
985 13
986 15
987 14
988 19
989 23
990 26
991 20
992 16
993 18
994 17
995 26
996 16
997 19
998 20
999 20
1000 12
1001 17
1002 22
1003 26
1004 11
1005 29
1006 17
1007 16
1008 14
1009 12
1010 18
1011 19
1012 19
1013 22
1014 20
1015 16
1016 25
1017 11
1018 24
1019 19
1020 12
1021 15
1022 22
1023 17
1024 17
1025 22
1026 17
1027 30
1028 20
1029 19
1030 14
1031 18
1032 23
1033 21
1034 17
1035 18
1036 18
1037 21
1038 16
1039 21
1040 32
1041 17
1042 16
1043 9
1044 19
1045 16
1046 21
1047 26
1048 24
1049 13
1050 24
1051 29
1052 14
1053 30
1054 17
1055 18
1056 15
1057 20
1058 31
1059 13
1060 20
1061 32
1062 11
1063 7
1064 15
1065 20
1066 21
1067 22
1068 17
1069 20
1070 20
1071 18
1072 23
1073 15
1074 23
1075 19
1076 15
1077 11
1078 12
1079 21
1080 18
1081 23
1082 25
1083 24
1084 27
1085 12
1086 20
1087 12
1088 22
1089 24
1090 28
1091 13
1092 15
1093 22
1094 15
1095 21
1096 21
1097 20
1098 20
1099 14
1100 13
1101 15
1102 21
1103 21
1104 15
1105 20
1106 17
1107 23
1108 20
1109 20
1110 23
1111 15
1112 28
1113 19
1114 20
1115 17
1116 29
1117 24
1118 18
1119 11
1120 15
1121 22
1122 19
1123 26
1124 21
1125 22
1126 14
1127 16
1128 31
1129 23
1130 18
1131 27
1132 28
1133 19
1134 15
1135 31
1136 18
1137 20
1138 16
1139 18
1140 14
1141 17
1142 21
1143 23
1144 14
1145 27
1146 28
1147 11
1148 21
1149 33
1150 11
1151 21
1152 16
1153 14
1154 25
1155 19
1156 20
1157 13
1158 19
1159 23
1160 17
1161 18
1162 11
1163 26
1164 13
1165 30
1166 13
1167 24
1168 26
1169 12
1170 29
1171 21
1172 32
1173 17
1174 19
1175 19
1176 24
1177 17
1178 10
1179 24
1180 24
1181 27
1182 12
1183 24
1184 26
1185 22
1186 27
1187 20
1188 15
1189 12
1190 17
1191 15
1192 20
1193 23
1194 23
1195 15
1196 22
1197 9
1198 27
1199 12
1200 24
1201 28
1202 21
1203 21
1204 18
1205 25
1206 16
1207 20
1208 20
1209 28
1210 17
1211 25
1212 28
1213 10
1214 31
1215 22
1216 19
1217 12
1218 22
1219 17
1220 17
1221 18
1222 30
1223 25
1224 11
1225 19
1226 24
1227 30
1228 21
1229 18
1230 17
1231 14
1232 11
1233 29
1234 13
1235 22
1236 29
1237 19
1238 23
1239 21
1240 24
1241 15
1242 23
1243 29
1244 22
1245 20
1246 20
1247 25
1248 22
1249 25
1250 21
1251 22
1252 13
1253 20
1254 29
1255 13
1256 30
1257 25
1258 21
1259 17
1260 14
1261 21
1262 17
1263 21
1264 22
1265 24
1266 14
1267 18
1268 25
1269 28
1270 27
1271 29
1272 12
1273 15
1274 16
1275 19
1276 24
1277 25
1278 31
1279 22
1280 15
1281 14
1282 23
1283 14
1284 18
1285 22
1286 24
1287 16
1288 17
1289 30
1290 12
1291 27
1292 30
1293 23
1294 24
1295 19
1296 15
1297 26
1298 20
1299 22
1300 23
1301 19
1302 28
1303 20
1304 23
1305 25
1306 25
1307 17
1308 12
1309 14
1310 24
1311 15
1312 21
1313 23
1314 24
1315 22
1316 19
1317 27
1318 26
1319 25
1320 21
1321 17
1322 14
1323 15
1324 27
1325 24
1326 34
1327 21
1328 17
1329 13
1330 19
1331 22
1332 21
1333 27
1334 12
1335 24
1336 27
1337 24
1338 23
1339 17
1340 17
1341 32
1342 19
1343 27
1344 25
1345 22
1346 12
1347 26
1348 13
1349 22
1350 24
1351 17
1352 31
1353 18
1354 24
1355 27
1356 23
1357 20
1358 14
1359 21
1360 17
1361 17
1362 29
1363 29
1364 14
1365 15
1366 30
1367 22
1368 24
1369 28
1370 26
1371 16
1372 9
1373 21
1374 18
1375 33
1376 30
1377 20
1378 18
1379 16
1380 36
1381 13
1382 22
1383 31
1384 18
1385 20
1386 18
1387 21
1388 23
1389 24
1390 31
1391 33
1392 23
1393 17
1394 23
1395 16
1396 32
1397 20
1398 22
1399 19
1400 17
1401 24
1402 15
1403 30
1404 33
1405 15
1406 17
1407 25
1408 22
1409 21
1410 18
1411 16
1412 24
1413 20
1414 25
1415 28
1416 20
1417 24
1418 31
1419 15
1420 17
1421 24
1422 15
1423 24
1424 26
1425 17
1426 21
1427 19
1428 22
1429 28
1430 18
1431 22
1432 27
1433 18
1434 19
1435 18
1436 25
1437 13
1438 25
1439 16
1440 32
1441 23
1442 14
1443 27
1444 18
1445 30
1446 31
1447 29
1448 13
1449 17
1450 17
1451 18
1452 24
1453 22
1454 28
1455 21
1456 19
1457 31
1458 27
1459 22
1460 26
1461 23
1462 16
1463 14
1464 23
1465 22
1466 28
1467 27
1468 24
1469 26
1470 16
1471 34
1472 16
1473 35
1474 26
1475 23
1476 20
1477 29
1478 24
1479 19
1480 22
1481 24
1482 24
1483 15
1484 17
1485 24
1486 11
1487 23
1488 32
1489 32
1490 21
1491 26
1492 24
1493 16
1494 21
1495 26
1496 26
1497 25
1498 23
1499 22
1500 19
1501 24
1502 25
1503 12
1504 21
1505 24
1506 26
1507 13
1508 33
1509 31
1510 19
1511 29
1512 25
1513 32
1514 20
1515 21
1516 17
1517 14
1518 14
1519 22
1520 27
1521 18
1522 22
1523 26
1524 26
1525 23
1526 27
1527 22
1528 18
1529 17
1530 26
1531 26
1532 20
1533 18
1534 33
1535 21
1536 28
1537 28
1538 23
1539 25
1540 12
1541 18
1542 25
1543 16
1544 33
1545 32
1546 21
1547 22
1548 20
1549 18
1550 34
1551 22
1552 20
1553 20
1554 12
1555 26
1556 21
1557 36
1558 31
1559 26
1560 17
1561 14
1562 25
1563 14
1564 31
1565 23
1566 29
1567 26
1568 20
1569 19
1570 18
1571 22
1572 29
1573 28
1574 15
1575 19
1576 25
1577 20
1578 37
1579 23
1580 20
1581 16
1582 20
1583 36
1584 20
1585 24
1586 30
1587 26
1588 30
1589 16
1590 26
1591 21
1592 18
1593 23
1594 21
1595 15
1596 24
1597 31
1598 19
1599 35
1600 31
1601 25
1602 12
1603 19
1604 31
1605 23
1606 21
1607 37
1608 16
1609 20
1610 29
1611 40
1612 26
1613 17
1614 22
1615 11
1616 19
1617 23
1618 34
1619 23
1620 30
1621 26
1622 32
1623 22
1624 10
1625 23
1626 16
1627 31
1628 25
1629 21
1630 26
1631 14
1632 15
1633 22
1634 30
1635 38
1636 22
1637 17
1638 23
1639 27
1640 26
1641 37
1642 33
1643 22
1644 16
1645 26
1646 19
1647 12
1648 23
1649 35
1650 17
1651 27
1652 16
1653 28
1654 11
1655 23
1656 34
1657 15
1658 22
1659 21
1660 39
1661 22
1662 29
1663 17
1664 28
1665 25
1666 18
1667 27
1668 30
1669 25
1670 16
1671 22
1672 16
1673 20
1674 25
1675 21
1676 25
1677 28
1678 31
1679 29
1680 20
1681 26
1682 33
1683 26
1684 18
1685 27
1686 18
1687 20
1688 24
1689 20
1690 25
1691 30
1692 31
1693 24
1694 23
1695 32
1696 25
1697 24
1698 27
1699 28
1700 13
1701 17
1702 26
1703 18
1704 25
1705 25
1706 27
1707 24
1708 20
1709 25
1710 27
1711 32
1712 22
1713 26
1714 17
1715 28
1716 19
1717 18
1718 33
1719 26
1720 34
1721 22
1722 23
1723 19
1724 19
1725 15
1726 31
1727 25
1728 20
1729 27
1730 32
1731 26
1732 32
1733 40
1734 23
1735 15
1736 19
1737 29
1738 23
1739 17
1740 32
1741 25
1742 18
1743 24
1744 35
1745 12
1746 26
1747 25
1748 25
1749 22
1750 17
1751 31
1752 19
1753 34
1754 33
1755 24
1756 19
1757 18
1758 21
1759 18
1760 35
1761 25
1762 31
1763 13
1764 23
1765 31
1766 26
1767 21
1768 27
1769 24
1770 25
1771 19
1772 32
1773 30
1774 17
1775 33
1776 23
1777 17
1778 20
1779 45
1780 20
1781 38
1782 27
1783 31
1784 19
1785 23
1786 36
1787 19
1788 26
1789 23
1790 15
1791 18
1792 32
1793 25
1794 27
1795 28
1796 25
1797 30
1798 25
1799 17
1800 32
1801 13
1802 14
1803 33
1804 20
1805 23
1806 23
1807 24
1808 26
1809 31
1810 32
1811 23
1812 26
1813 17
1814 25
1815 14
1816 23
1817 31
1818 25
1819 20
1820 24
1821 35
1822 21
1823 24
1824 24
1825 26
1826 14
1827 16
1828 23
1829 25
1830 36
1831 33
1832 32
1833 19
1834 19
1835 36
1836 16
1837 31
1838 30
1839 24
1840 16
1841 25
1842 26
1843 27
1844 29
1845 17
1846 26
1847 24
1848 26
1849 20
1850 30
1851 32
1852 31
1853 29
1854 23
1855 16
1856 38
1857 8
1858 26
1859 30
1860 29
1861 30
1862 15
1863 38
1864 26
1865 36
1866 29
1867 23
1868 15
1869 27
1870 20
1871 21
1872 38
1873 33
1874 25
1875 24
1876 24
1877 38
1878 17
1879 29
1880 28
1881 22
1882 23
1883 27
1884 20
1885 22
1886 22
1887 30
1888 23
1889 22
1890 19
1891 26
1892 14
1893 27
1894 32
1895 31
1896 33
1897 23
1898 36
1899 21
1900 33
1901 27
1902 35
1903 21
1904 19
1905 24
1906 23
1907 32
1908 33
1909 24
1910 14
1911 26
1912 24
1913 27
1914 27
1915 31
1916 22
1917 25
1918 14
1919 17
1920 18
1921 36
1922 24
1923 21
1924 22
1925 20
1926 37
1927 21
1928 33
1929 24
1930 36
1931 23
1932 17
1933 36
1934 33
1935 32
1936 32
1937 23
1938 19
1939 21
1940 32
1941 28
1942 25
1943 23
1944 22
1945 19
1946 22
1947 15
1948 28
1949 33
1950 32
1951 25
1952 27
1953 22
1954 28
1955 18
1956 25
1957 22
1958 31
1959 24
1960 24
1961 19
1962 24
1963 39
1964 38
1965 21
1966 21
1967 16
1968 38
1969 18
1970 26
1971 39
1972 19
1973 27
1974 28
1975 32
1976 15
1977 27
1978 18
1979 31
1980 21
1981 27
1982 45
1983 19
1984 38
1985 24
1986 33
1987 27
1988 21
1989 21
1990 27
1991 37
1992 24
1993 22
1994 21
1995 22
1996 35
1997 17
1998 24
1999 32
2000 22
2001 28
2002 27
2003 28
2004 32
2005 19
2006 33
2007 28
2008 13
2009 26
2010 30
2011 16
2012 25
2013 35
2014 21
2015 32
2016 15
2017 40
2018 20
2019 37
2020 27
2021 26
2022 25
2023 27
2024 22
2025 34
2026 37
2027 26
2028 34
2029 30
2030 27
2031 23
2032 21
2033 37
2034 31
2035 15
2036 21
2037 24
2038 27
2039 23
2040 26
2041 42
2042 24
2043 16
2044 17
2045 25
2046 25
2047 33
2048 26
2049 23
2050 22
2051 27
2052 43
2053 22
2054 27
2055 37
2056 31
2057 24
2058 18
2059 43
2060 19
2061 23
2062 28
2063 27
2064 19
2065 18
2066 22
2067 27
2068 21
2069 24
2070 20
2071 12
2072 34
2073 36
2074 25
2075 21
2076 29
2077 30
2078 30
2079 17
2080 37
2081 25
2082 40
2083 35
2084 33
2085 25
2086 21
2087 22
2088 18
2089 23
2090 23
2091 28
2092 15
2093 32
2094 40
2095 35
2096 34
2097 34
2098 28
2099 14
2100 30
2101 22
2102 18
2103 37
2104 24
2105 26
2106 25
2107 19
2108 27
2109 19
2110 32
2111 45
2112 14
2113 18
2114 28
2115 31
2116 28
2117 44
2118 31
2119 30
2120 29
2121 24
2122 25
2123 17
2124 36
2125 25
2126 27
2127 24
2128 21
2129 36
2130 14
2131 22
2132 31
2133 20
2134 31
2135 22
2136 34
2137 26
2138 38
2139 28
2140 37
2141 14
2142 24
2143 34
2144 20
2145 41
2146 23
2147 29
2148 29
2149 26
2150 34
2151 25
2152 35
2153 27
2154 21
2155 35
2156 27
2157 30
2158 22
2159 18
2160 32
2161 30
2162 34
2163 23
2164 24
2165 16
2166 34
2167 19
2168 33
2169 23
2170 18
2171 42
2172 18
2173 26
2174 27
2175 31
2176 19
2177 22
2178 28
2179 24
2180 31
2181 31
2182 31
2183 20
2184 23
2185 26
2186 31
2187 25
2188 41
2189 27
2190 24
2191 29
2192 23
2193 28
2194 36
2195 38
2196 28
2197 25
2198 15
2199 36
2200 18
2201 36
2202 35
2203 27
2204 26
2205 24
2206 30
2207 23
2208 33
2209 27
2210 28
2211 23
2212 25
2213 33
2214 24
2215 38
2216 35
2217 35
2218 18
2219 22
2220 28
2221 22
2222 34
2223 30
2224 37
2225 29
2226 20
2227 32
2228 19
2229 25
2230 24
2231 17
2232 22
2233 21
2234 35
2235 27
2236 30
2237 42
2238 32
2239 25
2240 29
2241 26
2242 22
2243 29
2244 33
2245 27
2246 28
2247 16
2248 38
2249 31
2250 34
2251 23
2252 18
2253 27
2254 26
2255 22
2256 19
2257 29
2258 26
2259 27
2260 22
2261 17
2262 31
2263 32
2264 34
2265 33
2266 29
2267 28
2268 32
2269 24
2270 20
2271 32
2272 37
2273 33
2274 15
2275 23
2276 37
2277 27
2278 33
2279 41
2280 26
2281 27
2282 23
2283 30
2284 13
2285 33
2286 30
2287 37
2288 26
2289 20
2290 36
2291 21
2292 25
2293 44
2294 22
2295 24
2296 28
2297 28
2298 21
2299 26
2300 32
2301 41
2302 24
2303 25
2304 37
2305 32
2306 31
2307 31
2308 26
2309 21
2310 22
2311 40
2312 25
2313 26
2314 37
2315 30
2316 31
2317 20
2318 28
2319 31
2320 27
2321 26
2322 28
2323 21
2324 25
2325 41
2326 24
2327 41
2328 30
2329 26
2330 16
2331 30
2332 37
2333 22
2334 28
2335 27
2336 25
2337 22
2338 33
2339 29
2340 30
2341 30
2342 41
2343 23
2344 25
2345 27
2346 27
2347 18
2348 42
2349 39
2350 25
2351 24
2352 20
2353 37
2354 20
2355 35
2356 37
2357 25
2358 35
2359 31
2360 23
2361 28
2362 22
2363 24
2364 42
2365 9
2366 26
2367 37
2368 16
2369 24
2370 45
2371 31
2372 25
2373 16
2374 22
2375 29
2376 32
2377 26
2378 32
2379 18
2380 21
2381 35
2382 31
2383 36
2384 29
2385 25
2386 34
2387 23
2388 26
2389 29
2390 46
2391 20
2392 32
2393 27
2394 23
2395 40
2396 22
2397 45
2398 27
2399 28
2400 28
2401 22
2402 32
2403 27
2404 34
2405 31
2406 25
2407 17
2408 28
2409 28
2410 34
2411 29
2412 19
2413 22
2414 30
2415 25
2416 35
2417 25
2418 32
2419 36
2420 31
2421 27
2422 28
2423 30
2424 30
2425 30
2426 39
2427 35
2428 29
2429 18
2430 31
2431 18
2432 26
2433 40
2434 13
2435 22
2436 22
2437 34
2438 25
2439 34
2440 25
2441 40
2442 23
2443 27
2444 39
2445 23
2446 51
2447 37
2448 33
2449 23
2450 17
2451 31
2452 19
2453 28
2454 40
2455 30
2456 19
2457 45
2458 36
2459 42
2460 13
2461 38
2462 22
2463 23
2464 22
2465 41
2466 26
2467 23
2468 41
2469 32
2470 27
2471 21
2472 41
2473 18
2474 36
2475 36
2476 25
2477 22
2478 21
2479 31
2480 30
2481 35
2482 38
2483 30
2484 20
2485 39
2486 24
2487 21
2488 44
2489 21
2490 29
2491 18
2492 28
2493 29
2494 20
2495 36
2496 45
2497 33
2498 33
2499 18
2500 30
2501 35
2502 29
2503 32
2504 23
2505 13
2506 22
2507 36
2508 19
2509 40
2510 37
2511 37
2512 28
2513 25
2514 45
2515 25
2516 30
2517 27
2518 32
2519 27
2520 19
2521 25
2522 21
2523 52
2524 31
2525 36
2526 23
2527 24
2528 29
2529 19
2530 35
2531 29
2532 32
2533 23
2534 24
2535 40
2536 29
2537 26
2538 25
2539 28
2540 31
2541 27
2542 36
2543 28
2544 28
2545 37
2546 30
2547 23
2548 23
2549 33
2550 20
2551 29
2552 34
2553 39
2554 25
2555 21
2556 28
2557 25
2558 23
2559 35
2560 27
2561 30
2562 29
2563 26
2564 17
2565 39
2566 32
2567 34
2568 30
2569 22
2570 32
2571 27
2572 34
2573 31
2574 35
2575 23
2576 34
2577 27
2578 34
2579 45
2580 46
2581 26
2582 25
2583 17
2584 42
2585 25
2586 28
2587 53
2588 32
2589 24
2590 32
2591 44
2592 29
2593 17
2594 27
2595 25
2596 28
2597 25
2598 41
2599 26
2600 24
2601 34
2602 28
2603 31
2604 36
2605 38
2606 31
2607 18
2608 30
2609 26
2610 34
2611 36
2612 33
2613 26
2614 23
2615 29
2616 33
2617 26
2618 24
2619 27
2620 27
2621 29
2622 33
2623 37
2624 26
2625 20
2626 30
2627 25
2628 46
2629 34
2630 34
2631 28
2632 19
2633 45
2634 27
2635 33
2636 35
2637 33
2638 27
2639 25
2640 27
2641 22
2642 36
2643 22
2644 31
2645 24
2646 27
2647 28
2648 24
2649 36
2650 37
2651 27
2652 28
2653 27
2654 39
2655 28
2656 45
2657 40
2658 21
2659 24
2660 19
2661 41
2662 20
2663 36
2664 39
2665 45
2666 23
2667 30
2668 36
2669 22
2670 26
2671 31
2672 25
2673 21
2674 19
2675 40
2676 24
2677 32
2678 51
2679 32
2680 32
2681 20
2682 38
2683 29
2684 27
2685 39
2686 20
2687 13
2688 33
2689 44
2690 25
2691 32
2692 28
2693 39
2694 26
2695 21
2696 40
2697 29
2698 29
2699 43
2700 29
2701 32
2702 21
2703 32
2704 23
2705 34
2706 45
2707 25
2708 27
2709 28
2710 28
2711 23
2712 43
2713 33
2714 29
2715 28
2716 31
2717 33
2718 31
2719 44
2720 32
2721 23
2722 39
2723 29
2724 20
2725 15
2726 28
2727 44
2728 26
2729 20
2730 36
2731 32
2732 39
2733 36
2734 26
2735 27
2736 17
2737 24
2738 37
2739 22
2740 39
2741 33
2742 22
2743 30
2744 30
2745 41
2746 28
2747 42
2748 31
2749 42
2750 21
2751 24
2752 29
2753 21
2754 38
2755 33
2756 44
2757 15
2758 28
2759 19
2760 27
2761 44
2762 33
2763 39
2764 23
2765 27
2766 46
2767 29
2768 25
2769 43
2770 23
2771 25
2772 22
2773 39
2774 24
2775 31
2776 31
2777 32
2778 38
2779 20
2780 42
2781 28
2782 39
2783 35
2784 34
2785 29
2786 31
2787 36
2788 19
2789 37
2790 23
2791 22
2792 26
2793 37
2794 31
2795 31
2796 42
2797 40
2798 30
2799 40
2800 32
2801 46
2802 15
2803 28
2804 41
2805 19
2806 32
2807 31
2808 41
2809 32
2810 37
2811 29
2812 30
2813 22
2814 16
2815 35
2816 20
2817 29
2818 42
2819 36
2820 36
2821 25
2822 33
2823 28
2824 39
2825 25
2826 39
2827 24
2828 23
2829 35
2830 22
2831 42
2832 39
2833 30
2834 29
2835 21
2836 27
2837 35
2838 40
2839 34
2840 37
2841 26
2842 35
2843 34
2844 20
2845 34
2846 37
2847 32
2848 17
2849 18
2850 41
2851 39
2852 34
2853 30
2854 32
2855 30
2856 21
2857 33
2858 28
2859 29
2860 36
2861 28
2862 22
2863 22
2864 41
2865 33
2866 39
2867 30
2868 30
2869 23
2870 33
2871 37
2872 24
2873 27
2874 24
2875 43
2876 38
2877 32
2878 39
2879 22
2880 34
2881 42
2882 25
2883 44
2884 35
2885 26
2886 38
2887 30
2888 42
2889 22
2890 23
2891 30
2892 36
2893 23
2894 36
2895 31
2896 21
2897 28
2898 23
2899 47
2900 24
2901 38
2902 31
2903 38
2904 27
2905 19
2906 26
2907 29
2908 31
2909 42
2910 42
2911 19
2912 29
2913 24
2914 40
2915 26
2916 44
2917 31
2918 19
2919 31
2920 34
2921 26
2922 44
2923 33
2924 27
2925 26
2926 21
2927 42
2928 21
2929 40
2930 46
2931 37
2932 28
2933 23
2934 38
2935 26
2936 35
2937 46
2938 27
2939 31
2940 29
2941 40
2942 34
2943 49
2944 33
2945 26
2946 21
2947 19
2948 32
2949 22
2950 49
2951 39
2952 40
2953 46
2954 24
2955 30
2956 25
2957 30
2958 34
2959 25
2960 31
2961 36
2962 32
2963 19
2964 24
2965 39
2966 31
2967 31
2968 35
2969 49
2970 28
2971 34
2972 33
2973 25
2974 29
2975 31
2976 31
2977 21
2978 38
2979 34
2980 28
2981 28
2982 26
2983 42
2984 20
2985 44
2986 26
2987 40
2988 23
2989 27
2990 45
2991 31
2992 36
2993 34
2994 49
2995 18
2996 30
2997 31
2998 31
2999 37
3000 34
3001 31
3002 22
3003 33
3004 43
3005 40
3006 27
3007 43
3008 49
3009 28
3010 18
3011 28
3012 17
3013 43
3014 37
3015 26
3016 40
3017 22
3018 37
3019 27
3020 41
3021 43
3022 33
3023 18
3024 24
3025 29
3026 28
3027 43
3028 33
3029 45
3030 24
3031 34
3032 27
3033 19
3034 29
3035 28
3036 25
3037 23
3038 31
3039 38
3040 28
3041 51
3042 37
3043 28
3044 22
3045 31
3046 45
3047 24
3048 35
3049 35
3050 25
3051 20
3052 40
3053 35
3054 33
3055 36
3056 30
3057 35
3058 15
3059 27
3060 43
3061 23
3062 47
3063 42
3064 35
3065 20
3066 24
3067 25
3068 32
3069 44
3070 42
3071 30
3072 30
3073 32
3074 32
3075 25
3076 27
3077 27
3078 21
3079 27
3080 24
3081 44
3082 34
3083 38
3084 44
3085 37
3086 43
3087 34
3088 38
3089 19
3090 43
3091 34
3092 46
3093 26
3094 30
3095 40
3096 35
3097 35
3098 39
3099 28
3100 23
3101 21
3102 26
3103 33
3104 44
3105 40
3106 42
3107 40
3108 33
3109 30
3110 26
3111 41
3112 46
3113 29
3114 27
3115 17
3116 25
3117 34
3118 44
3119 29
3120 35
3121 26
3122 19
3123 48
3124 31
3125 34
3126 30
3127 28
3128 23
3129 21
3130 52
3131 35
3132 35
3133 32
3134 36
3135 31
3136 27
3137 50
3138 38
3139 31
3140 40
3141 37
3142 20
3143 34
3144 35
3145 31
3146 32
3147 38
3148 36
3149 32
3150 19
3151 34
3152 35
3153 25
3154 31
3155 37
3156 20
3157 39
3158 22
3159 31
3160 31
3161 44
3162 36
3163 33
3164 33
3165 39
3166 22
3167 40
3168 26
3169 35
3170 27
3171 28
3172 45
3173 32
3174 45
3175 36
3176 25
3177 21
3178 32
3179 30
3180 27
3181 42
3182 35
3183 25
3184 26
3185 39
3186 42
3187 27
3188 32
3189 39
3190 43
3191 27
3192 31
3193 34
3194 19
3195 35
3196 40
3197 21
3198 34
3199 25
3200 54
3201 24
3202 32
3203 54
3204 32
3205 34
3206 30
3207 43
3208 21
3209 37
3210 31
3211 43
3212 20
3213 26
3214 37
3215 25
3216 54
3217 28
3218 26
3219 27
3220 18
3221 37
3222 40
3223 42
3224 38
3225 35
3226 29
3227 22
3228 48
3229 25
3230 30
3231 37
3232 35
3233 35
3234 22
3235 37
3236 33
3237 35
3238 46
3239 30
3240 37
3241 24
3242 42
3243 22
3244 41
3245 43
3246 26
3247 37
3248 22
3249 38
3250 32
3251 39
3252 45
3253 22
3254 22
3255 40
3256 31
3257 22
3258 39
3259 30
3260 50
3261 34
3262 25
3263 32
3264 28
3265 34
3266 32
3267 31
3268 30
3269 37
3270 34
3271 40
3272 33
3273 49
3274 35
3275 31
3276 23
3277 39
3278 23
3279 33
3280 30
3281 34
3282 24
3283 31
3284 38
3285 22
3286 34
3287 30
3288 42
3289 30
3290 30
3291 40
3292 31
3293 53
3294 52
3295 32
3296 17
3297 24
3298 39
3299 35
3300 39
3301 34
3302 50
3303 27
3304 26
3305 36
3306 27
3307 38
3308 34
3309 19
3310 24
3311 23
3312 43
3313 44
3314 35
3315 50
3316 36
3317 38
3318 31
3319 28
3320 28
3321 47
3322 31
3323 32
3324 27
3325 30
3326 56
3327 28
3328 53
3329 34
3330 35
3331 24
3332 27
3333 33
3334 25
3335 37
3336 34
3337 26
3338 32
3339 41
3340 22
3341 21
3342 31
3343 47
3344 33
3345 40
3346 25
3347 41
3348 27
3349 31
3350 38
3351 44
3352 26
3353 29
3354 36
3355 27
3356 47
3357 32
3358 46
3359 42
3360 35
3361 38
3362 32
3363 24
3364 49
3365 34
3366 21
3367 23
3368 45
3369 23
3370 39
3371 52
3372 29
3373 23
3374 28
3375 26
3376 34
3377 34
3378 40
3379 29
3380 20
3381 34
3382 48
3383 20
3384 45
3385 53
3386 37
3387 31
3388 21
3389 41
3390 39
3391 33
3392 27
3393 47
3394 31
3395 25
3396 44
3397 27
3398 38
3399 18
3400 21
3401 31
3402 27
3403 43
3404 36
3405 39
3406 49
3407 27
3408 27
3409 32
3410 36
3411 31
3412 51
3413 39
3414 33
3415 38
3416 30
3417 27
3418 21
3419 29
3420 36
3421 39
3422 29
3423 32
3424 32
3425 24
3426 47
3427 49
3428 26
3429 36
3430 28
3431 42
3432 31
3433 39
3434 52
3435 25
3436 28
3437 31
3438 29
3439 24
3440 34
3441 22
3442 25
3443 37
3444 30
3445 56
3446 36
3447 54
3448 23
3449 43
3450 36
3451 27
3452 35
3453 33
3454 43
3455 38
3456 33
3457 24
3458 47
3459 42
3460 35
3461 31
3462 39
3463 36
3464 29
3465 24
3466 48
3467 21
3468 44
3469 40
3470 25
3471 39
3472 27
3473 49
3474 23
3475 49
3476 29
3477 33
3478 18
3479 26
3480 43
3481 25
3482 44
3483 32
3484 30
3485 26
3486 38
3487 40
3488 33
3489 46
3490 25
3491 35
3492 33
3493 26
3494 31
3495 28
3496 25
3497 47
3498 39
3499 36
3500 34
3501 42
3502 35
3503 42
3504 53
3505 36
3506 25
3507 27
3508 52
3509 31
3510 31
3511 46
3512 32
3513 23
3514 35
3515 41
3516 24
3517 33
3518 31
3519 35
3520 28
3521 38
3522 43
3523 28
3524 31
3525 54
3526 40
3527 28
3528 29
3529 41
3530 35
3531 25
3532 49
3533 32
3534 27
3535 33
3536 50
3537 30
3538 30
3539 35
3540 34
3541 26
3542 24
3543 49
3544 21
3545 40
3546 57
3547 55
3548 34
3549 28
3550 38
3551 27
3552 42
3553 30
3554 39
3555 33
3556 26
3557 24
3558 33
3559 48
3560 42
3561 27
3562 24
3563 39
3564 26
3565 21
3566 42
3567 43
3568 47
3569 28
3570 21
3571 34
3572 32
3573 52
3574 38
3575 24
3576 25
3577 45
3578 41
3579 35
3580 44
3581 33
3582 17
3583 30
3584 20
3585 41
3586 29
3587 35
3588 48
3589 30
3590 35
3591 34
3592 49
3593 23
3594 39
3595 25
3596 53
3597 26
3598 30
3599 46
3600 31
3601 37
3602 53
3603 39
3604 28
3605 33
3606 39
3607 27
3608 30
3609 34
3610 26
3611 29
3612 33
3613 40
3614 38
3615 38
3616 49
3617 29
3618 32
3619 34
3620 27
3621 31
3622 23
3623 37
3624 44
3625 36
3626 26
3627 37
3628 32
3629 42
3630 32
3631 31
3632 45
3633 22
3634 42
3635 33
3636 46
3637 38
3638 29
3639 17
3640 46
3641 31
3642 26
3643 33
3644 30
3645 50
3646 35
3647 29
3648 32
3649 23
3650 47
3651 54
3652 25
3653 38
3654 41
3655 41
3656 35
3657 52
3658 53
3659 30
3660 25
3661 20
3662 39
3663 35
3664 36
3665 49
3666 49
3667 34
3668 32
3669 52
3670 41
3671 38
3672 30
3673 36
3674 40
3675 26
3676 42
3677 31
3678 33
3679 39
3680 32
3681 39
3682 19
3683 39
3684 37
3685 31
3686 29
3687 36
3688 24
3689 34
3690 44
3691 33
3692 46
3693 42
3694 41
3695 35
3696 27
3697 48
3698 32
3699 30
3700 38
3701 38
3702 37
3703 21
3704 32
3705 31
3706 49
3707 36
3708 34
3709 37
3710 24
3711 40
3712 36
3713 47
3714 30
3715 47
3716 29
3717 32
3718 28
3719 33
3720 44
3721 32
3722 40
3723 26
3724 19
3725 35
3726 25
3727 39
3728 56
3729 41
3730 25
3731 31
3732 44
3733 35
3734 39
3735 52
3736 44
3737 26
3738 29
3739 34
3740 20
3741 31
3742 39
3743 34
3744 38
3745 21
3746 50
3747 19
3748 43
3749 46
3750 44
3751 36
3752 28
3753 43
3754 23
3755 51
3756 43
3757 44
3758 25
3759 40
3760 32
3761 31
3762 31
3763 40
3764 29
3765 26
3766 27
3767 62
3768 34
3769 45
3770 45
3771 17
3772 26
3773 24
3774 41
3775 21
3776 36
3777 48
3778 29
3779 21
3780 32
3781 51
3782 24
3783 42
3784 45
3785 39
3786 31
3787 34
3788 53
3789 37
3790 45
3791 36
3792 37
3793 29
3794 38
3795 37
3796 46
3797 41
3798 47
3799 29
3800 37
3801 33
3802 23
3803 36
3804 28
3805 38
3806 40
3807 27
3808 40
3809 37
3810 27
3811 60
3812 32
3813 37
3814 26
3815 21
3816 36
3817 26
3818 41
3819 52
3820 43
3821 41
3822 34
3823 36
3824 29
3825 23
3826 42
3827 43
3828 27
3829 31
3830 48
3831 24
3832 42
3833 40
3834 52
3835 30
3836 28
3837 37
3838 30
3839 45
3840 37
3841 40
3842 24
3843 37
3844 47
3845 47
3846 32
3847 30
3848 23
3849 34
3850 34
3851 47
3852 31
3853 41
3854 52
3855 32
3856 34
3857 29
3858 44
3859 23
3860 49
3861 41
3862 44
3863 22
3864 25
3865 39
3866 28
3867 49
3868 44
3869 28
3870 26
3871 35
3872 46
3873 30
3874 50
3875 38
3876 32
3877 39
3878 39
3879 44
3880 27
3881 20
3882 48
3883 38
3884 27
3885 36
3886 26
3887 39
3888 48
3889 52
3890 29
3891 39
3892 36
3893 39
3894 20
3895 48
3896 52
3897 27
3898 36
3899 27
3900 53
3901 28
3902 41
3903 40
3904 35
3905 28
3906 35
3907 49
3908 28
3909 39
3910 51
3911 37
3912 27
3913 23
3914 30
3915 36
3916 30
3917 40
3918 46
3919 25
3920 31
3921 42
3922 36
3923 35
3924 41
3925 27
3926 42
3927 28
3928 47
3929 36
3930 41
3931 50
3932 33
3933 25
3934 37
3935 31
3936 43
3937 52
3938 30
3939 51
3940 38
3941 30
3942 53
3943 34
3944 49
3945 39
3946 19
3947 31
3948 24
3949 26
3950 24
3951 47
3952 28
3953 47
3954 40
3955 33
3956 47
3957 48
3958 38
3959 39
3960 25
3961 27
3962 38
3963 42
3964 32
3965 53
3966 41
3967 34
3968 25
3969 31
3970 51
3971 27
3972 32
3973 40
3974 38
3975 28
3976 40
3977 37
3978 31
3979 34
3980 45
3981 40
3982 29
3983 38
3984 34
3985 26
3986 35
3987 39
3988 52
3989 22
3990 35
3991 38
3992 31
3993 54
3994 33
3995 43
3996 37
3997 27
3998 47
3999 30
4000 25
4001 39
4002 36
4003 31
4004 42
4005 48
4006 36
4007 42
4008 42
4009 45
4010 27
4011 22
4012 24
4013 27
4014 53
4015 49
4016 39
4017 37
4018 32
4019 55
4020 30
4021 48
4022 44
4023 37
4024 30
4025 34
4026 23
4027 32
4028 46
4029 25
4030 41
4031 35
4032 28
4033 35
4034 25
4035 43
4036 53
4037 39
4038 35
4039 38
4040 46
4041 46
4042 53
4043 41
4044 30
4045 29
4046 25
4047 57
4048 38
4049 36
4050 52
4051 29
4052 29
4053 34
4054 54
4055 28
4056 47
4057 25
4058 47
4059 18
4060 32
4061 57
4062 23
4063 31
4064 30
4065 38
4066 36
4067 26
4068 29
4069 39
4070 40
4071 48
4072 38
4073 39
4074 33
4075 51
4076 28
4077 33
4078 47
4079 42
4080 40
4081 19
4082 45
4083 35
4084 34
4085 45
4086 47
4087 43
4088 23
4089 46
4090 26
4091 46
4092 46
4093 43
4094 22
4095 31
4096 39
4097 40
4098 42
4099 50
4100 39
4101 23
4102 30
4103 29
4104 26
4105 45
4106 42
4107 42
4108 33
4109 45
4110 44
4111 34
4112 47
4113 48
4114 24
4115 20
4116 37
4117 33
4118 37
4119 45
4120 35
4121 47
4122 38
4123 25
4124 47
4125 29
4126 47
4127 39
4128 32
4129 48
4130 29
4131 41
4132 31
4133 40
4134 48
4135 42
4136 29
4137 33
4138 55
4139 26
4140 49
4141 45
4142 39
4143 28
4144 30
4145 33
4146 35
4147 38
4148 42
4149 41
4150 31
4151 47
4152 50
4153 32
4154 35
4155 39
4156 29
4157 41
4158 38
4159 47
4160 40
4161 47
4162 42
4163 38
4164 40
4165 25
4166 29
4167 28
4168 47
4169 42
4170 33
4171 34
4172 34
4173 42
4174 25
4175 53
4176 42
4177 29
4178 26
4179 25
4180 40
4181 21
4182 42
4183 41
4184 49
4185 31
4186 34
4187 40
4188 38
4189 33
4190 40
4191 42
4192 39
4193 35
4194 32
4195 36
4196 48
4197 50
4198 31
4199 31
4200 30
4201 52
4202 33
4203 36
4204 52
4205 31
4206 37
4207 23
4208 47
4209 33
4210 47
4211 41
4212 40
4213 24
4214 42
4215 36
4216 25
4217 41
4218 39
4219 38
4220 29
4221 26
4222 44
4223 43
4224 43
4225 49
4226 42
4227 28
4228 33
4229 49
4230 38
4231 31
4232 43
4233 35
4234 33
4235 33
4236 48
4237 30
4238 40
4239 44
4240 46
4241 28
4242 29
4243 48
4244 33
4245 47
4246 28
4247 39
4248 48
4249 25
4250 45
4251 35
4252 51
4253 43
4254 24
4255 29
4256 29
4257 40
4258 30
4259 51
4260 38
4261 53
4262 36
4263 42
4264 51
4265 30
4266 49
4267 43
4268 30
4269 29
4270 45
4271 38
4272 34
4273 45
4274 56
4275 26
4276 26
4277 30
4278 49
4279 25
4280 46
4281 55
4282 55
4283 34
4284 28
4285 52
4286 33
4287 38
4288 29
4289 31
4290 28
4291 36
4292 47
4293 23
4294 54
4295 63
4296 31
4297 36
4298 18
4299 43
4300 34
4301 44
4302 49
4303 44
4304 31
4305 46
4306 38
4307 46
4308 45
4309 41
4310 31
4311 33
4312 22
4313 44
4314 45
4315 38
4316 52
4317 43
4318 38
4319 31
4320 45
4321 43
4322 23
4323 34
4324 29
4325 32
4326 23
4327 58
4328 52
4329 40
4330 38
4331 36
4332 21
4333 54
4334 28
4335 33
4336 40
4337 38
4338 44
4339 29
4340 38
4341 30
4342 31
4343 41
4344 51
4345 35
4346 42
4347 45
4348 34
4349 24
4350 55
4351 37
4352 41
4353 39
4354 30
4355 46
4356 28
4357 50
4358 39
4359 51
4360 39
4361 29
4362 40
4363 22
4364 25
4365 48
4366 35
4367 23
4368 25
4369 33
4370 24
4371 56
4372 47
4373 53
4374 27
4375 30
4376 46
4377 34
4378 57
4379 51
4380 36
4381 34
4382 40
4383 50
4384 30
4385 42
4386 37
4387 25
4388 36
4389 28
4390 31
4391 30
4392 46
4393 47
4394 54
4395 42
4396 46
4397 41
4398 23
4399 48
4400 51
4401 38
4402 39
4403 24
4404 55
4405 39
4406 46
4407 39
4408 33
4409 29
4410 41
4411 52
4412 29
4413 47
4414 27
4415 46
4416 44
4417 35
4418 45
4419 23
4420 45
4421 36
4422 45
4423 27
4424 33
4425 35
4426 24
4427 32
4428 55
4429 36
4430 31
4431 33
4432 46
4433 43
4434 38
4435 53
4436 35
4437 31
4438 36
4439 43
4440 27
4441 44
4442 37
4443 39
4444 43
4445 23
4446 59
4447 34
4448 53
4449 61
4450 37
4451 36
4452 28
4453 39
4454 29
4455 34
4456 43
4457 58
4458 26
4459 34
4460 52
4461 41
4462 35
4463 47
4464 34
4465 29
4466 46
4467 34
4468 34
4469 43
4470 60
4471 46
4472 43
4473 26
4474 53
4475 30
4476 56
4477 28
4478 50
4479 25
4480 29
4481 41
4482 30
4483 53
4484 26
4485 33
4486 32
4487 43
4488 33
4489 46
4490 56
4491 46
4492 32
4493 29
4494 29
4495 46
4496 24
4497 32
4498 66
4499 31
4500 43
4501 39
4502 38
4503 41
4504 42
4505 36
4506 29
4507 33
4508 31
4509 52
4510 23
4511 65
4512 51
4513 30
4514 40
4515 40
4516 48
4517 34
4518 47
4519 25
4520 32
4521 32
4522 33
4523 45
4524 49
4525 50
4526 51
4527 36
4528 23
4529 39
4530 36
4531 40
4532 45
4533 54
4534 51
4535 32
4536 31
4537 55
4538 28
4539 57
4540 35
4541 32
4542 48
4543 27
4544 43
4545 27
4546 31
4547 44
4548 42
4549 38
4550 29
4551 33
4552 28
4553 39
4554 28
4555 42
4556 35
4557 26
4558 56
4559 40
4560 52
4561 40
4562 45
4563 47
4564 36
4565 52
4566 31
4567 51
4568 46
4569 39
4570 26
4571 33
4572 46
4573 40
4574 42
4575 46
4576 45
4577 24
4578 40
4579 40
4580 45
4581 43
4582 55
4583 25
4584 22
4585 31
4586 67
4587 34
4588 30
4589 46
4590 44
4591 34
4592 19
4593 63
4594 34
4595 30
4596 34
4597 35
4598 26
4599 37
4600 50
4601 27
4602 57
4603 53
4604 50
4605 30
4606 31
4607 37
4608 25
4609 44
4610 45
4611 38
4612 32
4613 38
4614 45
4615 39
4616 40
4617 41
4618 41
4619 36
4620 39
4621 52
4622 38
4623 34
4624 47
4625 44
4626 41
4627 29
4628 43
4629 33
4630 42
4631 54
4632 40
4633 42
4634 28
4635 45
4636 41
4637 50
4638 25
4639 37
4640 28
4641 38
4642 47
4643 39
4644 41
4645 29
4646 39
4647 38
4648 38
4649 43
4650 26
4651 50
4652 51
4653 34
4654 38
4655 47
4656 49
4657 37
4658 56
4659 49
4660 31
4661 35
4662 32
4663 40
4664 32
4665 49
4666 39
4667 30
4668 38
4669 42
4670 52
4671 34
4672 41
4673 44
4674 35
4675 27
4676 29
4677 51
4678 32
4679 47
4680 59
4681 49
4682 35
4683 29
4684 48
4685 49
4686 50
4687 38
4688 43
4689 31
4690 47
4691 44
4692 31
4693 46
4694 47
4695 49
4696 36
4697 22
4698 59
4699 38
4700 26
4701 60
4702 35
4703 29
4704 40
4705 38
4706 25
4707 59
4708 40
4709 26
4710 38
4711 29
4712 43
4713 35
4714 33
4715 43
4716 41
4717 25
4718 44
4719 53
4720 39
4721 57
4722 32
4723 48
4724 52
4725 28
4726 37
4727 32
4728 37
4729 56
4730 28
4731 26
4732 30
4733 41
4734 28
4735 39
4736 59
4737 50
4738 36
4739 37
4740 35
4741 23
4742 53
4743 58
4744 39
4745 42
4746 39
4747 58
4748 26
4749 38
4750 50
4751 39
4752 29
4753 26
4754 43
4755 41
4756 60
4757 48
4758 45
4759 24
4760 27
4761 30
4762 43
4763 53
4764 44
4765 41
4766 35
4767 32
4768 46
4769 41
4770 43
4771 50
4772 42
4773 46
4774 27
4775 51
4776 44
4777 47
4778 34
4779 62
4780 37
4781 34
4782 48
4783 27
4784 62
4785 27
4786 41
4787 31
4788 33
4789 49
4790 39
4791 43
4792 48
4793 26
4794 28
4795 37
4796 45
4797 51
4798 42
4799 35
4800 42
4801 37
4802 56
4803 36
4804 33
4805 31
4806 40
4807 41
4808 48
4809 27
4810 54
4811 28
4812 60
4813 61
4814 30
4815 27
4816 24
4817 45
4818 27
4819 33
4820 49
4821 49
4822 32
4823 42
4824 50
4825 32
4826 43
4827 36
4828 35
4829 26
4830 36
4831 50
4832 28
4833 56
4834 60
4835 49
4836 26
4837 42
4838 51
4839 37
4840 53
4841 58
4842 27
4843 29
4844 38
4845 35
4846 43
4847 38
4848 43
4849 29
4850 36
4851 36
4852 44
4853 44
4854 50
4855 44
4856 40
4857 30
4858 25
4859 47
4860 32
4861 52
4862 51
4863 36
4864 35
4865 38
4866 56
4867 31
4868 40
4869 49
4870 40
4871 28
4872 41
4873 33
4874 30
4875 66
4876 47
4877 56
4878 37
4879 40
4880 41
4881 32
4882 40
4883 42
4884 39
4885 31
4886 32
4887 28
4888 51
4889 51
4890 47
4891 31
4892 35
4893 34
4894 56
4895 25
4896 32
4897 47
4898 40
4899 39
4900 35
4901 50
4902 31
4903 53
4904 36
4905 55
4906 32
4907 29
4908 62
4909 26
4910 39
4911 64
4912 48
4913 29
4914 37
4915 43
4916 43
4917 38
4918 43
4919 56
4920 35
4921 29
4922 47
4923 40
4924 47
4925 48
4926 42
4927 41
4928 38
4929 48
4930 45
4931 43
4932 60
4933 43
4934 28
4935 28
4936 40
4937 34
4938 43
4939 33
4940 52
4941 44
4942 35
4943 64
4944 38
4945 50
4946 48
4947 36
4948 29
4949 37
4950 37
4951 41
4952 41
4953 41
4954 50
4955 52
4956 38
4957 52
4958 25
4959 42
4960 55
4961 34
4962 39
4963 40
4964 34
4965 30
4966 55
4967 58
4968 36
4969 27
4970 32
4971 57
4972 26
4973 43
4974 56
4975 38
4976 45
4977 39
4978 35
4979 33
4980 27
4981 54
4982 28
4983 40
4984 51
4985 52
4986 32
4987 37
4988 35
4989 41
4990 32
4991 30
4992 47
4993 43
4994 57
4995 39
4996 46
4997 37
4998 30
4999 41
5000 44
5001 33
5002 40
5003 52
5004 39
5005 43
5006 34
5007 49
5008 38
5009 63
5010 50
5011 37
5012 21
5013 39
5014 24
5015 53
5016 45
5017 57
5018 39
5019 27
5020 54
5021 33
5022 67
5023 45
5024 40
5025 28
5026 48
5027 39
5028 38
5029 45
5030 44
5031 32
5032 27
5033 33
5034 41
5035 26
5036 42
5037 48
5038 41
5039 34
5040 35
5041 51
5042 36
5043 57
5044 50
5045 30
5046 32
5047 21
5048 57
5049 36
5050 50
5051 43
5052 42
5053 35
5054 32
5055 65
5056 23
5057 42
5058 41
5059 50
5060 33
5061 45
5062 62
5063 27
5064 54
5065 49
5066 44
5067 40
5068 41
5069 51
5070 33
5071 31
5072 48
5073 36
5074 26
5075 40
5076 63
5077 24
5078 50
5079 35
5080 35
5081 49
5082 29
5083 42
5084 44
5085 52
5086 49
5087 51
5088 38
5089 21
5090 44
5091 26
5092 54
5093 37
5094 37
5095 47
5096 34
5097 59
5098 46
5099 50
5100 47
5101 43
5102 30
5103 35
5104 38
5105 23
5106 58
5107 56
5108 39
5109 38
5110 38
5111 36
5112 34
5113 59
5114 65
5115 54
5116 26
5117 38
5118 45
5119 45
5120 52
5121 41
5122 51
5123 34
5124 34
5125 50
5126 44
5127 43
5128 41
5129 39
5130 32
5131 40
5132 50
5133 46
5134 34
5135 44
5136 49
5137 38
5138 32
5139 32
5140 37
5141 49
5142 43
5143 46
5144 34
5145 48
5146 34
5147 32
5148 51
5149 44
5150 49
5151 27
5152 39
5153 59
5154 54
5155 42
5156 33
5157 24
5158 47
5159 28
5160 47
5161 41
5162 37
5163 59
5164 58
5165 37
5166 42
5167 37
5168 29
5169 52
5170 40
5171 37
5172 41
5173 24
5174 47
5175 34
5176 61
5177 62
5178 51
5179 45
5180 27
5181 32
5182 26
5183 58
5184 47
5185 28
5186 36
5187 44
5188 43
5189 28
5190 34
5191 55
5192 38
5193 34
5194 39
5195 46
5196 42
5197 61
5198 76
5199 23
5200 38
5201 40
5202 63
5203 28
5204 47
5205 50
5206 33
5207 43
5208 32
5209 46
5210 39
5211 55
5212 35
5213 63
5214 39
5215 43
5216 47
5217 34
5218 46
5219 43
5220 45
5221 32
5222 32
5223 42
5224 39
5225 34
5226 57
5227 39
5228 36
5229 35
5230 55
5231 57
5232 41
5233 28
5234 39
5235 28
5236 28
5237 60
5238 30
5239 65
5240 45
5241 39
5242 26
5243 30
5244 41
5245 42
5246 56
5247 48
5248 39
5249 35
5250 36
5251 52
5252 48
5253 45
5254 33
5255 41
5256 41
5257 45
5258 27
5259 35
5260 54
5261 33
5262 52
5263 44
5264 34
5265 59
5266 34
5267 31
5268 55
5269 39
5270 54
5271 50
5272 35
5273 34
5274 36
5275 56
5276 34
5277 34
5278 35
5279 59
5280 34
5281 34
5282 55
5283 48
5284 37
5285 43
5286 47
5287 26
5288 52
5289 44
5290 44
5291 31
5292 31
5293 59
5294 26
5295 55
5296 61
5297 44
5298 31
5299 31
5300 34
5301 35
5302 49
5303 38
5304 43
5305 32
5306 54
5307 54
5308 48
5309 42
5310 51
5311 38
5312 34
5313 31
5314 49
5315 43
5316 48
5317 68
5318 49
5319 49
5320 25
5321 59
5322 30
5323 51
5324 38
5325 36
5326 30
5327 33
5328 50
5329 31
5330 55
5331 60
5332 36
5333 25
5334 50
5335 52
5336 36
5337 49
5338 39
5339 38
5340 45
5341 38
5342 42
5343 25
5344 40
5345 64
5346 38
5347 41
5348 59
5349 41
5350 32
5351 47
5352 41
5353 50
5354 40
5355 30
5356 53
5357 33
5358 58
5359 57
5360 43
5361 44
5362 47
5363 44
5364 30
5365 43
5366 53
5367 41
5368 39
5369 34
5370 42
5371 39
5372 56
5373 49
5374 53
5375 32
5376 28
5377 47
5378 30
5379 50
5380 47
5381 38
5382 38
5383 42
5384 65
5385 42
5386 42
5387 40
5388 28
5389 26
5390 24
5391 51
5392 52
5393 42
5394 56
5395 45
5396 35
5397 32
5398 54
5399 43
5400 47
5401 43
5402 39
5403 42
5404 33
5405 56
5406 46
5407 45
5408 54
5409 53
5410 29
5411 41
5412 40
5413 40
5414 50
5415 38
5416 54
5417 47
5418 42
5419 52
5420 37
5421 54
5422 38
5423 43
5424 27
5425 42
5426 40
5427 32
5428 52
5429 38
5430 43
5431 33
5432 40
5433 46
5434 42
5435 54
5436 68
5437 23
5438 46
5439 40
5440 47
5441 35
5442 35
5443 33
5444 50
5445 32
5446 35
5447 54
5448 35
5449 59
5450 45
5451 42
5452 38
5453 29
5454 31
5455 33
5456 39
5457 42
5458 51
5459 43
5460 51
5461 59
5462 35
5463 38
5464 69
5465 39
5466 36
5467 43
5468 52
5469 37
5470 39
5471 48
5472 48
5473 51
5474 27
5475 55
5476 24
5477 67
5478 65
5479 37
5480 31
5481 29
5482 50
5483 36
5484 52
5485 46
5486 53
5487 38
5488 34
5489 34
5490 39
5491 50
5492 46
5493 48
5494 40
5495 29
5496 35
5497 43
5498 44
5499 70
5500 32
5501 52
5502 40
5503 62
5504 39
5505 64
5506 63
5507 36
5508 25
5509 29
5510 65
5511 24
5512 42
5513 53
5514 35
5515 39
5516 28
5517 71
5518 33
5519 30
5520 48
5521 59
5522 32
5523 32
5524 54
5525 35
5526 50
5527 54
5528 47
5529 31
5530 32
5531 23
5532 60
5533 36
5534 49
5535 67
5536 41
5537 34
5538 57
5539 22
5540 62
5541 41
5542 33
5543 38
5544 31
5545 38
5546 35
5547 34
5548 42
5549 51
5550 34
5551 51
5552 48
5553 28
5554 53
5555 49
5556 58
5557 35
5558 22
5559 53
5560 44
5561 65
5562 47
5563 28
5564 29
5565 40
5566 47
5567 26
5568 62
5569 43
5570 43
5571 39
5572 45
5573 37
5574 46
5575 53
5576 46
5577 38
5578 48
5579 54
5580 44
5581 31
5582 56
5583 52
5584 33
5585 34
5586 32
5587 55
5588 39
5589 60
5590 51
5591 51
5592 45
5593 41
5594 51
5595 30
5596 43
5597 50
5598 42
5599 40
5600 45
5601 60
5602 27
5603 55
5604 55
5605 57
5606 38
5607 30
5608 54
5609 29
5610 37
5611 29
5612 51
5613 49
5614 37
5615 37
5616 42
5617 46
5618 56
5619 45
5620 44
5621 37
5622 46
5623 39
5624 39
5625 61
5626 52
5627 47
5628 30
5629 53
5630 40
5631 44
5632 41
5633 43
5634 27
5635 32
5636 49
5637 40
5638 57
5639 64
5640 41
5641 29
5642 44
5643 49
5644 39
5645 46
5646 59
5647 59
5648 38
5649 46
5650 42
5651 39
5652 30
5653 53
5654 41
5655 33
5656 33
5657 47
5658 44
5659 55
5660 53
5661 31
5662 23
5663 43
5664 44
5665 38
5666 59
5667 55
5668 45
5669 42
5670 51
5671 56
5672 38
5673 46
5674 40
5675 44
5676 34
5677 37
5678 57
5679 36
5680 58
5681 64
5682 50
5683 35
5684 31
5685 57
5686 47
5687 51
5688 42
5689 47
5690 25
5691 52
5692 52
5693 48
5694 39
5695 31
5696 41
5697 30
5698 28
5699 52
5700 30
5701 35
5702 39
5703 43
5704 45
5705 43
5706 63
5707 56
5708 73
5709 45
5710 40
5711 34
5712 41
5713 52
5714 35
5715 59
5716 41
5717 37
5718 24
5719 41
5720 52
5721 34
5722 70
5723 44
5724 51
5725 47
5726 28
5727 41
5728 31
5729 27
5730 61
5731 48
5732 32
5733 50
5734 40
5735 41
5736 51
5737 43
5738 42
5739 39
5740 22
5741 53
5742 30
5743 46
5744 57
5745 33
5746 40
5747 35
5748 64
5749 30
5750 47
5751 48
5752 53
5753 32
5754 24
5755 42
5756 36
5757 47
5758 56
5759 62
5760 30
5761 32
5762 47
5763 48
5764 52
5765 57
5766 48
5767 33
5768 45
5769 61
5770 49
5771 44
5772 56
5773 28
5774 52
5775 26
5776 65
5777 36
5778 46
5779 51
5780 40
5781 43
5782 50
5783 56
5784 32
5785 41
5786 43
5787 58
5788 28
5789 35
5790 70
5791 45
5792 50
5793 42
5794 32
5795 28
5796 46
5797 37
5798 40
5799 49
5800 68
5801 44
5802 48
5803 46
5804 50
5805 33
5806 43
5807 48
5808 40
5809 56
5810 29
5811 42
5812 47
5813 53
5814 49
5815 41
5816 36
5817 29
5818 37
5819 36
5820 55
5821 67
5822 46
5823 45
5824 37
5825 61
5826 39
5827 48
5828 49
5829 62
5830 25
5831 36
5832 37
5833 34
5834 60
5835 50
5836 44
5837 30
5838 40
5839 41
5840 50
5841 54
5842 57
5843 49
5844 29
5845 41
5846 62
5847 38
5848 51
5849 46
5850 52
5851 46
5852 43
5853 44
5854 48
5855 60
5856 33
5857 41
5858 39
5859 26
5860 55
5861 37
5862 45
5863 60
5864 38
5865 44
5866 41
5867 65
5868 54
5869 38
5870 34
5871 31
5872 35
5873 37
5874 57
5875 35
5876 64
5877 47
5878 61
5879 37
5880 42
5881 45
5882 30
5883 43
5884 38
5885 32
5886 34
5887 38
5888 39
5889 53
5890 55
5891 71
5892 35
5893 38
5894 37
5895 52
5896 31
5897 62
5898 63
5899 44
5900 39
5901 42
5902 58
5903 24
5904 54
5905 51
5906 45
5907 38
5908 34
5909 54
5910 34
5911 58
5912 69
5913 44
5914 29
5915 33
5916 46
5917 39
5918 38
5919 50
5920 58
5921 30
5922 36
5923 57
5924 37
5925 57
5926 65
5927 41
5928 52
5929 33
5930 55
5931 43
5932 32
5933 64
5934 36
5935 50
5936 35
5937 56
5938 32
5939 61
5940 32
5941 50
5942 43
5943 47
5944 45
5945 46
5946 57
5947 29
5948 45
5949 30
5950 43
5951 33
5952 53
5953 57
5954 50
5955 39
5956 37
5957 45
5958 55
5959 44
5960 32
5961 51
5962 46
5963 26
5964 36
5965 46
5966 38
5967 57
5968 52
5969 48
5970 36
5971 38
5972 49
5973 30
5974 59
5975 44
5976 35
5977 52
5978 43
5979 50
5980 26
5981 58
5982 42
5983 47
5984 28
5985 38
5986 71
5987 38
5988 56
5989 57
5990 54
5991 46
5992 24
5993 43
5994 49
5995 54
5996 47
5997 54
5998 27
5999 44
6000 47
6001 42
6002 35
6003 47
6004 33
6005 45
6006 35
6007 46
6008 50
6009 47
6010 72
6011 56
6012 40
6013 37
6014 54
6015 35
6016 61
6017 31
6018 39
6019 52
6020 36
6021 59
6022 27
6023 45
6024 54
6025 25
6026 37
6027 38
6028 55
6029 36
6030 74
6031 49
6032 54
6033 47
6034 39
6035 41
6036 39
6037 55
6038 52
6039 31
6040 36
6041 39
6042 55
6043 44
6044 56
6045 59
6046 36
6047 37
6048 43
6049 53
6050 40
6051 46
6052 61
6053 53
6054 32
6055 42
6056 60
6057 40
6058 38
6059 50
6060 46
6061 29
6062 55
6063 61
6064 31
6065 52
6066 30
6067 40
6068 34
6069 44
6070 43
6071 59
6072 58
6073 50
6074 51
6075 42
6076 60
6077 44
6078 37
6079 51
6080 39
6081 59
6082 49
6083 37
6084 66
6085 36
6086 48
6087 48
6088 58
6089 48
6090 43
6091 34
6092 18
6093 50
6094 41
6095 51
6096 38
6097 32
6098 53
6099 45
6100 67
6101 49
6102 48
6103 27
6104 31
6105 40
6106 38
6107 63
6108 45
6109 38
6110 49
6111 43
6112 58
6113 44
6114 65
6115 65
6116 47
6117 30
6118 30
6119 52
6120 39
6121 61
6122 60
6123 50
6124 47
6125 26
6126 49
6127 37
6128 30
6129 60
6130 48
6131 39
6132 51
6133 70
6134 39
6135 40
6136 48
6137 44
6138 28
6139 31
6140 72
6141 32
6142 41
6143 55
6144 65
6145 27
6146 36
6147 49
6148 39
6149 48
6150 52
6151 43
6152 28
6153 42
6154 59
6155 28
6156 46
6157 57
6158 25
6159 50
6160 29
6161 65
6162 37
6163 65
6164 66
6165 43
6166 45
6167 48
6168 50
6169 25
6170 55
6171 44
6172 41
6173 46
6174 30
6175 54
6176 35
6177 57
6178 34
6179 29
6180 45
6181 39
6182 44
6183 38
6184 45
6185 47
6186 63
6187 38
6188 45
6189 45
6190 47
6191 47
6192 67
6193 52
6194 39
6195 39
6196 39
6197 41
6198 54
6199 60
6200 52
6201 46
6202 37
6203 68
6204 28
6205 60
6206 56
6207 31
6208 51
6209 36
6210 39
6211 32
6212 54
6213 41
6214 64
6215 38
6216 50
6217 49
6218 53
6219 59
6220 61
6221 48
6222 33
6223 37
6224 51
6225 41
6226 37
6227 69
6228 44
6229 41
6230 29
6231 56
6232 35
6233 42
6234 53
6235 33
6236 30
6237 48
6238 57
6239 44
6240 47
6241 63
6242 72
6243 36
6244 38
6245 51
6246 32
6247 55
6248 44
6249 37
6250 41
6251 36
6252 50
6253 40
6254 53
6255 50
6256 30
6257 42
6258 48
6259 51
6260 37
6261 54
6262 52
6263 49
6264 51
6265 51
6266 49
6267 32
6268 56
6269 42
6270 40
6271 44
6272 42
6273 43
6274 42
6275 57
6276 68
6277 35
6278 34
6279 35
6280 65
6281 42
6282 57
6283 52
6284 48
6285 41
6286 34
6287 51
6288 33
6289 48
6290 38
6291 53
6292 44
6293 40
6294 56
6295 34
6296 68
6297 72
6298 34
6299 29
6300 35
6301 42
6302 51
6303 55
6304 49
6305 57
6306 26
6307 44
6308 52
6309 49
6310 50
6311 43
6312 33
6313 28
6314 42
6315 65
6316 48
6317 44
6318 60
6319 50
6320 59
6321 21
6322 52
6323 53
6324 53
6325 47
6326 35
6327 45
6328 39
6329 63
6330 40
6331 62
6332 44
6333 53
6334 45
6335 48
6336 56
6337 34
6338 55
6339 45
6340 43
6341 48
6342 41
6343 56
6344 27
6345 38
6346 48
6347 39
6348 35
6349 50
6350 40
6351 41
6352 56
6353 53
6354 55
6355 38
6356 34
6357 68
6358 31
6359 25
6360 65
6361 54
6362 39
6363 44
6364 38
6365 34
6366 54
6367 57
6368 62
6369 27
6370 39
6371 69
6372 39
6373 72
6374 56
6375 48
6376 37
6377 35
6378 48
6379 37
6380 56
6381 54
6382 44
6383 37
6384 48
6385 70
6386 41
6387 62
6388 41
6389 42
6390 34
6391 35
6392 47
6393 40
6394 56
6395 67
6396 49
6397 41
6398 43
6399 34
6400 29
6401 57
6402 48
6403 52
6404 51
6405 34
6406 63
6407 59
6408 45
6409 60
6410 42
6411 37
6412 51
6413 35
6414 39
6415 47
6416 52
6417 51
6418 56
6419 54
6420 53
6421 39
6422 46
6423 63
6424 45
6425 47
6426 49
6427 42
6428 42
6429 63
6430 55
6431 33
6432 33
6433 41
6434 45
6435 48
6436 54
6437 44
6438 43
6439 37
6440 35
6441 61
6442 34
6443 41
6444 37
6445 58
6446 47
6447 29
6448 65
6449 29
6450 57
6451 36
6452 57
6453 55
6454 40
6455 45
6456 50
6457 37
6458 59
6459 44
6460 35
6461 50
6462 51
6463 42
6464 44
6465 55
6466 49
6467 53
6468 31
6469 43
6470 46
6471 56
6472 57
6473 31
6474 58
6475 38
6476 49
6477 28
6478 55
6479 60
6480 46
6481 39
6482 29
6483 50
6484 59
6485 61
6486 51
6487 62
6488 34
6489 41
6490 50
6491 38
6492 74
6493 27
6494 44
6495 36
6496 42
6497 50
6498 34
6499 45
6500 67
6501 37
6502 47
6503 39
6504 44
6505 55
6506 59
6507 51
6508 33
6509 39
6510 37
6511 56
6512 27
6513 65
6514 47
6515 47
6516 26
6517 42
6518 84
6519 28
6520 40
6521 54
6522 50
6523 28
6524 45
6525 60
6526 45
6527 56
6528 62
6529 53
6530 48
6531 36
6532 49
6533 40
6534 51
6535 54
6536 56
6537 39
6538 39
6539 66
6540 46
6541 67
6542 42
6543 44
6544 42
6545 30
6546 43
6547 44
6548 48
6549 61
6550 51
6551 37
6552 27
6553 50
6554 38
6555 57
6556 51
6557 53
6558 59
6559 22
6560 55
6561 47
6562 55
6563 51
6564 39
6565 37
6566 39
6567 61
6568 31
6569 72
6570 57
6571 52
6572 34
6573 40
6574 48
6575 35
6576 55
6577 65
6578 41
6579 42
6580 54
6581 47
6582 60
6583 64
6584 44
6585 32
6586 36
6587 22
6588 76
6589 54
6590 50
6591 72
6592 55
6593 31
6594 48
6595 54
6596 30
6597 33
6598 46
6599 41
6600 40
6601 37
6602 57
6603 42
6604 66
6605 70
6606 62
6607 36
6608 51
6609 50
6610 35
6611 58
6612 43
6613 53
6614 42
6615 49
6616 44
6617 42
6618 39
6619 57
6620 47
6621 39
6622 34
6623 62
6624 42
6625 39
6626 62
6627 51
6628 47
6629 34
6630 40
6631 28
6632 70
6633 40
6634 52
6635 37
6636 38
6637 51
6638 47
6639 57
6640 58
6641 45
6642 44
6643 50
6644 54
6645 48
6646 50
6647 58
6648 60
6649 35
6650 45
6651 53
6652 24
6653 60
6654 53
6655 55
6656 46
6657 47
6658 55
6659 32
6660 57
6661 57
6662 38
6663 37
6664 33
6665 54
6666 38
6667 54
6668 39
6669 33
6670 53
6671 55
6672 57
6673 50
6674 59
6675 46
6676 39
6677 30
6678 38
6679 73
6680 37
6681 57
6682 59
6683 70
6684 37
6685 32
6686 40
6687 42
6688 61
6689 41
6690 35
6691 28
6692 47
6693 68
6694 50
6695 48
6696 64
6697 45
6698 36
6699 48
6700 35
6701 46
6702 56
6703 57
6704 33
6705 58
6706 36
6707 55
6708 37
6709 58
6710 66
6711 60
6712 49
6713 46
6714 59
6715 45
6716 47
6717 39
6718 52
6719 33
6720 38
6721 50
6722 52
6723 46
6724 40
6725 63
6726 49
6727 43
6728 44
6729 35
6730 38
6731 63
6732 51
6733 31
6734 48
6735 52
6736 44
6737 56
6738 60
6739 45
6740 32
6741 32
6742 56
6743 33
6744 49
6745 75
6746 27
6747 47
6748 55
6749 47
6750 36
6751 60
6752 68
6753 58
6754 23
6755 33
6756 59
6757 38
6758 64
6759 54
6760 51
6761 31
6762 41
6763 37
6764 56
6765 52
6766 46
6767 42
6768 36
6769 42
6770 71
6771 49
6772 42
6773 55
6774 34
6775 54
6776 43
6777 47
6778 50
6779 53
6780 50
6781 58
6782 31
6783 29
6784 58
6785 26
6786 65
6787 50
6788 55
6789 50
6790 41
6791 66
6792 29
6793 60
6794 50
6795 39
6796 54
6797 49
6798 51
6799 40
6800 34
6801 58
6802 48
6803 65
6804 48
6805 51
6806 32
6807 54
6808 47
6809 56
6810 53
6811 32
6812 60
6813 31
6814 58
6815 54
6816 48
6817 32
6818 25
6819 61
6820 35
6821 45
6822 59
6823 48
6824 48
6825 55
6826 72
6827 41
6828 42
6829 60
6830 62
6831 29
6832 51
6833 41
6834 32
6835 62
6836 90
6837 53
6838 40
6839 37
6840 46
6841 46
6842 44
6843 66
6844 52
6845 32
6846 47
6847 72
6848 48
6849 51
6850 37
6851 46
6852 34
6853 43
6854 68
6855 56
6856 62
6857 42
6858 49
6859 26
6860 49
6861 54
6862 47
6863 49
6864 52
6865 54
6866 63
6867 41
6868 63
6869 42
6870 76
6871 40
6872 41
6873 33
6874 44
6875 36
6876 33
6877 62
6878 36
6879 83
6880 41
6881 50
6882 42
6883 35
6884 56
6885 73
6886 29
6887 31
6888 60
6889 47
6890 51
6891 45
6892 57
6893 41
6894 33
6895 36
6896 57
6897 34
6898 62
6899 36
6900 42
6901 30
6902 38
6903 77
6904 34
6905 64
6906 42
6907 38
6908 48
6909 50
6910 54
6911 42
6912 75
6913 67
6914 50
6915 32
6916 39
6917 52
6918 51
6919 37
6920 51
6921 60
6922 43
6923 33
6924 50
6925 37
6926 64
6927 71
6928 48
6929 56
6930 42
6931 73
6932 34
6933 42
6934 60
6935 43
6936 44
6937 33
6938 42
6939 41
6940 60
6941 62
6942 49
6943 44
6944 36
6945 36
6946 59
6947 72
6948 57
6949 64
6950 39
6951 47
6952 47
6953 51
6954 43
6955 45
6956 52
6957 41
6958 37
6959 36
6960 47
6961 27
6962 64
6963 34
6964 32
6965 60
6966 40
6967 35
6968 56
6969 60
6970 48
6971 31
6972 41
6973 68
6974 31
6975 57
6976 67
6977 55
6978 56
6979 43
6980 61
6981 53
6982 53
6983 64
6984 55
6985 41
6986 27
6987 53
6988 31
6989 62
6990 50
6991 44
6992 36
6993 40
6994 43
6995 54
6996 51
6997 44
6998 56
6999 41
7000 39
7001 56
7002 41
7003 48
7004 52
7005 38
7006 61
7007 40
7008 57
7009 56
7010 41
7011 61
7012 67
7013 44
7014 30
7015 40
7016 37
7017 71
7018 64
7019 50
7020 44
7021 35
7022 68
7023 51
7024 78
7025 53
7026 35
7027 34
7028 38
7029 39
7030 32
7031 73
7032 44
7033 63
7034 39
7035 40
7036 55
7037 35
7038 64
7039 67
7040 52
7041 45
7042 33
7043 61
7044 43
7045 47
7046 61
7047 48
7048 38
7049 43
7050 80
7051 48
7052 38
7053 44
7054 45
7055 38
7056 54
7057 73
7058 37
7059 42
7060 50
7061 52
7062 34
7063 44
7064 80
7065 34
7066 53
7067 67
7068 51
7069 39
7070 42
7071 41
7072 31
7073 64
7074 71
7075 57
7076 52
7077 36
7078 49
7079 47
7080 42
7081 47
7082 41
7083 37
7084 35
7085 74
7086 51
7087 51
7088 53
7089 45
7090 48
7091 31
7092 56
7093 36
7094 53
7095 51
7096 61
7097 48
7098 43
7099 69
7100 41
7101 67
7102 66
7103 35
7104 30
7105 34
7106 29
7107 43
7108 55
7109 58
7110 34
7111 58
7112 48
7113 63
7114 42
7115 61
7116 73
7117 44
7118 34
7119 44
7120 44
7121 45
7122 55
7123 52
7124 47
7125 53
7126 50
7127 40
7128 37
7129 50
7130 60
7131 51
7132 53
7133 46
7134 72
7135 41
7136 40
7137 52
7138 54
7139 47
7140 40
7141 58
7142 42
7143 70
7144 57
7145 42
7146 38
7147 48
7148 45
7149 41
7150 57
7151 49
7152 59
7153 38
7154 55
7155 81
7156 37
7157 34
7158 42
7159 37
7160 43
7161 28
7162 46
7163 51
7164 53
7165 57
7166 65
7167 50
7168 33
7169 69
7170 43
7171 60
7172 58
7173 58
7174 47
7175 24
7176 67
7177 52
7178 62
7179 44
7180 47
7181 40
7182 39
7183 46
7184 49
7185 68
7186 60
7187 69
7188 40
7189 59
7190 49
7191 33
7192 42
7193 59
7194 41
7195 40
7196 38
7197 43
7198 39
7199 61
7200 72
7201 33
7202 46
7203 31
7204 71
7205 36
7206 55
7207 77
7208 48
7209 36
7210 42
7211 59
7212 45
7213 46
7214 44
7215 73
7216 31
7217 59
7218 54
7219 30
7220 59
7221 54
7222 53
7223 46
7224 27
7225 62
7226 49
7227 55
7228 82
7229 47
7230 43
7231 49
7232 68
7233 31
7234 55
7235 45
7236 51
7237 35
7238 45
7239 56
7240 49
7241 44
7242 70
7243 48
7244 46
7245 44
7246 69
7247 36
7248 42
7249 44
7250 32
7251 59
7252 31
7253 59
7254 63
7255 44
7256 39
7257 51
7258 42
7259 47
7260 44
7261 52
7262 53
7263 41
7264 35
7265 49
7266 49
7267 53
7268 36
7269 68
7270 70
7271 63
7272 52
7273 49
7274 42
7275 42
7276 52
7277 67
7278 54
7279 34
7280 48
7281 60
7282 41
7283 58
7284 69
7285 45
7286 45
7287 26
7288 55
7289 35
7290 40
7291 66
7292 56
7293 36
7294 27
7295 72
7296 37
7297 68
7298 63
7299 45
7300 33
7301 27
7302 51
7303 54
7304 62
7305 31
7306 51
7307 35
7308 59
7309 46
7310 46
7311 54
7312 48
7313 37
7314 37
7315 41
7316 61
7317 54
7318 56
7319 65
7320 74
7321 41
7322 44
7323 67
7324 39
7325 56
7326 43
7327 39
7328 43
7329 49
7330 82
7331 39
7332 64
7333 53
7334 48
7335 22
7336 51
7337 60
7338 41
7339 60
7340 66
7341 54
7342 42
7343 46
7344 52
7345 50
7346 64
7347 67
7348 42
7349 47
7350 39
7351 41
7352 32
7353 62
7354 62
7355 51
7356 45
7357 40
7358 60
7359 49
7360 69
7361 49
7362 44
7363 61
7364 49
7365 48
7366 39
7367 38
7368 60
7369 66
7370 43
7371 37
7372 58
7373 45
7374 52
7375 56
7376 53
7377 39
7378 40
7379 41
7380 42
7381 55
7382 39
7383 47
7384 36
7385 62
7386 75
7387 67
7388 52
7389 51
7390 34
7391 45
7392 36
7393 50
7394 44
7395 59
7396 59
7397 48
7398 51
7399 43
7400 45
7401 33
7402 89
7403 44
7404 55
7405 45
7406 46
7407 76
7408 44
7409 50
7410 72
7411 43
7412 42
7413 36
7414 46
7415 57
7416 57
7417 37
7418 68
7419 41
7420 44
7421 59
7422 37
7423 44
7424 63
7425 60
7426 31
7427 56
7428 42
7429 46
7430 64
7431 73
7432 33
7433 43
7434 49
7435 60
7436 31
7437 52
7438 70
7439 44
7440 44
7441 61
7442 60
7443 26
7444 53
7445 42
7446 52
7447 43
7448 44
7449 72
7450 32
7451 61
7452 52
7453 73
7454 42
7455 50
7456 55
7457 44
7458 64
7459 67
7460 48
7461 42
7462 47
7463 65
7464 37
7465 46
7466 43
7467 42
7468 49
7469 30
7470 65
7471 36
7472 50
7473 78
7474 52
7475 55
7476 42
7477 49
7478 45
7479 64
7480 38
7481 53
7482 53
7483 38
7484 43
7485 48
7486 62
7487 48
7488 52
7489 40
7490 40
7491 54
7492 43
7493 83
7494 55
7495 42
7496 34
7497 38
7498 45
7499 40
7500 57
7501 70
7502 46
7503 39
7504 43
7505 43
7506 51
7507 58
7508 66
7509 48
7510 36
7511 42
7512 68
7513 35
7514 61
7515 49
7516 62
7517 48
7518 51
7519 73
7520 33
7521 57
7522 36
7523 48
7524 50
7525 61
7526 67
7527 63
7528 55
7529 71
7530 36
7531 59
7532 54
7533 50
7534 43
7535 51
7536 49
7537 39
7538 42
7539 44
7540 67
7541 52
7542 40
7543 42
7544 56
7545 44
7546 40
7547 67
7548 25
7549 39
7550 77
7551 64
7552 47
7553 36
7554 47
7555 38
7556 54
7557 67
7558 44
7559 37
7560 48
7561 45
7562 43
7563 70
7564 41
7565 48
7566 39
7567 54
7568 62
7569 43
7570 74
7571 60
7572 44
7573 36
7574 44
7575 55
7576 49
7577 57
7578 67
7579 42
7580 33
7581 36
7582 45
7583 41
7584 79
7585 58
7586 47
7587 27
7588 34
7589 70
7590 43
7591 52
7592 83
7593 49
7594 58
7595 47
7596 75
7597 42
7598 44
7599 39
7600 41
7601 35
7602 43
7603 76
7604 27
7605 54
7606 70
7607 58
7608 44
7609 38
7610 59
7611 43
7612 44
7613 53
7614 66
7615 47
7616 51
7617 48
7618 51
7619 43
7620 55
7621 38
7622 54
7623 41
7624 59
7625 47
7626 48
7627 63
7628 58
7629 57
7630 34
7631 69
7632 32
7633 69
7634 49
7635 37
7636 60
7637 35
7638 48
7639 52
7640 65
7641 56
7642 55
7643 32
7644 67
7645 62
7646 51
7647 49
7648 55
7649 71
7650 43
7651 34
7652 69
7653 36
7654 49
7655 52
7656 39
7657 48
7658 47
7659 53
7660 61
7661 72
7662 75
7663 54
7664 33
7665 45
7666 36
7667 35
7668 71
7669 67
7670 54
7671 55
7672 49
7673 56
7674 48
7675 69
7676 51
7677 70
7678 29
7679 30
7680 64
7681 34
7682 69
7683 68
7684 44
7685 34
7686 32
7687 59
7688 60
7689 42
7690 57
7691 63
7692 27
7693 58
7694 76
7695 47
7696 75
7697 48
7698 45
7699 48
7700 35
7701 50
7702 43
7703 41
7704 59
7705 48
7706 53
7707 36
7708 60
7709 32
7710 61
7711 59
7712 40
7713 65
7714 44
7715 51
7716 26
7717 71
7718 49
7719 49
7720 45
7721 58
7722 44
7723 38
7724 71
7725 65
7726 61
7727 42
7728 49
7729 56
7730 46
7731 51
7732 61
7733 45
7734 39
7735 46
7736 62
7737 66
7738 50
7739 64
7740 42
7741 37
7742 26
7743 42
7744 40
7745 71
7746 73
7747 35
7748 48
7749 36
7750 75
7751 31
7752 64
7753 56
7754 58
7755 55
7756 30
7757 64
7758 49
7759 65
7760 59
7761 61
7762 42
7763 45
7764 58
7765 34
7766 61
7767 78
7768 63
7769 38
7770 24
7771 62
7772 51
7773 40
7774 42
7775 41
7776 58
7777 37
7778 69
7779 53
7780 46
7781 61
7782 63
7783 42
7784 43
7785 47
7786 34
7787 68
7788 48
7789 60
7790 33
7791 45
7792 73
7793 39
7794 33
7795 56
7796 43
7797 52
7798 55
7799 54
7800 51
7801 62
7802 36
7803 41
7804 49
7805 48
7806 36
7807 31
7808 37
7809 49
7810 72
7811 42
7812 51
7813 62
7814 59
7815 89
7816 65
7817 51
7818 53
7819 43
7820 41
7821 39
7822 63
7823 82
7824 54
7825 39
7826 60
7827 44
7828 48
7829 63
7830 62
7831 44
7832 34
7833 53
7834 59
7835 41
7836 64
7837 69
7838 43
7839 40
7840 42
7841 41
7842 50
7843 57
7844 55
7845 51
7846 33
7847 40
7848 64
7849 49
7850 70
7851 64
7852 66
7853 58
7854 30
7855 66
7856 45
7857 55
7858 46
7859 61
7860 41
7861 42
7862 44
7863 34
7864 54
7865 44
7866 51
7867 59
7868 31
7869 84
7870 40
7871 59
7872 50
7873 40
7874 45
7875 40
7876 57
7877 41
7878 76
7879 47
7880 81
7881 60
7882 45
7883 60
7884 44
7885 36
7886 56
7887 43
7888 50
7889 41
7890 72
7891 57
7892 69
7893 79
7894 41
7895 47
7896 44
7897 66
7898 48
7899 49
7900 73
7901 42
7902 42
7903 41
7904 64
7905 40
7906 51
7907 53
7908 62
7909 37
7910 51
7911 60
7912 43
7913 56
7914 68
7915 71
7916 43
7917 47
7918 54
7919 53
7920 46
7921 60
7922 49
7923 28
7924 36
7925 48
7926 37
7927 46
7928 62
7929 50
7930 46
7931 45
7932 71
7933 44
7934 54
7935 78
7936 49
7937 44
7938 42
7939 54
7940 51
7941 87
7942 40
7943 69
7944 36
7945 43
7946 66
7947 48
7948 85
7949 59
7950 33
7951 37
7952 44
7953 50
7954 45
7955 52
7956 44
7957 66
7958 50
7959 59
7960 48
7961 43
7962 53
7963 65
7964 35
7965 36
7966 61
7967 61
7968 44
7969 79
7970 59
7971 52
7972 43
7973 30
7974 64
7975 39
7976 56
7977 43
7978 36
7979 47
7980 49
7981 45
7982 54
7983 68
7984 48
7985 56
7986 48
7987 50
7988 49
7989 31
7990 63
7991 55
7992 59
7993 33
7994 34
7995 59
7996 41
7997 63
7998 57
7999 57
8000 43
8001 49
8002 67
8003 54
8004 56
8005 61
8006 53
8007 44
8008 49
8009 62
8010 62
8011 56
8012 73
8013 67
8014 50
8015 40
8016 56
8017 42
8018 71
8019 48
8020 53
8021 54
8022 44
8023 58
8024 45
8025 62
8026 65
8027 42
8028 31
8029 52
8030 41
8031 56
8032 55
8033 58
8034 61
8035 47
8036 60
8037 44
8038 40
8039 55
8040 66
8041 46
8042 28
8043 61
8044 68
8045 62
8046 55
8047 49
8048 38
8049 31
8050 29
8051 80
8052 46
8053 47
8054 73
8055 35
8056 46
8057 55
8058 80
8059 38
8060 66
8061 54
8062 75
8063 43
8064 45
8065 74
8066 33
8067 53
8068 65
8069 44
8070 47
8071 43
8072 49
8073 57
8074 45
8075 54
8076 42
8077 56
8078 59
8079 50
8080 34
8081 44
8082 54
8083 53
8084 53
8085 36
8086 75
8087 45
8088 63
8089 52
8090 64
8091 59
8092 33
8093 57
8094 47
8095 60
8096 46
8097 50
8098 42
8099 51
8100 64
8101 61
8102 64
8103 45
8104 56
8105 52
8106 36
8107 48
8108 41
8109 64
8110 46
8111 47
8112 57
8113 40
8114 58
8115 36
8116 62
8117 58
8118 50
8119 38
8120 48
8121 69
8122 52
8123 57
8124 69
8125 43
8126 27
8127 52
8128 66
8129 44
8130 71
8131 62
8132 45
8133 47
8134 45
8135 80
8136 45
8137 58
8138 58
8139 59
8140 43
8141 35
8142 68
8143 34
8144 43
8145 68
8146 68
8147 37
8148 31
8149 42
8150 43
8151 61
8152 61
8153 65
8154 41
8155 59
8156 79
8157 40
8158 65
8159 54
8160 43
8161 46
8162 41
8163 52
8164 45
8165 55
8166 78
8167 52
8168 44
8169 49
8170 50
8171 39
8172 66
8173 42
8174 56
8175 51
8176 34
8177 75
8178 59
8179 89
8180 51
8181 50
8182 35
8183 36
8184 58
8185 38
8186 61
8187 60
8188 57
8189 45
8190 65
8191 46
8192 58
8193 46
8194 68
8195 45
8196 39
8197 36
8198 57
8199 36
8200 79
8201 85
8202 38
8203 48
8204 33
8205 71
8206 44
8207 70
8208 58
8209 42
8210 39
8211 45
8212 50
8213 46
8214 65
8215 49
8216 69
8217 41
8218 47
8219 66
8220 48
8221 76
8222 67
8223 73
8224 33
8225 41
8226 44
8227 37
8228 52
8229 69
8230 58
8231 46
8232 44
8233 71
8234 49
8235 52
8236 51
8237 32
8238 46
8239 54
8240 56
8241 38
8242 64
8243 65
8244 52
8245 40
8246 47
8247 75
8248 46
8249 64
8250 37
8251 51
8252 69
8253 54
8254 62
8255 51
8256 60
8257 68
8258 60
8259 38
8260 74
8261 58
8262 37
8263 62
8264 50
8265 63
8266 43
8267 31
8268 40
8269 40
8270 58
8271 62
8272 60
8273 59
8274 48
8275 43
8276 54
8277 56
8278 63
8279 60
8280 41
8281 45
8282 68
8283 37
8284 37
8285 78
8286 49
8287 47
8288 39
8289 62
8290 40
8291 50
8292 49
8293 51
8294 53
8295 41
8296 54
8297 27
8298 66
8299 78
8300 51
8301 34
8302 30
8303 67
8304 50
8305 75
8306 79
8307 64
8308 45
8309 59
8310 56
8311 70
8312 51
8313 59
8314 49
8315 52
8316 41
8317 61
8318 49
8319 46
8320 63
8321 35
8322 53
8323 43
8324 54
8325 44
8326 58
8327 51
8328 60
8329 39
8330 45
8331 73
8332 56
8333 74
8334 62
8335 41
8336 28
8337 49
8338 64
8339 42
8340 66
8341 52
8342 62
8343 49
8344 64
8345 43
8346 53
8347 59
8348 68
8349 53
8350 46
8351 50
8352 49
8353 41
8354 47
8355 63
8356 56
8357 40
8358 29
8359 80
8360 34
8361 73
8362 57
8363 62
8364 49
8365 45
8366 54
8367 38
8368 35
8369 41
8370 63
8371 44
8372 51
8373 78
8374 50
8375 76
8376 65
8377 54
8378 31
8379 33
8380 62
8381 46
8382 71
8383 64
8384 77
8385 39
8386 44
8387 69
8388 53
8389 51
8390 63
8391 35
8392 42
8393 50
8394 62
8395 41
8396 57
8397 63
8398 72
8399 58
8400 41
8401 71
8402 30
8403 72
8404 49
8405 40
8406 55
8407 35
8408 62
8409 47
8410 59
8411 61
8412 48
8413 55
8414 33
8415 44
8416 43
8417 67
8418 58
8419 42
8420 44
8421 54
8422 71
8423 38
8424 73
8425 75
8426 38
8427 46
8428 51
8429 49
8430 54
8431 75
8432 62
8433 37
8434 50
8435 41
8436 57
8437 32
8438 45
8439 72
8440 35
8441 50
8442 64
8443 61
8444 47
8445 46
8446 54
8447 73
8448 41
8449 42
8450 73
8451 46
8452 64
8453 67
8454 52
8455 46
8456 46
8457 49
8458 52
8459 54
8460 65
8461 64
8462 48
8463 37
8464 66
8465 49
8466 56
8467 55
8468 58
8469 48
8470 35
8471 40
8472 44
8473 66
8474 52
8475 67
8476 53
8477 51
8478 58
8479 47
8480 77
8481 74
8482 43
8483 34
8484 34
8485 63
8486 61
8487 64
8488 61
8489 56
8490 45
8491 57
8492 42
8493 49
8494 72
8495 56
8496 74
8497 43
8498 44
8499 53
8500 58
8501 44
8502 69
8503 43
8504 47
8505 36
8506 46
8507 60
8508 67
8509 51
8510 38
8511 40
8512 54
8513 87
8514 36
8515 64
8516 64
8517 52
8518 50
8519 65
8520 86
8521 31
8522 50
8523 50
8524 52
8525 34
8526 60
8527 56
8528 56
8529 60
8530 59
8531 43
8532 50
8533 40
8534 49
8535 45
8536 52
8537 70
8538 65
8539 45
8540 46
8541 74
8542 61
8543 75
8544 60
8545 62
8546 65
8547 34
8548 52
8549 40
8550 44
8551 81
8552 45
8553 60
8554 43
8555 66
8556 47
8557 59
8558 65
8559 50
8560 44
8561 41
8562 68
8563 41
8564 92
8565 62
8566 42
8567 44
8568 47
8569 52
8570 39
8571 68
8572 62
8573 42
8574 52
8575 59
8576 65
8577 45
8578 47
8579 50
8580 62
8581 53
8582 52
8583 51
8584 48
8585 67
8586 56
8587 45
8588 36
8589 40
8590 62
8591 53
8592 49
8593 70
8594 69
8595 72
8596 44
8597 66
8598 40
8599 43
8600 55
8601 46
8602 33
8603 41
8604 79
8605 44
8606 67
8607 64
8608 60
8609 38
8610 48
8611 59
8612 43
8613 56
8614 66
8615 66
8616 39
8617 48
8618 73
8619 43
8620 43
8621 70
8622 38
8623 63
8624 36
8625 54
8626 58
8627 44
8628 56
8629 75
8630 41
8631 46
8632 77
8633 34
8634 83
8635 45
8636 58
8637 61
8638 42
8639 46
8640 36
8641 69
8642 57
8643 55
8644 29
8645 47
8646 61
8647 42
8648 76
8649 80
8650 49
8651 64
8652 50
8653 54
8654 36
8655 44
8656 80
8657 49
8658 35
8659 46
8660 65
8661 48
8662 61
8663 56
8664 47
8665 43
8666 37
8667 64
8668 42
8669 67
8670 39
8671 58
8672 69
8673 66
8674 56
8675 48
8676 55
8677 49
8678 47
8679 57
8680 51
8681 63
8682 29
8683 73
8684 64
8685 57
8686 42
8687 35
8688 60
8689 62
8690 41
8691 42
8692 59
8693 28
8694 67
8695 66
8696 56
8697 73
8698 57
8699 47
8700 49
8701 43
8702 70
8703 60
8704 41
8705 61
8706 52
8707 48
8708 44
8709 49
8710 52
8711 56
8712 56
8713 50
8714 51
8715 48
8716 70
8717 66
8718 55
8719 58
8720 52
8721 41
8722 53
8723 61
8724 47
8725 71
8726 52
8727 60
8728 51
8729 47
8730 59
8731 27
8732 49
8733 69
8734 58
8735 51
8736 64
8737 47
8738 46
8739 63
8740 76
8741 83
8742 40
8743 35
8744 59
8745 42
8746 74
8747 74
8748 45
8749 56
8750 53
8751 82
8752 34
8753 63
8754 75
8755 49
8756 31
8757 38
8758 77
8759 35
8760 72
8761 44
8762 74
8763 35
8764 43
8765 66
8766 56
8767 68
8768 55
8769 44
8770 40
8771 53
8772 57
8773 60
8774 53
8775 86
8776 36
8777 49
8778 33
8779 88
8780 53
8781 59
8782 66
8783 64
8784 39
8785 44
8786 72
8787 45
8788 66
8789 66
8790 66
8791 32
8792 42
8793 68
8794 40
8795 47
8796 70
8797 41
8798 50
8799 58
8800 44
8801 33
8802 80
8803 62
8804 64
8805 42
8806 40
8807 47
8808 38
8809 57
8810 63
8811 42
8812 64
8813 41
8814 47
8815 52
8816 92
8817 76
8818 51
8819 50
8820 33
8821 72
8822 40
8823 54
8824 69
8825 61
8826 49
8827 57
8828 67
8829 40
8830 56
8831 55
8832 63
8833 54
8834 42
8835 67
8836 48
8837 57
8838 78
8839 56
8840 46
8841 36
8842 63
8843 52
8844 62
8845 55
8846 52
8847 35
8848 37
8849 65
8850 56
8851 41
8852 53
8853 46
8854 51
8855 48
8856 48
8857 68
8858 60
8859 61
8860 63
8861 57
8862 42
8863 41
8864 50
8865 70
8866 70
8867 60
8868 67
8869 47
8870 66
8871 54
8872 68
8873 43
8874 39
8875 27
8876 54
8877 76
8878 41
8879 73
8880 58
8881 70
8882 41
8883 63
8884 70
8885 37
8886 53
8887 72
8888 40
8889 49
8890 44
8891 46
8892 43
8893 62
8894 84
8895 39
8896 42
8897 57
8898 61
8899 40
8900 56
8901 54
8902 62
8903 78
8904 51
8905 84
8906 37
8907 57
8908 45
8909 68
8910 60
8911 41
8912 52
8913 41
8914 64
8915 81
8916 58
8917 47
8918 52
8919 58
8920 60
8921 32
8922 59
8923 67
8924 38
8925 44
8926 76
8927 38
8928 67
8929 43
8930 43
8931 55
8932 40
8933 59
8934 46
8935 62
8936 80
8937 69
8938 45
8939 35
8940 51
8941 41
8942 78
8943 45
8944 70
8945 46
8946 47
8947 55
8948 42
8949 71
8950 43
8951 53
8952 32
8953 42
8954 66
8955 57
8956 62
8957 73
8958 59
8959 49
8960 49
8961 61
8962 48
8963 60
8964 56
8965 58
8966 44
8967 40
8968 58
8969 34
8970 82
8971 84
8972 43
8973 43
8974 48
8975 84
8976 57
8977 48
8978 75
8979 68
8980 61
8981 50
8982 67
8983 52
8984 53
8985 57
8986 68
8987 32
8988 63
8989 58
8990 36
8991 60
8992 55
8993 65
8994 45
8995 58
8996 54
8997 52
8998 51
8999 63
9000 65
9001 51
9002 64
9003 67
9004 36
9005 45
9006 64
9007 46
9008 58
9009 33
9010 49
9011 70
9012 53
9013 76
9014 44
9015 33
9016 36
9017 61
9018 32
9019 77
9020 68
9021 44
9022 51
9023 40
9024 70
9025 43
9026 63
9027 64
9028 51
9029 48
9030 56
9031 44
9032 51
9033 74
9034 63
9035 56
9036 57
9037 55
9038 45
9039 63
9040 71
9041 51
9042 51
9043 36
9044 45
9045 65
9046 38
9047 72
9048 76
9049 38
9050 56
9051 47
9052 73
9053 45
9054 52
9055 72
9056 42
9057 46
9058 59
9059 77
9060 34
9061 58
9062 49
9063 59
9064 44
9065 42
9066 69
9067 32
9068 76
9069 56
9070 70
9071 62
9072 45
9073 57
9074 54
9075 51
9076 62
9077 66
9078 40
9079 46
9080 74
9081 49
9082 53
9083 47
9084 52
9085 63
9086 41
9087 74
9088 59
9089 71
9090 81
9091 77
9092 35
9093 54
9094 59
9095 33
9096 56
9097 72
9098 66
9099 47
9100 41
9101 65
9102 67
9103 54
9104 70
9105 41
9106 36
9107 60
9108 70
9109 50
9110 67
9111 60
9112 43
9113 51
9114 50
9115 68
9116 41
9117 65
9118 63
9119 40
9120 37
9121 61
9122 61
9123 75
9124 68
9125 67
9126 60
9127 49
9128 40
9129 50
9130 43
9131 79
9132 77
9133 40
9134 49
9135 45
9136 63
9137 42
9138 58
9139 52
9140 66
9141 37
9142 53
9143 64
9144 63
9145 70
9146 68
9147 56
9148 37
9149 36
9150 60
9151 40
9152 59
9153 64
9154 61
9155 38
9156 52
9157 82
9158 52
9159 47
9160 37
9161 54
9162 46
9163 56
9164 55
9165 56
9166 76
9167 69
9168 53
9169 49
9170 45
9171 44
9172 33
9173 71
9174 42
9175 63
9176 47
9177 30
9178 93
9179 45
9180 63
9181 47
9182 71
9183 51
9184 50
9185 58
9186 38
9187 65
9188 60
9189 66
9190 56
9191 55
9192 47
9193 64
9194 44
9195 86
9196 50
9197 48
9198 40
9199 52
9200 49
9201 82
9202 77
9203 41
9204 66
9205 33
9206 79
9207 46
9208 68
9209 84
9210 47
9211 45
9212 57
9213 59
9214 43
9215 55
9216 59
9217 48
9218 49
9219 62
9220 65
9221 53
9222 64
9223 70
9224 52
9225 39
9226 37
9227 61
9228 43
9229 56
9230 74
9231 67
9232 47
9233 44
9234 75
9235 66
9236 53
9237 51
9238 42
9239 51
9240 44
9241 83
9242 41
9243 77
9244 78
9245 60
9246 46
9247 51
9248 76
9249 43
9250 57
9251 50
9252 40
9253 28
9254 51
9255 71
9256 48
9257 62
9258 69
9259 54
9260 43
9261 58
9262 44
9263 47
9264 66
9265 46
9266 53
9267 63
9268 50
9269 54
9270 30
9271 71
9272 74
9273 61
9274 53
9275 49
9276 54
9277 61
9278 64
9279 62
9280 67
9281 37
9282 40
9283 60
9284 46
9285 64
9286 81
9287 60
9288 38
9289 46
9290 67
9291 38
9292 66
9293 50
9294 57
9295 50
9296 64
9297 93
9298 44
9299 70
9300 74
9301 64
9302 42
9303 45
9304 43
9305 59
9306 77
9307 45
9308 71
9309 47
9310 46
9311 44
9312 60
9313 48
9314 40
9315 48
9316 51
9317 44
9318 76
9319 58
9320 43
9321 84
9322 49
9323 50
9324 31
9325 57
9326 53
9327 63
9328 56
9329 59
9330 52
9331 50
9332 72
9333 44
9334 83
9335 62
9336 50
9337 31
9338 55
9339 50
9340 52
9341 70
9342 63
9343 57
9344 56
9345 66
9346 52
9347 48
9348 65
9349 77
9350 47
9351 43
9352 43
9353 63
9354 53
9355 48
9356 74
9357 62
9358 46
9359 44
9360 78
9361 55
9362 73
9363 69
9364 46
9365 64
9366 43
9367 69
9368 39
9369 50
9370 88
9371 43
9372 35
9373 48
9374 74
9375 32
9376 73
9377 79
9378 76
9379 45
9380 50
9381 45
9382 53
9383 44
9384 59
9385 50
9386 52
9387 55
9388 86
9389 51
9390 58
9391 60
9392 40
9393 49
9394 42
9395 56
9396 65
9397 73
9398 58
9399 67
9400 60
9401 41
9402 51
9403 43
9404 61
9405 46
9406 47
9407 51
9408 49
9409 72
9410 59
9411 80
9412 60
9413 55
9414 37
9415 44
9416 71
9417 43
9418 61
9419 56
9420 71
9421 53
9422 44
9423 60
9424 38
9425 78
9426 64
9427 67
9428 52
9429 50
9430 71
9431 58
9432 66
9433 61
9434 41
9435 45
9436 40
9437 63
9438 52
9439 53
9440 67
9441 44
9442 55
9443 51
9444 68
9445 45
9446 60
9447 46
9448 78
9449 42
9450 53
9451 65
9452 38
9453 76
9454 79
9455 74
9456 48
9457 38
9458 40
9459 49
9460 47
9461 82
9462 72
9463 43
9464 68
9465 81
9466 59
9467 56
9468 65
9469 71
9470 42
9471 44
9472 53
9473 41
9474 62
9475 53
9476 73
9477 61
9478 43
9479 79
9480 52
9481 71
9482 74
9483 47
9484 62
9485 34
9486 53
9487 49
9488 86
9489 63
9490 47
9491 30
9492 64
9493 72
9494 42
9495 82
9496 42
9497 44
9498 43
9499 50
9500 70
9501 43
9502 51
9503 80
9504 54
9505 59
9506 49
9507 65
9508 62
9509 64
9510 54
9511 52
9512 47
9513 55
9514 67
9515 46
9516 63
9517 73
9518 42
9519 48
9520 54
9521 74
9522 47
9523 66
9524 46
9525 72
9526 40
9527 60
9528 52
9529 45
9530 88
9531 76
9532 56
9533 52
9534 50
9535 65
9536 45
9537 39
9538 57
9539 79
9540 46
9541 49
9542 50
9543 51
9544 58
9545 47
9546 60
9547 58
9548 34
9549 65
9550 44
9551 58
9552 79
9553 75
9554 49
9555 39
9556 59
9557 48
9558 65
9559 43
9560 53
9561 63
9562 40
9563 77
9564 60
9565 62
9566 60
9567 43
9568 46
9569 49
9570 46
9571 43
9572 63
9573 54
9574 70
9575 40
9576 46
9577 56
9578 51
9579 61
9580 67
9581 71
9582 61
9583 53
9584 62
9585 57
9586 81
9587 59
9588 55
9589 25
9590 42
9591 95
9592 40
9593 53
9594 70
9595 60
9596 52
9597 55
9598 75
9599 48
9600 54
9601 60
9602 59
9603 47
9604 41
9605 62
9606 29
9607 80
9608 73
9609 66
9610 31
9611 48
9612 59
9613 34
9614 42
9615 72
9616 57
9617 59
9618 57
9619 65
9620 67
9621 53
9622 81
9623 57
9624 53
9625 53
9626 67
9627 48
9628 53
9629 66
9630 52
9631 50
9632 32
9633 48
9634 36
9635 89
9636 63
9637 47
9638 62
9639 42
9640 78
9641 70
9642 69
9643 74
9644 52
9645 41
9646 62
9647 45
9648 67
9649 74
9650 64
9651 69
9652 50
9653 46
9654 60
9655 36
9656 54
9657 73
9658 55
9659 65
9660 41
9661 58
9662 48
9663 85
9664 81
9665 52
9666 52
9667 40
9668 66
9669 36
9670 51
9671 58
9672 80
9673 35
9674 59
9675 56
9676 51
9677 47
9678 65
9679 58
9680 43
9681 36
9682 83
9683 47
9684 81
9685 85
9686 79
9687 48
9688 44
9689 73
9690 43
9691 54
9692 59
9693 55
9694 36
9695 52
9696 76
9697 52
9698 66
9699 72
9700 52
9701 52
9702 50
9703 75
9704 48
9705 54
9706 60
9707 37
9708 65
9709 56
9710 56
9711 35
9712 73
9713 67
9714 42
9715 70
9716 50
9717 73
9718 42
9719 85
9720 58
9721 52
9722 67
9723 44
9724 76
9725 33
9726 76
9727 38
9728 46
9729 51
9730 46
9731 60
9732 42
9733 64
9734 81
9735 65
9736 54
9737 66
9738 47
9739 63
9740 61
9741 84
9742 56
9743 43
9744 26
9745 68
9746 36
9747 81
9748 79
9749 43
9750 67
9751 51
9752 82
9753 48
9754 71
9755 71
9756 62
9757 36
9758 55
9759 58
9760 57
9761 85
9762 53
9763 48
9764 38
9765 67
9766 38
9767 60
9768 75
9769 59
9770 76
9771 37
9772 40
9773 92
9774 47
9775 50
9776 58
9777 56
9778 67
9779 39
9780 67
9781 67
9782 64
9783 51
9784 52
9785 47
9786 44
9787 64
9788 39
9789 53
9790 71
9791 53
9792 40
9793 53
9794 67
9795 53
9796 66
9797 46
9798 43
9799 50
9800 51
9801 62
9802 62
9803 50
9804 64
9805 52
9806 45
9807 65
9808 55
9809 38
9810 61
9811 77
9812 72
9813 51
9814 53
9815 50
9816 59
9817 57
9818 68
9819 81
9820 45
9821 36
9822 82
9823 35
9824 79
9825 71
9826 51
9827 49
9828 56
9829 81
9830 53
9831 61
9832 56
9833 70
9834 44
9835 51
9836 42
9837 54
9838 79
9839 79
9840 41
9841 37
9842 45
9843 57
9844 40
9845 83
9846 83
9847 69
9848 40
9849 45
9850 75
9851 57
9852 59
9853 80
9854 49
9855 45
9856 65
9857 60
9858 57
9859 46
9860 58
9861 42
9862 48
9863 58
9864 63
9865 37
9866 64
9867 62
9868 62
9869 73
9870 55
9871 81
9872 78
9873 47
9874 34
9875 59
9876 57
9877 40
9878 70
9879 36
9880 81
9881 65
9882 42
9883 46
9884 56
9885 64
9886 38
9887 64
9888 65
9889 52
9890 51
9891 66
9892 59
9893 63
9894 82
9895 62
9896 58
9897 40
9898 58
9899 56
9900 42
9901 67
9902 57
9903 56
9904 74
9905 54
9906 98
9907 54
9908 52
9909 51
9910 65
9911 27
9912 47
9913 74
9914 43
9915 49
9916 60
9917 69
9918 37
9919 56
9920 47
9921 74
9922 63
9923 73
9924 73
9925 51
9926 50
9927 59
9928 46
9929 58
9930 72
9931 53
9932 51
9933 41
9934 57
9935 54
9936 49
9937 90
9938 79
9939 45
9940 42
9941 46
9942 44
9943 101
9944 45
9945 58
9946 55
9947 40
9948 71
9949 48
9950 79
9951 64
9952 37
9953 37
9954 59
9955 42
9956 52
9957 84
9958 49
9959 71
9960 52
9961 51
9962 68
9963 62
9964 62
9965 62
9966 46
9967 57
9968 63
9969 60
9970 45
9971 85
9972 75
9973 52
9974 42
9975 45
9976 61
9977 36
9978 56
9979 57
9980 32
9981 67
9982 69
9983 80
9984 42
9985 75
9986 81
9987 59
9988 53
9989 46
9990 86
9991 51
9992 73
9993 51
9994 68
9995 35
9996 45
9997 60
9998 50
9999 82
10000 56
