
1 0
2 1
3 1
4 1
5 2
6 3
7 3
8 1
9 3
10 5
11 2
12 3
13 4
14 4
15 5
16 1
17 4
18 8
19 4
20 4
21 8
22 8
23 4
24 3
25 8
26 7
27 7
28 6
29 5
30 13
31 6
32 1
33 10
34 11
35 7
36 7
37 10
38 9
39 9
40 5
41 7
42 18
43 7
44 5
45 14
46 11
47 6
48 3
49 10
50 11
51 9
52 8
53 7
54 15
55 9
56 4
57 14
58 12
59 5
60 10
61 9
62 10
63 11
64 1
65 11
66 19
67 10
68 6
69 17
70 21
71 6
72 8
73 14
74 12
75 13
76 7
77 14
78 21
79 7
80 4
81 19
82 18
83 8
84 14
85 18
86 15
87 13
88 8
89 12
90 28
91 13
92 8
93 21
94 15
95 10
96 3
97 17
98 19
99 15
100 12
101 13
102 30
103 7
104 7
105 31
106 22
107 12
108 13
109 18
110 21
111 16
112 6
113 14
114 29
115 14
116 10
117 26
118 22
119 13
120 13
121 19
122 18
123 16
124 10
125 16
126 32
127 11
128 1
129 24
130 27
131 9
132 18
133 25
134 18
135 18
136 11
137 16
138 30
139 9
140 12
141 27
142 21
143 10
144 7
145 25
146 21
147 22
148 12
149 17
150 37
151 11
152 9
153 30
154 28
155 14
156 16
157 17
158 21
159 14
160 5
161 22
162 35
163 12
164 12
165 39
166 20
167 11
168 18
169 24
170 28
171 19
172 12
173 19
174 33
175 10
176 5
177 32
178 22
179 15
180 20
181 22
182 30
183 15
184 11
185 23
186 37
187 15
188 10
189 33
190 30
191 13
192 3
193 21
194 20
195 23
196 15
197 19
198 37
199 11
200 11
201 31
202 22
203 13
204 16
205 27
206 22
207 19
208 8
209 21
210 50
211 9
212 12
213 34
214 23
215 10
216 15
217 28
218 23
219 17
220 11
221 20
222 30
223 9
224 4
225 38
226 26
227 14
228 20
229 20
230 27
231 22
232 12
233 21
234 38
235 15
236 10
237 31
238 24
239 12
240 10
241 18
242 29
243 15
244 13
245 30
246 37
247 9
248 10
249 34
250 25
251 15
252 19
253 25
254 25
255 18
256 1
257 18
258 36
259 17
260 16
261 37
262 31
263 12
264 19
265 31
266 31
267 25
268 13
269 22
270 47
271 9
272 6
273 48
274 23
275 19
276 24
277 27
278 24
279 16
280 21
281 25
282 44
283 10
284 11
285 42
286 31
287 12
288 8
289 32
290 33
291 24
292 16
293 24
294 50
295 9
296 12
297 45
298 32
299 14
300 19
301 33
302 26
303 16
304 7
305 29
306 43
307 20
308 19
309 42
310 32
311 14
312 21
313 26
314 25
315 29
316 12
317 24
318 39
319 9
320 4
321 35
322 39
323 14
324 25
325 39
326 30
327 17
328 18
329 32
330 58
331 16
332 13
333 46
334 25
335 13
336 14
337 30
338 34
339 22
340 23
341 29
342 48
343 13
344 15
345 60
346 27
347 16
348 18
349 24
350 41
351 21
352 8
353 31
354 48
355 15
356 16
357 59
358 29
359 14
360 28
361 36
362 29
363 22
364 16
365 33
366 53
367 10
368 8
369 42
370 40
371 18
372 29
373 33
374 36
375 22
376 15
377 29
378 52
379 18
380 15
381 41
382 32
383 11
384 3
385 44
386 29
387 28
388 20
389 32
390 56
391 9
392 19
393 48
394 34
395 17
396 23
397 32
398 27
399 23
400 12
401 33
402 52
403 18
404 17
405 60
406 42
407 15
408 30
409 34
410 41
411 23
412 11
413 35
414 49
415 12
416 7
417 54
418 34
419 14
420 38
421 35
422 36
423 15
424 22
425 39
426 52
427 22
428 14
429 62
430 37
431 15
432 13
433 34
434 44
435 29
436 20
437 36
438 55
439 7
440 21
441 63
442 41
443 15
444 23
445 41
446 30
447 18
448 6
449 31
450 63
451 19
452 21
453 51
454 33
455 19
456 29
457 37
458 30
459 31
460 17
461 30
462 64
463 6
464 10
465 64
466 37
467 18
468 32
469 42
470 42
471 21
472 22
473 41
474 48
475 17
476 21
477 49
478 33
479 16
480 13
481 38
482 36
483 29
484 23
485 42
486 54
487 13
488 18
489 54
490 46
491 16
492 23
493 38
494 40
495 19
496 10
497 39
498 57
499 13
500 19
501 58
502 31
503 11
504 32
505 46
506 44
507 33
508 12
509 34
510 61
511 11
512 1
513 58
514 35
515 24
516 29
517 41
518 42
519 17
520 27
521 29
522 66
523 9
524 14
525 72
526 32
527 15
528 18
529 39
530 37
531 29
532 30
533 36
534 52
535 10
536 18
537 53
538 27
539 22
540 23
541 39
542 34
543 17
544 11
545 40
546 70
547 19
548 22
549 58
550 46
551 17
552 30
553 48
554 39
555 28
556 15
557 32
558 47
559 14
560 12
561 64
562 41
563 15
564 34
565 37
566 33
567 21
568 21
569 35
570 70
571 18
572 14
573 51
574 35
575 15
576 7
577 37
578 38
579 22
580 28
581 47
582 58
583 11
584 21
585 77
586 36
587 22
588 28
589 39
590 49
591 19
592 12
593 38
594 59
595 25
596 21
597 67
598 38
599 12
600 37
601 34
602 43
603 26
604 14
605 47
606 63
607 4
608 9
609 75
610 42
611 22
612 37
613 42
614 39
615 18
616 28
617 45
618 54
619 19
620 19
621 55
622 33
623 13
624 16
625 42
626 45
627 38
628 20
629 39
630 81
631 14
632 21
633 57
634 44
635 21
636 23
637 43
638 41
639 26
640 5
641 39
642 64
643 19
644 29
645 79
646 40
647 15
648 35
649 46
650 49
651 38
652 18
653 43
654 56
655 15
656 12
657 58
658 54
659 20
660 49
661 46
662 43
663 23
664 20
665 62
666 67
667 23
668 16
669 63
670 36
671 16
672 18
673 35
674 49
675 31
676 31
677 42
678 55
679 15
680 28
681 74
682 46
683 18
684 28
685 45
686 50
687 21
688 12
689 46
690 78
691 24
692 24
693 81
694 44
695 15
696 33
697 54
698 38
699 33
700 14
701 41
702 75
703 8
704 5
705 69
706 48
707 32
708 39
709 43
710 46
711 28
712 22
713 40
714 84
715 24
716 22
717 58
718 35
719 18
720 20
721 47
722 45
723 34
724 27
725 54
726 73
727 11
728 30
729 69
730 49
731 26
732 28
733 36
734 42
735 33
736 11
737 53
738 64
739 22
740 31
741 74
742 49
743 18
744 37
745 49
746 50
747 34
748 21
749 54
750 73
751 18
752 10
753 67
754 42
755 24
756 50
757 50
758 47
759 33
760 30
761 43
762 76
763 19
764 23
765 81
766 38
767 22
768 3
769 42
770 69
771 42
772 26
773 43
774 77
775 12
776 20
777 79
778 40
779 34
780 34
781 40
782 52
783 20
784 15
785 52
786 78
787 21
788 27
789 61
790 44
791 26
792 37
793 50
794 47
795 48
796 16
797 38
798 79
799 14
800 11
801 74
802 50
803 28
804 43
805 68
806 63
807 24
808 22
809 47
810 71
811 27
812 23
813 69
814 48
815 20
816 16
817 38
818 44
819 47
820 33
821 46
822 64
823 13
824 22
825 82
826 54
827 26
828 29
829 41
830 61
831 28
832 8
833 53
834 83
835 21
836 32
837 80
838 33
839 21
840 50
841 48
842 54
843 32
844 15
845 57
846 63
847 19
848 12
849 72
850 53
851 32
852 45
853 37
854 56
855 33
856 23
857 41
858 87
859 21
860 21
861 82
862 35
863 20
864 15
865 51
866 52
867 44
868 33
869 56
870 85
871 13
872 23
873 67
874 46
875 38
876 30
877 41
878 45
879 30
880 11
881 46
882 90
883 23
884 31
885 77
886 52
887 17
888 30
889 52
890 60
891 43
892 15
893 49
894 73
895 12
896 4
897 75
898 38
899 30
900 49
901 48
902 52
903 28
904 26
905 58
906 75
907 29
908 20
909 60
910 59
911 25
912 20
913 52
914 56
915 40
916 28
917 54
918 75
919 13
920 27
921 74
922 43
923 28
924 36
925 39
926 50
927 29
928 12
929 52
930 80
931 31
932 31
933 74
934 41
935 26
936 38
937 40
938 61
939 39
940 19
941 44
942 70
943 7
944 10
945 90
946 53
947 28
948 39
949 60
950 54
951 32
952 24
953 44
954 86
955 21
956 21
957 76
958 33
959 30
960 10
961 42
962 55
963 33
964 25
965 48
966 97
967 17
968 29
969 77
970 46
971 24
972 27
973 45
974 56
975 30
976 13
977 47
978 69
979 28
980 39
981 78
982 45
983 20
984 37
985 51
986 54
987 50
988 17
989 59
990 84
991 21
992 10
993 70
994 57
995 34
996 49
997 40
998 50
999 32
1000 25
1001 70
1002 79
1003 22
1004 25
1005 84
1006 40
1007 17
1008 19
1009 38
1010 64
1011 43
1012 31
1013 41
1014 76
1015 15
1016 25
1017 79
1018 38
1019 29
1020 29
1021 38
1022 63
1023 28
1024 1
1025 53
1026 95
1027 29
1028 23
1029 93
1030 55
1031 26
1032 36
1033 45
1034 63
1035 46
1036 23
1037 56
1038 75
1039 12
1040 16
1041 71
1042 55
1043 32
1044 50
1045 70
1046 54
1047 26
1048 31
1049 53
1050 106
1051 35
1052 18
1053 74
1054 56
1055 20
1056 19
1057 65
1058 61
1059 50
1060 34
1061 57
1062 68
1063 14
1064 31
1065 103
1066 64
1067 29
1068 39
1069 41
1070 61
1071 37
1072 13
1073 55
1074 75
1075 30
1076 34
1077 74
1078 53
1079 28
1080 47
1081 55
1082 53
1083 42
1084 14
1085 71
1086 82
1087 12
1088 6
1089 87
1090 62
1091 24
1092 64
1093 62
1094 61
1095 25
1096 23
1097 49
1098 79
1099 27
1100 30
1101 80
1102 48
1103 25
1104 24
1105 61
1106 67
1107 56
1108 30
1109 43
1110 104
1111 13
1112 24
1113 99
1114 56
1115 39
1116 28
1117 46
1118 58
1119 30
1120 21
1121 60
1122 107
1123 21
1124 35
1125 98
1126 49
1127 24
1128 44
1129 62
1130 65
1131 64
1132 13
1133 56
1134 99
1135 14
1136 11
1137 70
1138 56
1139 35
1140 51
1141 62
1142 63
1143 25
1144 31
1145 62
1146 81
1147 27
1148 22
1149 87
1150 48
1151 21
1152 8
1153 52
1154 55
1155 63
1156 40
1157 61
1158 78
1159 17
1160 33
1161 76
1162 64
1163 30
1164 36
1165 61
1166 63
1167 25
1168 16
1169 71
1170 120
1171 24
1172 35
1173 92
1174 50
1175 27
1176 50
1177 56
1178 68
1179 43
1180 16
1181 55
1182 75
1183 16
1184 12
1185 103
1186 48
1187 38
1188 52
1189 58
1190 73
1191 32
1192 32
1193 53
1194 99
1195 25
1196 25
1197 94
1198 45
1199 30
1200 19
1201 53
1202 60
1203 34
1204 41
1205 63
1206 97
1207 14
1208 26
1209 96
1210 64
1211 43
1212 26
1213 47
1214 59
1215 26
1216 7
1217 43
1218 99
1219 35
1220 37
1221 92
1222 52
1223 16
1224 43
1225 72
1226 61
1227 48
1228 23
1229 54
1230 92
1231 15
1232 19
1233 97
1234 53
1235 42
1236 54
1237 58
1238 57
1239 35
1240 32
1241 64
1242 79
1243 28
1244 22
1245 82
1246 65
1247 19
1248 21
1249 46
1250 74
1251 51
1252 34
1253 63
1254 108
1255 17
1256 25
1257 98
1258 53
1259 34
1260 42
1261 53
1262 50
1263 31
1264 12
1265 64
1266 89
1267 34
1268 32
1269 95
1270 48
1271 26
1272 39
1273 53
1274 88
1275 51
1276 19
1277 49
1278 76
1279 17
1280 4
1281 97
1282 64
1283 25
1284 51
1285 66
1286 60
1287 31
1288 39
1289 55
1290 108
1291 29
1292 23
1293 80
1294 37
1295 25
1296 25
1297 57
1298 63
1299 49
1300 42
1301 55
1302 99
1303 8
1304 30
1305 99
1306 64
1307 29
1308 26
1309 74
1310 72
1311 35
1312 18
1313 68
1314 93
1315 34
1316 41
1317 96
1318 61
1319 24
1320 58
1321 59
1322 57
1323 61
1324 19
1325 70
1326 98
1327 11
1328 13
1329 82
1330 78
1331 47
1332 57
1333 51
1334 72
1335 26
1336 25
1337 71
1338 88
1339 33
1340 23
1341 83
1342 46
1343 18
1344 14
1345 73
1346 65
1347 47
1348 34
1349 63
1350 91
1351 18
1352 34
1353 99
1354 55
1355 39
1356 37
1357 47
1358 72
1359 33
1360 23
1361 57
1362 106
1363 24
1364 40
1365 139
1366 50
1367 22
1368 48
1369 54
1370 70
1371 49
1372 20
1373 69
1374 97
1375 10
1376 15
1377 89
1378 60
1379 43
1380 76
1381 63
1382 55
1383 30
1384 27
1385 70
1386 129
1387 30
1388 25
1389 88
1390 59
1391 25
1392 18
1393 60
1394 76
1395 62
1396 30
1397 66
1398 81
1399 16
1400 41
1401 95
1402 61
1403 35
1404 37
1405 54
1406 69
1407 33
1408 8
1409 66
1410 101
1411 35
1412 38
1413 88
1414 62
1415 24
1416 48
1417 63
1418 60
1419 58
1420 21
1421 68
1422 97
1423 12
1424 16
1425 116
1426 67
1427 38
1428 71
1429 58
1430 87
1431 28
1432 29
1433 64
1434 92
1435 33
1436 22
1437 86
1438 42
1439 25
1440 28
1441 64
1442 78
1443 46
1444 41
1445 69
1446 87
1447 11
1448 29
1449 117
1450 73
1451 35
1452 34
1453 65
1454 64
1455 33
1456 16
1457 64
1458 95
1459 24
1460 46
1461 97
1462 48
1463 25
1464 53
1465 68
1466 61
1467 57
1468 14
1469 62
1470 110
1471 20
1472 8
1473 79
1474 73
1475 39
1476 57
1477 70
1478 67
1479 41
1480 40
1481 57
1482 106
1483 25
1484 35
1485 117
1486 54
1487 19
1488 29
1489 62
1490 73
1491 59
1492 39
1493 64
1494 87
1495 19
1496 36
1497 85
1498 61
1499 42
1500 32
1501 56
1502 60
1503 20
1504 15
1505 84
1506 110
1507 30
1508 35
1509 91
1510 59
1511 17
1512 52
1513 71
1514 64
1515 50
1516 26
1517 57
1518 98
1519 16
1520 15
1521 104
1522 48
1523 39
1524 53
1525 59
1526 79
1527 31
1528 32
1529 66
1530 117
1531 29
1532 21
1533 109
1534 62
1535 24
1536 3
1537 49
1538 63
1539 54
1540 51
1541 70
1542 90
1543 12
1544 29
1545 105
1546 44
1547 48
1548 39
1549 62
1550 67
1551 40
1552 20
1553 56
1554 124
1555 31
1556 45
1557 86
1558 54
1559 30
1560 56
1561 73
1562 80
1563 43
1564 14
1565 73
1566 90
1567 10
1568 19
1569 108
1570 70
1571 38
1572 59
1573 67
1574 60
1575 36
1576 34
1577 70
1578 98
1579 26
1580 25
1581 91
1582 51
1583 25
1584 23
1585 53
1586 80
1587 45
1588 39
1589 67
1590 106
1591 15
1592 27
1593 100
1594 51
1595 43
1596 40
1597 54
1598 67
1599 34
1600 12
1601 56
1602 88
1603 32
1604 46
1605 126
1606 58
1607 21
1608 52
1609 50
1610 95
1611 57
1612 26
1613 57
1614 96
1615 15
1616 17
1617 127
1618 58
1619 40
1620 72
1621 59
1622 60
1623 22
1624 42
1625 88
1626 118
1627 31
1628 23
1629 98
1630 47
1631 33
1632 30
1633 71
1634 75
1635 59
1636 40
1637 69
1638 110
1639 15
1640 41
1641 96
1642 68
1643 33
1644 34
1645 76
1646 70
1647 24
1648 11
1649 70
1650 116
1651 40
1652 44
1653 112
1654 66
1655 21
1656 49
1657 61
1658 60
1659 70
1660 15
1661 74
1662 88
1663 10
1664 7
1665 105
1666 82
1667 36
1668 64
1669 69
1670 77
1671 27
1672 34
1673 74
1674 113
1675 33
1676 23
1677 95
1678 48
1679 25
1680 38
1681 72
1682 78
1683 49
1684 41
1685 76
1686 93
1687 17
1688 36
1689 109
1690 70
1691 41
1692 33
1693 46
1694 90
1695 33
1696 22
1697 68
1698 100
1699 31
1700 50
1701 124
1702 63
1703 26
1704 52
1705 96
1706 70
1707 55
1708 28
1709 69
1710 111
1711 14
1712 14
1713 95
1714 75
1715 44
1716 79
1717 75
1718 56
1719 36
1720 37
1721 64
1722 124
1723 27
1724 29
1725 109
1726 62
1727 24
1728 13
1729 80
1730 86
1731 71
1732 38
1733 66
1734 102
1735 10
1736 44
1737 104
1738 57
1739 38
1740 40
1741 57
1742 59
1743 29
1744 20
1745 79
1746 101
1747 37
1748 44
1749 106
1750 73
1751 26
1752 55
1753 57
1754 78
1755 59
1756 13
1757 71
1758 92
1759 15
1760 21
1761 110
1762 58
1763 38
1764 78
1765 81
1766 74
1767 25
1768 41
1769 71
1770 117
1771 46
1772 26
1773 109
1774 54
1775 22
1776 23
1777 47
1778 87
1779 69
1780 44
1781 74
1782 110
1783 14
1784 30
1785 146
1786 76
1787 42
1788 26
1789 68
1790 78
1791 32
1792 6
1793 77
1794 135
1795 26
1796 45
1797 105
1798 50
1799 32
1800 63
1801 64
1802 76
1803 47
1804 26
1805 80
1806 115
1807 13
1808 21
1809 104
1810 69
1811 36
1812 62
1813 79
1814 69
1815 33
1816 33
1817 73
1818 109
1819 22
1820 30
1821 103
1822 47
1823 19
1824 29
1825 68
1826 81
1827 60
1828 43
1829 77
1830 108
1831 17
1832 30
1833 112
1834 67
1835 53
1836 44
1837 49
1838 71
1839 25
1840 17
1841 84
1842 107
1843 28
1844 40
1845 117
1846 58
1847 22
1848 64
1849 74
1850 83
1851 61
1852 13
1853 71
1854 94
1855 20
1856 10
1857 104
1858 65
1859 55
1860 74
1861 57
1862 83
1863 29
1864 37
1865 75
1866 109
1867 33
1868 24
1869 115
1870 69
1871 23
1872 32
1873 69
1874 76
1875 59
1876 52
1877 72
1878 98
1879 19
1880 42
1881 123
1882 70
1883 38
1884 39
1885 82
1886 66
1887 34
1888 22
1889 67
1890 149
1891 29
1892 50
1893 103
1894 49
1895 25
1896 48
1897 74
1898 82
1899 51
1900 24
1901 70
1902 78
1903 16
1904 21
1905 111
1906 78
1907 31
1908 61
1909 67
1910 66
1911 40
1912 33
1913 68
1914 107
1915 35
1916 24
1917 92
1918 56
1919 30
1920 13
1921 63
1922 80
1923 50
1924 44
1925 103
1926 119
1927 12
1928 36
1929 109
1930 72
1931 39
1932 43
1933 62
1934 84
1935 29
1936 23
1937 77
1938 103
1939 47
1940 52
1941 119
1942 49
1943 18
1944 54
1945 69
1946 87
1947 75
1948 16
1949 66
1950 129
1951 12
1952 18
1953 128
1954 73
1955 45
1956 68
1957 78
1958 72
1959 29
1960 46
1961 86
1962 106
1963 26
1964 28
1965 106
1966 59
1967 26
1968 23
1969 79
1970 70
1971 63
1972 42
1973 62
1974 130
1975 11
1976 40
1977 97
1978 67
1979 40
1980 33
1981 71
1982 68
1983 25
1984 10
1985 72
1986 112
1987 36
1988 49
1989 134
1990 53
1991 25
1992 57
1993 55
1994 77
1995 70
1996 19
1997 62
1998 82
1999 17
2000 19
2001 109
2002 92
2003 37
2004 75
2005 71
2006 80
2007 25
2008 31
2009 86
2010 126
2011 39
2012 20
2013 117
2014 57
2015 24
2016 32
2017 54
2018 72
2019 57
2020 52
2021 69
2022 92
2023 10
2024 44
2025 138
2026 66
2027 42
2028 43
2029 62
2030 96
2031 33
2032 12
2033 69
2034 118
2035 28
2036 42
2037 122
2038 54
2039 28
2040 61
2041 74
2042 68
2043 53
2044 17
2045 85
2046 120
2047 13
2048 1
2049 113
2050 74
2051 56
2052 70
2053 70
2054 77
2055 34
2056 35
2057 68
2058 119
2059 35
2060 33
2061 96
2062 51
2063 17
2064 29
2065 90
2066 85
2067 59
2068 46
2069 73
2070 96
2071 18
2072 42
2073 106
2074 79
2075 35
2076 35
2077 58
2078 63
2079 45
2080 27
2081 76
2082 107
2083 28
2084 43
2085 115
2086 64
2087 20
2088 66
2089 63
2090 97
2091 65
2092 13
2093 96
2094 103
2095 12
2096 14
2097 94
2098 55
2099 44
2100 85
2101 83
2102 71
2103 19
2104 32
2105 86
2106 120
2107 33
2108 26
2109 111
2110 61
2111 25
2112 18
2113 64
2114 84
2115 64
2116 43
2117 70
2118 94
2119 14
2120 37
2121 124
2122 72
2123 44
2124 40
2125 71
2126 75
2127 24
2128 30
2129 78
2130 137
2131 36
2132 47
2133 94
2134 60
2135 26
2136 52
2137 79
2138 69
2139 66
2140 14
2141 65
2142 117
2143 16
2144 18
2145 138
2146 69
2147 43
2148 65
2149 77
2150 83
2151 41
2152 27
2153 75
2154 120
2155 28
2156 38
2157 99
2158 56
2159 26
2160 23
2161 52
2162 69
2163 60
2164 45
2165 80
2166 98
2167 10
2168 34
2169 98
2170 80
2171 47
2172 26
2173 59
2174 67
2175 28
2176 11
2177 80
2178 128
2179 25
2180 50
2181 127
2182 54
2183 22
2184 70
2185 82
2186 87
2187 48
2188 23
2189 80
2190 97
2191 12
2192 22
2193 131
2194 65
2195 47
2196 66
2197 71
2198 85
2199 39
2200 46
2201 71
2202 112
2203 25
2204 29
2205 140
2206 55
2207 27
2208 30
2209 69
2210 85
2211 53
2212 58
2213 67
2214 115
2215 16
2216 39
2217 103
2218 53
2219 53
2220 44
2221 68
2222 61
2223 33
2224 15
2225 69
2226 140
2227 36
2228 40
2229 108
2230 60
2231 28
2232 47
2233 81
2234 87
2235 50
2236 23
2237 59
2238 89
2239 12
2240 12
2241 113
2242 71
2243 37
2244 78
2245 81
2246 70
2247 32
2248 41
2249 79
2250 101
2251 40
2252 24
2253 94
2254 75
2255 29
2256 34
2257 66
2258 81
2259 58
2260 44
2261 96
2262 115
2263 15
2264 33
2265 120
2266 74
2267 35
2268 28
2269 61
2270 84
2271 22
2272 21
2273 70
2274 111
2275 48
2276 44
2277 138
2278 48
2279 29
2280 70
2281 76
2282 83
2283 58
2284 25
2285 68
2286 115
2287 13
2288 14
2289 126
2290 79
2291 48
2292 64
2293 59
2294 75
2295 26
2296 35
2297 74
2298 108
2299 36
2300 24
2301 112
2302 43
2303 21
2304 7
2305 68
2306 75
2307 61
2308 42
2309 64
2310 133
2311 18
2312 38
2313 96
2314 74
2315 41
2316 41
2317 68
2318 76
2319 42
2320 28
2321 86
2322 116
2323 25
2324 61
2325 141
2326 66
2327 19
2328 58
2329 78
2330 82
2331 79
2332 18
2333 83
2334 98
2335 15
2336 21
2337 111
2338 84
2339 45
2340 90
2341 65
2342 73
2343 24
2344 36
2345 103
2346 143
2347 26
2348 28
2349 121
2350 54
2351 23
2352 28
2353 70
2354 104
2355 64
2356 46
2357 76
2358 91
2359 16
2360 49
2361 121
2362 57
2363 46
2364 28
2365 71
2366 92
2367 22
2368 12
2369 77
2370 135
2371 30
2372 46
2373 131
2374 63
2375 22
2376 59
2377 66
2378 74
2379 69
2380 29
2381 83
2382 92
2383 10
2384 21
2385 132
2386 56
2387 49
2388 77
2389 73
2390 78
2391 33
2392 38
2393 74
2394 150
2395 38
2396 25
2397 105
2398 64
2399 25
2400 37
2401 82
2402 89
2403 62
2404 37
2405 100
2406 101
2407 16
2408 43
2409 134
2410 85
2411 44
2412 40
2413 66
2414 81
2415 36
2416 14
2417 72
2418 121
2419 35
2420 59
2421 103
2422 56
2423 23
2424 63
2425 77
2426 89
2427 50
2428 8
2429 105
2430 117
2431 18
2432 9
2433 116
2434 64
2435 46
2436 92
2437 69
2438 75
2439 29
2440 42
2441 76
2442 120
2443 30
2444 35
2445 132
2446 60
2447 19
2448 37
2449 67
2450 107
2451 69
2452 48
2453 77
2454 121
2455 8
2456 39
2457 141
2458 59
2459 52
2460 29
2461 59
2462 70
2463 22
2464 28
2465 105
2466 114
2467 35
2468 53
2469 107
2470 69
2471 27
2472 54
2473 82
2474 80
2475 73
2476 27
2477 67
2478 117
2479 22
2480 19
2481 97
2482 78
2483 43
2484 73
2485 91
2486 87
2487 31
2488 33
2489 84
2490 117
2491 42
2492 23
2493 115
2494 64
2495 22
2496 16
2497 60
2498 80
2499 70
2500 47
2501 93
2502 93
2503 15
2504 45
2505 122
2506 100
2507 46
2508 50
2509 74
2510 82
2511 40
2512 20
2513 91
2514 131
2515 29
2516 48
2517 119
2518 53
2519 29
2520 81
2521 73
2522 88
2523 44
2524 22
2525 85
2526 105
2527 21
2528 21
2529 125
2530 87
2531 43
2532 68
2533 83
2534 89
2535 36
2536 44
2537 72
2538 127
2539 29
2540 27
2541 151
2542 59
2543 22
2544 23
2545 74
2546 94
2547 62
2548 48
2549 85
2550 132
2551 16
2552 41
2553 131
2554 71
2555 54
2556 41
2557 52
2558 64
2559 39
2560 5
2561 86
2562 140
2563 33
2564 49
2565 129
2566 72
2567 17
2568 64
2569 92
2570 93
2571 69
2572 23
2573 80
2574 134
2575 15
2576 29
2577 127
2578 63
2579 45
2580 91
2581 82
2582 69
2583 35
2584 40
2585 107
2586 120
2587 34
2588 24
2589 117
2590 67
2591 26
2592 35
2593 67
2594 89
2595 58
2596 52
2597 98
2598 111
2599 17
2600 49
2601 148
2602 55
2603 32
2604 57
2605 76
2606 90
2607 31
2608 18
2609 80
2610 138
2611 37
2612 52
2613 132
2614 63
2615 32
2616 56
2617 60
2618 114
2619 61
2620 19
2621 79
2622 107
2623 13
2624 12
2625 146
2626 90
2627 45
2628 70
2629 90
2630 79
2631 40
2632 54
2633 82
2634 136
2635 34
2636 31
2637 99
2638 52
2639 36
2640 49
2641 83
2642 77
2643 60
2644 50
2645 96
2646 131
2647 11
2648 43
2649 132
2650 81
2651 49
2652 36
2653 81
2654 103
2655 30
2656 20
2657 89
2658 109
2659 30
2660 76
2661 137
2662 65
2663 24
2664 67
2665 81
2666 87
2667 76
2668 28
2669 93
2670 108
2671 16
2672 16
2673 111
2674 86
2675 51
2676 78
2677 77
2678 86
2679 37
2680 36
2681 96
2682 135
2683 19
2684 28
2685 138
2686 56
2687 23
2688 18
2689 90
2690 99
2691 66
2692 42
2693 74
2694 105
2695 21
2696 49
2697 121
2698 71
2699 51
2700 41
2701 59
2702 85
2703 31
2704 31
2705 91
2706 160
2707 33
2708 50
2709 160
2710 58
2711 26
2712 55
2713 72
2714 93
2715 74
2716 21
2717 102
2718 106
2719 10
2720 28
2721 118
2722 75
2723 45
2724 85
2725 97
2726 87
2727 29
2728 46
2729 89
2730 171
2731 38
2732 29
2733 113
2734 62
2735 25
2736 28
2737 81
2738 83
2739 65
2740 49
2741 82
2742 102
2743 15
2744 50
2745 146
2746 67
2747 44
2748 32
2749 72
2750 93
2751 42
2752 12
2753 87
2754 134
2755 36
2756 58
2757 110
2758 75
2759 35
2760 78
2761 83
2762 86
2763 42
2764 31
2765 107
2766 128
2767 14
2768 24
2769 143
2770 83
2771 50
2772 96
2773 84
2774 96
2775 29
2776 44
2777 73
2778 103
2779 44
2780 27
2781 129
2782 48
2783 23
2784 33
2785 73
2786 105
2787 62
2788 58
2789 70
2790 128
2791 15
2792 38
2793 165
2794 81
2795 47
2796 40
2797 74
2798 67
2799 34
2800 14
2801 94
2802 125
2803 21
2804 54
2805 160
2806 74
2807 28
2808 75
2809 76
2810 98
2811 56
2812 14
2813 85
2814 138
2815 14
2816 5
2817 107
2818 69
2819 46
2820 78
2821 106
2822 73
2823 28
2824 48
2825 98
2826 123
2827 37
2828 41
2829 149
2830 68
2831 28
2832 39
2833 65
2834 94
2835 69
2836 54
2837 77
2838 110
2839 23
2840 46
2841 135
2842 86
2843 42
2844 45
2845 56
2846 79
2847 34
2848 22
2849 123
2850 149
2851 50
2852 51
2853 139
2854 64
2855 22
2856 84
2857 69
2858 90
2859 57
2860 31
2861 83
2862 96
2863 15
2864 22
2865 141
2866 71
2867 44
2868 67
2869 77
2870 110
2871 42
2872 35
2873 89
2874 136
2875 35
2876 28
2877 113
2878 70
2879 34
2880 20
2881 77
2882 87
2883 60
2884 54
2885 102
2886 136
2887 9
2888 45
2889 119
2890 84
2891 54
2892 45
2893 84
2894 76
2895 29
2896 27
2897 81
2898 141
2899 36
2900 63
2901 120
2902 61
2903 20
2904 73
2905 105
2906 95
2907 70
2908 14
2909 99
2910 119
2911 18
2912 30
2913 133
2914 84
2915 43
2916 84
2917 69
2918 72
2919 41
2920 49
2921 97
2922 115
2923 30
2924 37
2925 133
2926 80
2927 27
2928 28
2929 85
2930 106
2931 58
2932 42
2933 99
2934 122
2935 21
2936 42
2937 140
2938 74
2939 40
2940 52
2941 83
2942 84
2943 34
2944 11
2945 99
2946 149
2947 28
2948 62
2949 159
2950 55
2951 38
2952 64
2953 62
2954 112
2955 71
2956 29
2957 81
2958 120
2959 18
2960 31
2961 161
2962 77
2963 42
2964 88
2965 90
2966 69
2967 33
2968 49
2969 99
2970 164
2971 19
2972 27
2973 121
2974 58
2975 32
2976 37
2977 95
2978 78
2979 80
2980 52
2981 102
2982 133
2983 10
2984 50
2985 145
2986 80
2987 42
2988 41
2989 84
2990 110
2991 37
2992 21
2993 92
2994 136
2995 30
2996 63
2997 144
2998 58
2999 26
3000 73
3001 80
3002 98
3003 75
3004 23
3005 108
3006 123
3007 15
3008 10
3009 128
3010 90
3011 47
3012 78
3013 72
3014 109
3015 24
3016 42
3017 99
3018 133
3019 37
3020 33
3021 145
3022 47
3023 26
3024 50
3025 86
3026 113
3027 52
3028 53
3029 94
3030 109
3031 26
3032 47
3033 123
3034 71
3035 50
3036 47
3037 59
3038 89
3039 45
3040 30
3041 82
3042 139
3043 23
3044 59
3045 182
3046 68
3047 31
3048 76
3049 90
3050 98
3051 62
3052 27
3053 97
3054 131
3055 17
3056 23
3057 113
3058 72
3059 66
3060 95
3061 81
3062 82
3063 31
3064 38
3065 109
3066 167
3067 38
3068 33
3069 144
3070 69
3071 27
3072 3
3073 91
3074 119
3075 56
3076 51
3077 98
3078 107
3079 22
3080 69
3081 159
3082 77
3083 42
3084 57
3085 85
3086 94
3087 34
3088 26
3089 105
3090 123
3091 51
3092 48
3093 110
3094 110
3095 21
3096 77
3097 68
3098 86
3099 66
3100 18
3101 114
3102 117
3103 15
3104 20
3105 159
3106 73
3107 42
3108 92
3109 76
3110 81
3111 42
3112 40
3113 103
3114 132
3115 30
3116 45
3117 122
3118 46
3119 26
3120 34
3121 61
3122 110
3123 53
3124 45
3125 103
3126 120
3127 18
3128 52
3129 162
3130 88
3131 52
3132 34
3133 82
3134 84
3135 45
3136 15
3137 85
3138 138
3139 33
3140 62
3141 135
3142 65
3143 32
3144 78
3145 100
3146 107
3147 60
3148 27
3149 98
3150 147
3151 23
3152 27
3153 121
3154 93
3155 45
3156 77
3157 103
3158 87
3159 46
3160 44
3161 107
3162 134
3163 26
3164 34
3165 152
3166 77
3167 23
3168 37
3169 71
3170 98
3171 81
3172 55
3173 91
3174 133
3175 15
3176 47
3177 132
3178 67
3179 55
3180 59
3181 74
3182 94
3183 23
3184 16
3185 118
3186 137
3187 32
3188 44
3189 134
3190 71
3191 18
3192 79
3193 88
3194 94
3195 65
3196 21
3197 85
3198 125
3199 15
3200 11
3201 164
3202 67
3203 39
3204 89
3205 84
3206 111
3207 34
3208 50
3209 83
3210 156
3211 36
3212 37
3213 157
3214 53
3215 30
3216 43
3217 74
3218 83
3219 60
3220 73
3221 98
3222 119
3223 13
3224 63
3225 133
3226 74
3227 46
3228 36
3229 88
3230 89
3231 46
3232 22
3233 91
3234 178
3235 40
3236 57
3237 143
3238 60
3239 34
3240 71
3241 95
3242 95
3243 57
3244 31
3245 118
3246 117
3247 13
3248 23
3249 160
3250 84
3251 42
3252 86
3253 76
3254 88
3255 46
3256 48
3257 99
3258 115
3259 33
3260 30
3261 133
3262 59
3263 27
3264 16
3265 81
3266 113
3267 61
3268 41
3269 120
3270 134
3271 9
3272 44
3273 124
3274 82
3275 44
3276 65
3277 59
3278 98
3279 36
3280 33
3281 106
3282 126
3283 35
3284 60
3285 159
3286 64
3287 36
3288 64
3289 96
3290 124
3291 74
3292 14
3293 88
3294 137
3295 11
3296 22
3297 148
3298 85
3299 52
3300 90
3301 94
3302 83
3303 32
3304 54
3305 113
3306 153
3307 27
3308 36
3309 130
3310 63
3311 43
3312 29
3313 61
3314 95
3315 78
3316 48
3317 93
3318 129
3319 15
3320 61
3321 136
3322 76
3323 37
3324 40
3325 90
3326 106
3327 28
3328 8
3329 103
3330 137
3331 35
3332 66
3333 152
3334 74
3335 28
3336 83
3337 76
3338 89
3339 75
3340 28
3341 101
3342 102
3343 16
3344 32
3345 150
3346 102
3347 46
3348 87
3349 81
3350 89
3351 35
3352 33
3353 107
3354 168
3355 32
3356 35
3357 120
3358 53
3359 37
3360 50
3361 81
3362 90
3363 48
3364 58
3365 94
3366 139
3367 24
3368 54
3369 156
3370 68
3371 55
3372 42
3373 71
3374 111
3375 37
3376 15
3377 91
3378 138
3379 34
3380 70
3381 170
3382 75
3383 30
3384 63
3385 91
3386 97
3387 50
3388 26
3389 110
3390 125
3391 23
3392 12
3393 144
3394 62
3395 61
3396 86
3397 94
3398 82
3399 45
3400 53
3401 101
3402 151
3403 32
3404 45
3405 135
3406 73
3407 19
3408 45
3409 91
3410 122
3411 59
3412 41
3413 101
3414 122
3415 12
3416 56
3417 151
3418 75
3419 50
3420 41
3421 66
3422 85
3423 32
3424 23
3425 110
3426 134
3427 36
3428 46
3429 149
3430 78
3431 32
3432 87
3433 79
3434 117
3435 56
3436 28
3437 109
3438 111
3439 18
3440 21
3441 138
3442 69
3443 45
3444 96
3445 99
3446 96
3447 29
3448 35
3449 83
3450 149
3451 49
3452 29
3453 144
3454 72
3455 30
3456 15
3457 59
3458 121
3459 69
3460 58
3461 96
3462 121
3463 16
3464 52
3465 194
3466 83
3467 37
3468 57
3469 74
3470 85
3471 44
3472 33
3473 105
3474 150
3475 30
3476 68
3477 137
3478 53
3479 41
3480 85
3481 87
3482 75
3483 50
3484 17
3485 105
3486 145
3487 16
3488 23
3489 129
3490 100
3491 36
3492 78
3493 88
3494 109
3495 36
3496 46
3497 104
3498 120
3499 43
3500 50
3501 137
3502 67
3503 19
3504 30
3505 81
3506 86
3507 84
3508 45
3509 110
3510 129
3511 17
3512 45
3513 124
3514 93
3515 52
3516 42
3517 62
3518 91
3519 40
3520 11
3521 122
3522 129
3523 25
3524 56
3525 158
3526 72
3527 22
3528 90
3529 88
3530 102
3531 73
3532 29
3533 84
3534 141
3535 15
3536 31
3537 133
3538 65
3539 43
3540 90
3541 96
3542 107
3543 35
3544 52
3545 99
3546 157
3547 24
3548 25
3549 185
3550 75
3551 41
3552 30
3553 104
3554 105
3555 57
3556 60
3557 104
3558 120
3559 20
3560 60
3561 136
3562 76
3563 45
3564 64
3565 85
3566 86
3567 49
3568 15
3569 101
3570 179
3571 31
3572 63
3573 128
3574 58
3575 32
3576 73
3577 81
3578 97
3579 73
3580 17
3581 103
3582 92
3583 16
3584 4
3585 139
3586 90
3587 42
3588 86
3589 96
3590 82
3591 46
3592 38
3593 91
3594 131
3595 29
3596 40
3597 124
3598 66
3599 37
3600 49
3601 76
3602 95
3603 59
3604 53
3605 115
3606 167
3607 13
3608 52
3609 162
3610 65
3611 51
3612 39
3613 74
3614 114
3615 27
3616 26
3617 90
3618 128
3619 37
3620 66
3621 170
3622 61
3623 27
3624 75
3625 86
3626 124
3627 71
3628 32
3629 101
3630 153
3631 16
3632 20
3633 156
3634 84
3635 55
3636 69
3637 71
3638 85
3639 36
3640 59
3641 126
3642 140
3643 27
3644 37
3645 135
3646 59
3647 26
3648 20
3649 90
3650 107
3651 70
3652 59
3653 99
3654 151
3655 26
3656 56
3657 126
3658 79
3659 43
3660 54
3661 96
3662 79
3663 34
3664 28
3665 114
3666 146
3667 30
3668 65
3669 148
3670 65
3671 33
3672 75
3673 65
3674 109
3675 64
3676 21
3677 98
3678 94
3679 23
3680 27
3681 131
3682 77
3683 52
3684 87
3685 91
3686 111
3687 26
3688 43
3689 129
3690 166
3691 26
3692 35
3693 136
3694 65
3695 28
3696 36
3697 77
3698 98
3699 54
3700 44
3701 93
3702 106
3703 18
3704 50
3705 191
3706 82
3707 57
3708 37
3709 58
3710 118
3711 40
3712 12
3713 84
3714 140
3715 36
3716 60
3717 161
3718 71
3719 30
3720 80
3721 91
3722 94
3723 56
3724 36
3725 112
3726 139
3727 16
3728 31
3729 160
3730 76
3731 56
3732 91
3733 78
3734 91
3735 38
3736 41
3737 88
3738 144
3739 31
3740 36
3741 136
3742 70
3743 20
3744 38
3745 100
3746 99
3747 53
3748 45
3749 117
3750 113
3751 23
3752 61
3753 143
3754 74
3755 46
3756 55
3757 69
3758 76
3759 55
3760 19
3761 96
3762 153
3763 26
3764 53
3765 152
3766 85
3767 30
3768 70
3769 77
3770 122
3771 66
3772 17
3773 123
3774 145
3775 20
3776 10
3777 129
3778 70
3779 51
3780 107
3781 95
3782 92
3783 34
3784 53
3785 98
3786 120
3787 46
3788 35
3789 148
3790 60
3791 33
3792 39
3793 70
3794 123
3795 76
3796 70
3797 81
3798 132
3799 13
3800 54
3801 169
3802 72
3803 37
3804 50
3805 87
3806 102
3807 36
3808 24
3809 119
3810 145
3811 38
3812 52
3813 135
3814 71
3815 28
3816 86
3817 81
3818 85
3819 76
3820 24
3821 91
3822 150
3823 9
3824 21
3825 130
3826 80
3827 38
3828 86
3829 103
3830 101
3831 44
3832 33
3833 103
3834 127
3835 38
3836 41
3837 128
3838 65
3839 32
3840 10
3841 90
3842 94
3843 58
3844 46
3845 110
3846 117
3847 15
3848 55
3849 126
3850 109
3851 45
3852 46
3853 65
3854 104
3855 34
3856 25
3857 115
3858 140
3859 46
3860 55
3861 187
3862 55
3863 25
3864 97
3865 85
3866 111
3867 51
3868 22
3869 104
3870 130
3871 23
3872 29
3873 153
3874 90
3875 49
3876 96
3877 74
3878 97
3879 52
3880 46
3881 101
3882 138
3883 27
3884 35
3885 171
3886 74
3887 31
3888 27
3889 79
3890 97
3891 65
3892 49
3893 102
3894 144
3895 17
3896 56
3897 123
3898 77
3899 52
3900 41
3901 90
3902 75
3903 39
3904 13
3905 113
3906 181
3907 37
3908 55
3909 128
3910 83
3911 30
3912 69
3913 102
3914 110
3915 71
3916 30
3917 98
3918 107
3919 11
3920 39
3921 149
3922 80
3923 29
3924 93
3925 84
3926 97
3927 40
3928 45
3929 107
3930 138
3931 37
3932 29
3933 133
3934 72
3935 27
3936 37
3937 80
3938 97
3939 64
3940 52
3941 130
3942 115
3943 5
3944 54
3945 174
3946 65
3947 41
3948 61
3949 111
3950 102
3951 36
3952 17
3953 90
3954 152
3955 30
3956 73
3957 141
3958 63
3959 36
3960 84
3961 71
3962 104
3963 60
3964 27
3965 113
3966 134
3967 11
3968 10
3969 176
3970 76
3971 53
3972 79
3973 76
3974 89
3975 40
3976 57
3977 91
3978 147
3979 20
3980 50
3981 130
3982 67
3983 37
3984 49
3985 99
3986 94
3987 67
3988 46
3989 86
3990 155
3991 28
3992 50
3993 141
3994 84
3995 47
3996 44
3997 78
3998 88
3999 41
4000 25
4001 110
4002 139
4003 24
4004 90
4005 174
4006 63
4007 29
4008 79
4009 85
4010 103
4011 68
4012 29
4013 103
4014 125
4015 19
4016 25
4017 140
4018 82
4019 57
4020 92
4021 73
4022 100
4023 31
4024 40
4025 141
4026 174
4027 35
4028 26
4029 169
4030 67
4031 35
4032 19
4033 66
4034 109
4035 56
4036 44
4037 93
4038 111
4039 20
4040 64
4041 150
4042 59
4043 46
4044 52
4045 72
4046 119
4047 34
4048 31
4049 100
4050 144
4051 37
4052 50
4053 160
4054 79
4055 32
4056 76
4057 80
4058 88
4059 67
4060 25
4061 114
4062 123
4063 14
4064 25
4065 136
4066 88
4067 57
4068 89
4069 85
4070 104
4071 41
4072 38
4073 95
4074 178
4075 41
4076 38
4077 121
4078 52
4079 42
4080 29
4081 90
4082 110
4083 47
4084 47
4085 130
4086 129
4087 19
4088 63
4089 164
4090 79
4091 40
4092 43
4093 75
4094 93
4095 43
4096 1
4097 102
4098 104
4099 42
4100 63
4101 156
4102 82
4103 27
4104 95
4105 80
4106 123
4107 54
4108 35
4109 115
4110 145
4111 22
4112 23
4113 148
4114 90
4115 43
4116 109
4117 95
4118 95
4119 38
4120 55
4121 117
4122 122
4123 48
4124 39
4125 169
4126 85
4127 25
4128 36
4129 100
4130 128
4131 83
4132 50
4133 91
4134 165
4135 10
4136 63
4137 174
4138 78
4139 55
4140 55
4141 81
4142 86
4143 23
4144 23
4145 112
4146 145
4147 41
4148 62
4149 138
4150 83
4151 36
4152 75
4153 94
4154 101
4155 72
4156 17
4157 87
4158 160
4159 15
4160 16
4161 161
4162 89
4163 41
4164 84
4165 131
4166 100
4167 38
4168 55
4169 117
4170 159
4171 34
4172 43
4173 168
4174 80
4175 30
4176 50
4177 68
4178 106
4179 86
4180 75
4181 120
4182 119
4183 15
4184 54
4185 164
4186 96
4187 42
4188 39
4189 84
4190 99
4191 45
4192 31
4193 111
4194 162
4195 23
4196 65
4197 161
4198 49
4199 39
4200 106
4201 107
4202 107
4203 56
4204 40
4205 113
4206 129
4207 19
4208 18
4209 154
4210 83
4211 46
4212 82
4213 93
4214 112
4215 36
4216 56
4217 101
4218 155
4219 26
4220 29
4221 171
4222 73
4223 26
4224 19
4225 108
4226 94
4227 77
4228 70
4229 113
4230 160
4231 16
4232 61
4233 142
4234 80
4235 65
4236 61
4237 90
4238 100
4239 37
4240 34
4241 109
4242 173
4243 32
4244 71
4245 163
4246 94
4247 24
4248 68
4249 115
4250 122
4251 80
4252 21
4253 101
4254 129
4255 18
4256 31
4257 170
4258 69
4259 53
4260 118
4261 90
4262 91
4263 37
4264 64
4265 118
4266 159
4267 39
4268 37
4269 160
4270 84
4271 31
4272 39
4273 88
4274 111
4275 65
4276 51
4277 133
4278 137
4279 23
4280 61
4281 173
4282 80
4283 46
4284 54
4285 84
4286 98
4287 34
4288 13
4289 93
4290 185
4291 42
4292 65
4293 153
4294 60
4295 31
4296 75
4297 88
4298 109
4299 67
4300 33
4301 118
4302 130
4303 11
4304 34
4305 204
4306 96
4307 52
4308 81
4309 100
4310 101
4311 40
4312 53
4313 113
4314 160
4315 30
4316 40
4317 129
4318 59
4319 34
4320 47
4321 88
4322 96
4323 62
4324 59
4325 111
4326 181
4327 15
4328 53
4329 164
4330 85
4331 60
4332 58
4333 88
4334 124
4335 35
4336 14
4337 102
4338 130
4339 38
4340 82
4341 169
4342 68
4343 25
4344 82
4345 93
4346 115
4347 78
4348 17
4349 116
4350 120
4351 26
4352 6
4353 136
4354 123
4355 64
4356 105
4357 93
4358 94
4359 43
4360 62
4361 125
4362 145
4363 37
4364 32
4365 176
4366 74
4367 26
4368 64
4369 95
4370 134
4371 69
4372 66
4373 89
4374 136
4375 17
4376 61
4377 146
4378 79
4379 61
4380 36
4381 102
4382 106
4383 35
4384 23
4385 108
4386 186
4387 34
4388 54
4389 218
4390 82
4391 32
4392 79
4393 96
4394 117
4395 62
4396 37
4397 99
4398 124
4399 23
4400 30
4401 154
4402 81
4403 52
4404 95
4405 107
4406 94
4407 33
4408 48
4409 112
4410 166
4411 42
4412 32
4413 127
4414 84
4415 20
4416 24
4417 102
4418 106
4419 66
4420 68
4421 127
4422 132
4423 16
4424 67
4425 201
4426 96
4427 39
4428 68
4429 76
4430 105
4431 55
4432 30
4433 136
4434 139
4435 37
4436 52
4437 167
4438 74
4439 32
4440 104
4441 83
4442 107
4443 51
4444 19
4445 137
4446 158
4447 16
4448 24
4449 178
4450 83
4451 43
4452 112
4453 98
4454 120
4455 35
4456 56
4457 108
4458 128
4459 44
4460 50
4461 146
4462 72
4463 30
4464 28
4465 81
4466 142
4467 60
4468 50
4469 105
4470 150
4471 18
4472 58
4473 168
4474 101
4475 47
4476 45
4477 98
4478 82
4479 39
4480 21
4481 115
4482 152
4483 28
4484 70
4485 184
4486 72
4487 32
4488 107
4489 103
4490 90
4491 76
4492 25
4493 99
4494 152
4495 18
4496 35
4497 141
4498 93
4499 47
4500 115
4501 102
4502 105
4503 39
4504 49
4505 127
4506 141
4507 41
4508 33
4509 161
4510 88
4511 31
4512 44
4513 84
4514 94
4515 87
4516 69
4517 107
4518 112
4519 23
4520 65
4521 180
4522 115
4523 42
4524 81
4525 107
4526 114
4527 32
4528 13
4529 132
4530 177
4531 46
4532 66
4533 159
4534 73
4535 28
4536 99
4537 102
4538 91
4539 72
4540 17
4541 111
4542 136
4543 16
4544 11
4545 176
4546 76
4547 46
4548 80
4549 96
4550 131
4551 42
4552 56
4553 86
4554 189
4555 35
4556 45
4557 180
4558 72
4559 37
4560 51
4561 103
4562 91
4563 67
4564 64
4565 141
4566 155
4567 4
4568 63
4569 149
4570 90
4571 55
4572 37
4573 87
4574 96
4575 42
4576 31
4577 107
4578 172
4579 43
4580 73
4581 160
4582 72
4583 26
4584 81
4585 127
4586 118
4587 76
4588 29
4589 119
4590 139
4591 13
4592 22
4593 148
4594 77
4595 48
4596 104
4597 78
4598 103
4599 56
4600 48
4601 124
4602 152
4603 27
4604 37
4605 148
4606 99
4607 38
4608 8
4609 84
4610 117
4611 59
4612 59
4613 124
4614 151
4615 14
4616 55
4617 156
4618 78
4619 50
4620 76
4621 97
4622 93
4623 34
4624 40
4625 112
4626 163
4627 38
4628 72
4629 176
4630 71
4631 41
4632 78
4633 95
4634 135
4635 71
4636 22
4637 85
4638 137
4639 18
4640 33
4641 228
4642 101
4643 45
4644 86
4645 114
4646 103
4647 30
4648 64
4649 127
4650 165
4651 45
4652 42
4653 154
4654 82
4655 33
4656 36
4657 76
4658 98
4659 73
4660 65
4661 110
4662 153
4663 11
4664 63
4665 165
4666 90
4667 42
4668 32
4669 113
4670 102
4671 37
4672 16
4673 103
4674 147
4675 47
4676 82
4677 177
4678 82
4679 34
4680 120
4681 88
4682 96
4683 62
4684 34
4685 130
4686 135
4687 16
4688 35
4689 162
4690 104
4691 49
4692 102
4693 99
4694 101
4695 34
4696 50
4697 146
4698 150
4699 28
4700 35
4701 166
4702 48
4703 22
4704 50
4705 104
4706 131
4707 53
4708 65
4709 121
4710 130
4711 28
4712 68
4713 160
4714 90
4715 53
4716 58
4717 76
4718 100
4719 50
4720 16
4721 95
4722 159
4723 38
4724 66
4725 198
4726 88
4727 26
4728 75
4729 112
4730 115
4731 76
4732 23
4733 103
4734 157
4735 13
4736 12
4737 146
4738 81
4739 59
4740 115
4741 114
4742 89
4743 29
4744 48
4745 124
4746 173
4747 46
4748 45
4749 135
4750 92
4751 25
4752 52
4753 107
4754 116
4755 77
4756 62
4757 115
4758 120
4759 17
4760 73
4761 185
4762 91
4763 39
4764 42
4765 89
4766 99
4767 32
4768 32
4769 117
4770 154
4771 47
4772 60
4773 159
4774 102
4775 30
4776 99
4777 97
4778 106
4779 68
4780 32
4781 120
4782 150
4783 12
4784 25
4785 204
4786 99
4787 44
4788 108
4789 109
4790 99
4791 38
4792 45
4793 92
4794 174
4795 46
4796 39
4797 185
4798 50
4799 42
4800 19
4801 79
4802 128
4803 62
4804 61
4805 115
4806 157
4807 18
4808 60
4809 162
4810 108
4811 49
4812 48
4813 89
4814 95
4815 40
4816 41
4817 114
4818 156
4819 30
4820 74
4821 169
4822 62
4823 33
4824 97
4825 100
4826 101
4827 91
4828 18
4829 122
4830 184
4831 14
4832 26
4833 159
4834 85
4835 46
4836 109
4837 104
4838 110
4839 40
4840 64
4841 136
4842 142
4843 28
4844 58
4845 196
4846 69
4847 26
4848 26
4849 96
4850 118
4851 104
4852 55
4853 107
4854 162
4855 17
4856 59
4857 144
4858 82
4859 64
4860 37
4861 69
4862 128
4863 23
4864 7
4865 151
4866 160
4867 35
4868 52
4869 171
4870 68
4871 33
4872 99
4873 96
4874 109
4875 65
4876 47
4877 96
4878 117
4879 25
4880 37
4881 173
4882 87
4883 46
4884 107
4885 104
4886 124
4887 36
4888 52
4889 98
4890 181
4891 34
4892 27
4893 184
4894 79
4895 33
4896 43
4897 97
4898 100
4899 70
4900 76
4901 148
4902 131
4903 14
4904 61
4905 169
4906 100
4907 55
4908 55
4909 100
4910 101
4911 49
4912 23
4913 103
4914 193
4915 44
4916 66
4917 149
4918 80
4919 30
4920 92
4921 132
4922 109
4923 52
4924 17
4925 127
4926 140
4927 13
4928 19
4929 183
4930 112
4931 53
4932 108
4933 77
4934 98
4935 43
4936 53
4937 111
4938 127
4939 39
4940 52
4941 152
4942 82
4943 26
4944 54
4945 106
4946 113
4947 65
4948 62
4949 121
4950 162
4951 23
4952 57
4953 180
4954 84
4955 61
4956 54
4957 95
4958 99
4959 44
4960 32
4961 122
4962 146
4963 34
4964 79
4965 168
4966 96
4967 29
4968 79
4969 100
4970 142
4971 72
4972 32
4973 98
4974 153
4975 14
4976 22
4977 167
4978 86
4979 54
4980 94
4981 118
4982 82
4983 33
4984 65
4985 118
4986 160
4987 30
4988 26
4989 150
4990 73
4991 43
4992 21
4993 92
4994 117
4995 75
4996 47
4997 117
4998 161
4999 12
5000 74
5001 148
5002 98
5003 47
5004 61
5005 134
5006 105
5007 32
5008 34
5009 122
5010 161
5011 36
5012 73
5013 158
5014 74
5015 25
5016 108
5017 97
5018 101
5019 77
5020 22
5021 122
5022 122
5023 18
5024 25
5025 172
5026 109
5027 57
5028 107
5029 107
5030 117
5031 37
5032 53
5033 124
5034 158
5035 35
5036 46
5037 185
5038 65
5039 26
5040 42
5041 98
5042 97
5043 51
5044 61
5045 110
5046 156
5047 18
5048 50
5049 216
5050 80
5051 47
5052 44
5053 70
5054 148
5055 35
5056 12
5057 96
5058 154
5059 30
5060 75
5061 211
5062 64
5063 29
5064 89
5065 107
5066 96
5067 72
5068 41
5069 120
5070 153
5071 23
5072 32
5073 141
5074 97
5075 70
5076 109
5077 83
5078 86
5079 44
5080 48
5081 108
5082 195
5083 45
5084 39
5085 175
5086 77
5087 27
5088 39
5089 102
5090 124
5091 73
5092 60
5093 125
5094 132
5095 21
5096 88
5097 178
5098 86
5099 46
5100 64
5101 81
5102 95
5103 33
5104 19
5105 118
5106 158
5107 47
5108 54
5109 173
5110 87
5111 37
5112 76
5113 68
5114 118
5115 70
5116 23
5117 130
5118 130
5119 20
5120 4
5121 162
5122 102
5123 40
5124 117
5125 110
5126 117
5127 44
5128 64
5129 104
5130 176
5131 46
5132 35
5133 162
5134 69
5135 30
5136 51
5137 113
5138 115
5139 79
5140 71
5141 107
5142 140
5143 15
5144 60
5145 209
5146 116
5147 47
5148 43
5149 94
5150 110
5151 45
5152 39
5153 126
5154 155
5155 29
5156 65
5157 140
5158 66
5159 41
5160 108
5161 111
5162 100
5163 67
5164 34
5165 115
5166 178
5167 21
5168 23
5169 143
5170 108
5171 43
5172 90
5173 115
5174 124
5175 31
5176 37
5177 114
5178 131
5179 40
5180 33
5181 191
5182 69
5183 21
5184 25
5185 104
5186 106
5187 87
5188 61
5189 101
5190 153
5191 23
5192 63
5193 162
5194 85
5195 57
5196 64
5197 74
5198 107
5199 39
5200 42
5201 145
5202 187
5203 26
5204 69
5205 209
5206 85
5207 30
5208 99
5209 103
5210 125
5211 70
5212 14
5213 118
5214 152
5215 15
5216 30
5217 160
5218 66
5219 65
5220 112
5221 111
5222 111
5223 41
5224 64
5225 140
5226 194
5227 32
5228 41
5229 202
5230 80
5231 37
5232 26
5233 82
5234 105
5235 63
5236 81
5237 117
5238 122
5239 15
5240 72
5241 164
5242 73
5243 49
5244 52
5245 112
5246 105
5247 38
5248 18
5249 129
5250 213
5251 44
5252 76
5253 154
5254 99
5255 24
5256 93
5257 108
5258 123
5259 76
5260 36
5261 125
5262 115
5263 12
5264 41
5265 210
5266 89
5267 62
5268 106
5269 105
5270 127
5271 39
5272 61
5273 110
5274 150
5275 46
5276 33
5277 129
5278 84
5279 39
5280 58
5281 107
5282 118
5283 60
5284 64
5285 149
5286 159
5287 11
5288 57
5289 212
5290 87
5291 58
5292 72
5293 82
5294 108
5295 24
5296 19
5297 95
5298 136
5299 46
5300 81
5301 188
5302 68
5303 25
5304 98
5305 103
5306 138
5307 67
5308 15
5309 118
5310 143
5311 13
5312 13
5313 200
5314 104
5315 46
5316 92
5317 119
5318 84
5319 35
5320 78
5321 123
5322 163
5323 24
5324 58
5325 168
5326 89
5327 30
5328 57
5329 105
5330 125
5331 75
5332 61
5333 108
5334 171
5335 23
5336 72
5337 147
5338 96
5339 52
5340 41
5341 109
5342 97
5343 46
5344 25
5345 145
5346 169
5347 54
5348 80
5349 191
5350 89
5351 29
5352 88
5353 93
5354 125
5355 96
5356 40
5357 123
5358 138
5359 16
5360 23
5361 157
5362 112
5363 48
5364 96
5365 96
5366 126
5367 32
5368 46
5369 158
5370 174
5371 56
5372 25
5373 156
5374 75
5375 27
5376 14
5377 101
5378 99
5379 85
5380 78
5381 102
5382 165
5383 10
5384 65
5385 180
5386 81
5387 47
5388 56
5389 103
5390 134
5391 43
5392 34
5393 115
5394 191
5395 33
5396 70
5397 200
5398 64
5399 40
5400 91
5401 115
5402 104
5403 61
5404 27
5405 141
5406 174
5407 12
5408 34
5409 158
5410 106
5411 56
5412 117
5413 102
5414 81
5415 41
5416 55
5417 117
5418 180
5419 44
5420 48
5421 174
5422 78
5423 30
5424 37
5425 115
5426 139
5427 61
5428 52
5429 124
5430 119
5431 19
5432 72
5433 158
5434 117
5435 46
5436 53
5437 78
5438 91
5439 53
5440 23
5441 120
5442 145
5443 42
5444 68
5445 222
5446 86
5447 32
5448 106
5449 85
5450 132
5451 78
5452 29
5453 143
5454 173
5455 13
5456 40
5457 191
5458 63
5459 56
5460 151
5461 105
5462 105
5463 27
5464 50
5465 134
5466 163
5467 43
5468 29
5469 172
5470 77
5471 31
5472 48
5473 87
5474 145
5475 89
5476 64
5477 114
5478 158
5479 12
5480 70
5481 237
5482 94
5483 47
5484 62
5485 93
5486 109
5487 30
5488 20
5489 126
5490 179
5491 39
5492 79
5493 153
5494 71
5495 30
5496 97
5497 102
5498 96
5499 80
5500 16
5501 124
5502 146
5503 18
5504 15
5505 175
5506 103
5507 36
5508 100
5509 120
5510 128
5511 44
5512 60
5513 119
5514 157
5515 34
5516 57
5517 149
5518 70
5519 32
5520 76
5521 97
5522 124
5523 70
5524 68
5525 154
5526 135
5527 25
5528 55
5529 177
5530 135
5531 56
5532 39
5533 107
5534 115
5535 38
5536 27
5537 125
5538 175
5539 36
5540 78
5541 192
5542 84
5543 27
5544 129
5545 133
5546 116
5547 70
5548 32
5549 125
5550 135
5551 27
5552 25
5553 157
5554 74
5555 68
5556 100
5557 97
5558 113
5559 41
5560 59
5561 118
5562 167
5563 24
5564 39
5565 214
5566 92
5567 23
5568 18
5569 109
5570 113
5571 68
5572 66
5573 120
5574 149
5575 16
5576 76
5577 181
5578 91
5579 68
5580 74
5581 98
5582 100
5583 28
5584 30
5585 131
5586 198
5587 39
5588 75
5589 162
5590 99
5591 30
5592 81
5593 117
5594 121
5595 67
5596 22
5597 117
5598 124
5599 18
5600 41
5601 186
5602 99
5603 42
5604 109
5605 119
5606 96
5607 42
5608 61
5609 126
5610 185
5611 38
5612 41
5613 158
5614 92
5615 26
5616 37
5617 60
5618 118
5619 69
5620 58
5621 164
5622 156
5623 14
5624 69
5625 197
5626 87
5627 53
5628 43
5629 100
5630 115
5631 42
5632 8
5633 104
5634 162
5635 48
5636 79
5637 187
5638 63
5639 30
5640 101
5641 103
5642 134
5643 74
5644 40
5645 113
5646 175
5647 15
5648 38
5649 222
5650 109
5651 54
5652 100
5653 105
5654 127
5655 40
5656 62
5657 128
5658 170
5659 43
5660 38
5661 165
5662 65
5663 35
5664 48
5665 123
5666 122
5667 69
5668 66
5669 120
5670 176
5671 20
5672 60
5673 173
5674 98
5675 47
5676 72
5677 107
5678 102
5679 53
5680 21
5681 153
5682 132
5683 36
5684 85
5685 205
5686 94
5687 28
5688 97
5689 80
5690 110
5691 86
5692 20
5693 111
5694 144
5695 20
5696 16
5697 161
5698 110
5699 53
5700 128
5701 94
5702 102
5703 28
5704 67
5705 146
5706 165
5707 39
5708 46
5709 184
5710 56
5711 32
5712 71
5713 101
5714 117
5715 60
5716 66
5717 112
5718 130
5719 23
5720 87
5721 192
5722 90
5723 54
5724 39
5725 91
5726 125
5727 36
5728 29
5729 132
5730 198
5731 47
5732 74
5733 200
5734 91
5735 32
5736 92
5737 102
5738 101
5739 72
5740 38
5741 122
5742 152
5743 12
5744 22
5745 170
5746 114
5747 55
5748 100
5749 115
5750 101
5751 60
5752 42
5753 117
5754 210
5755 29
5756 40
5757 160
5758 66
5759 40
5760 28
5761 107
5762 123
5763 68
5764 66
5765 153
5766 142
5767 13
5768 78
5769 170
5770 93
5771 47
5772 60
5773 78
5774 117
5775 40
5776 41
5777 129
5778 142
5779 30
5780 79
5781 176
5782 90
5783 24
5784 87
5785 127
5786 137
5787 71
5788 15
5789 141
5790 169
5791 17
5792 29
5793 186
5794 95
5795 68
5796 131
5797 133
5798 107
5799 34
5800 73
5801 109
5802 170
5803 32
5804 46
5805 189
5806 66
5807 28
5808 34
5809 89
5810 140
5811 93
5812 68
5813 95
5814 180
5815 13
5816 64
5817 211
5818 73
5819 64
5820 43
5821 104
5822 98
5823 26
5824 16
5825 138
5826 181
5827 30
5828 77
5829 180
5830 78
5831 44
5832 95
5833 98
5834 117
5835 84
5836 29
5837 114
5838 144
5839 20
5840 46
5841 183
5842 111
5843 45
5844 107
5845 142
5846 117
5847 29
5848 48
5849 126
5850 189
5851 37
5852 40
5853 170
5854 74
5855 32
5856 53
5857 93
5858 114
5859 80
5860 75
5861 130
5862 116
5863 17
5864 61
5865 206
5866 113
5867 57
5868 67
5869 83
5870 113
5871 34
5872 14
5873 129
5874 212
5875 40
5876 71
5877 199
5878 67
5879 37
5880 110
5881 102
5882 117
5883 54
5884 27
5885 135
5886 144
5887 15
5888 8
5889 199
5890 91
5891 71
5892 88
5893 89
5894 145
5895 29
5896 73
5897 110
5898 142
5899 44
5900 45
5901 199
5902 74
5903 17
5904 57
5905 109
5906 114
5907 70
5908 76
5909 139
5910 157
5911 11
5912 67
5913 160
5914 76
5915 71
5916 53
5917 90
5918 106
5919 33
5920 40
5921 142
5922 179
5923 31
5924 64
5925 178
5926 90
5927 19
5928 106
5929 137
5930 143
5931 66
5932 33
5933 128
5934 145
5935 19
5936 35
5937 152
5938 97
5939 51
5940 131
5941 109
5942 90
5943 44
5944 54
5945 149
5946 163
5947 45
5948 26
5949 172
5950 96
5951 36
5952 29
5953 85
5954 158
5955 73
5956 75
5957 139
5958 133
5959 23
5960 73
5961 175
5962 96
5963 40
5964 79
5965 119
5966 121
5967 40
5968 39
5969 122
5970 173
5971 57
5972 71
5973 172
5974 87
5975 27
5976 87
5977 103
5978 130
5979 85
5980 25
5981 116
5982 148
5983 16
5984 36
5985 233
5986 91
5987 41
5988 95
5989 120
5990 91
5991 43
5992 61
5993 133
5994 167
5995 44
5996 49
5997 138
5998 77
5999 37
6000 32
6001 104
6002 83
6003 74
6004 61
6005 109
6006 219
6007 14
6008 60
6009 161
6010 109
6011 45
6012 33
6013 99
6014 112
6015 42
6016 15
6017 137
6018 160
6019 41
6020 96
6021 210
6022 55
6023 24
6024 110
6025 93
6026 121
6027 87
6028 35
6029 137
6030 143
6031 19
6032 35
6033 162
6034 111
6035 58
6036 107
6037 91
6038 90
6039 40
6040 59
6041 137
6042 203
6043 31
6044 26
6045 222
6046 71
6047 28
6048 52
6049 117
6050 137
6051 68
6052 75
6053 108
6054 144
6055 19
6056 64
6057 183
6058 84
6059 59
6060 65
6061 100
6062 120
6063 41
6064 26
6065 121
6066 188
6067 34
6068 66
6069 208
6070 81
6071 42
6072 98
6073 105
6074 109
6075 81
6076 24
6077 124
6078 127
6079 13
6080 15
6081 159
6082 96
6083 59
6084 122
6085 93
6086 118
6087 30
6088 48
6089 103
6090 211
6091 48
6092 51
6093 148
6094 89
6095 30
6096 53
6097 125
6098 118
6099 86
6100 63
6101 126
6102 134
6103 11
6104 79
6105 235
6106 93
6107 53
6108 41
6109 99
6110 130
6111 38
6112 32
6113 111
6114 157
6115 40
6116 76
6117 176
6118 86
6119 39
6120 117
6121 94
6122 121
6123 47
6124 36
6125 165
6126 158
6127 12
6128 21
6129 181
6130 98
6131 55
6132 122
6133 97
6134 127
6135 33
6136 62
6137 123
6138 159
6139 42
6140 33
6141 201
6142 61
6143 27
6144 3
6145 101
6146 136
6147 84
6148 51
6149 143
6150 164
6151 25
6152 63
6153 181
6154 112
6155 51
6156 69
6157 92
6158 94
6159 44
6160 51
6161 132
6162 165
6163 27
6164 84
6165 169
6166 75
6167 32
6168 90
6169 105
6170 124
6171 87
6172 15
6173 126
6174 175
6175 16
6176 29
6177 149
6178 79
6179 52
6180 117
6181 126
6182 108
6183 29
6184 44
6185 158
6186 157
6187 35
6188 56
6189 185
6190 79
6191 32
6192 39
6193 89
6194 125
6195 79
6196 69
6197 116
6198 124
6199 19
6200 67
6201 194
6202 110
6203 49
6204 55
6205 100
6206 128
6207 29
6208 20
6209 147
6210 202
6211 35
6212 63
6213 195
6214 77
6215 26
6216 124
6217 107
6218 114
6219 67
6220 35
6221 109
6222 135
6223 15
6224 45
6225 203
6226 105
6227 60
6228 92
6229 104
6230 125
6231 46
6232 54
6233 116
6234 173
6235 31
6236 38
6237 196
6238 80
6239 27
6240 56
6241 111
6242 95
6243 59
6244 79
6245 140
6246 164
6247 15
6248 80
6249 178
6250 87
6251 69
6252 55
6253 109
6254 100
6255 46
6256 14
6257 96
6258 189
6259 45
6260 84
6261 158
6262 77
6263 24
6264 90
6265 113
6266 127
6267 69
6268 14
6269 135
6270 169
6271 25
6272 19
6273 206
6274 91
6275 46
6276 122
6277 88
6278 95
6279 65
6280 70
6281 135
6282 149
6283 34
6284 53
6285 178
6286 92
6287 34
6288 59
6289 106
6290 164
6291 56
6292 75
6293 146
6294 150
6295 19
6296 60
6297 183
6298 80
6299 44
6300 50
6301 96
6302 110
6303 35
6304 34
6305 126
6306 171
6307 59
6308 77
6309 178
6310 82
6311 33
6312 98
6313 95
6314 156
6315 79
6316 33
6317 105
6318 142
6319 14
6320 25
6321 198
6322 95
6323 53
6324 106
6325 136
6326 93
6327 33
6328 51
6329 138
6330 162
6331 44
6332 35
6333 142
6334 84
6335 34
6336 23
6337 96
6338 95
6339 73
6340 58
6341 134
6342 155
6343 14
6344 80
6345 166
6346 115
6347 51
6348 56
6349 117
6350 122
6351 47
6352 39
6353 130
6354 162
6355 53
6356 83
6357 204
6358 81
6359 32
6360 106
6361 108
6362 121
6363 70
6364 20
6365 143
6366 136
6367 18
6368 27
6369 196
6370 141
6371 43
6372 118
6373 83
6374 122
6375 38
6376 51
6377 140
6378 168
6379 44
6380 56
6381 201
6382 58
6383 28
6384 40
6385 90
6386 124
6387 73
6388 58
6389 108
6390 151
6391 18
6392 67
6393 153
6394 101
6395 55
6396 47
6397 69
6398 111
6399 39
6400 12
6401 127
6402 193
6403 28
6404 69
6405 238
6406 98
6407 25
6408 88
6409 123
6410 111
6411 93
6412 36
6413 130
6414 171
6415 13
6416 46
6417 174
6418 93
6419 70
6420 137
6421 107
6422 106
6423 34
6424 58
6425 137
6426 224
6427 42
6428 27
6429 188
6430 73
6431 28
6432 52
6433 122
6434 119
6435 95
6436 55
6437 122
6438 135
6439 16
6440 95
6441 220
6442 96
6443 43
6444 70
6445 91
6446 121
6447 37
6448 26
6449 136
6450 180
6451 44
6452 67
6453 166
6454 87
6455 30
6456 96
6457 97
6458 118
6459 77
6460 20
6461 164
6462 137
6463 15
6464 17
6465 199
6466 98
6467 44
6468 136
6469 115
6470 112
6471 39
6472 58
6473 106
6474 185
6475 39
6476 56
6477 171
6478 67
6479 48
6480 72
6481 101
6482 135
6483 66
6484 65
6485 129
6486 160
6487 13
6488 60
6489 223
6490 121
6491 57
6492 29
6493 103
6494 99
6495 26
6496 42
6497 123
6498 171
6499 37
6500 98
6501 198
6502 79
6503 28
6504 118
6505 133
6506 128
6507 73
6508 35
6509 126
6510 198
6511 15
6512 23
6513 165
6514 103
6515 62
6516 107
6517 133
6518 109
6519 33
6520 47
6521 156
6522 142
6523 40
6524 41
6525 205
6526 90
6527 22
6528 30
6529 97
6530 127
6531 92
6532 76
6533 132
6534 164
6535 14
6536 75
6537 170
6538 98
6539 73
6540 69
6541 107
6542 110
6543 26
6544 40
6545 195
6546 185
6547 35
6548 77
6549 193
6550 85
6551 24
6552 110
6553 105
6554 148
6555 70
6556 26
6557 112
6558 117
6559 22
6560 41
6561 178
6562 108
6563 52
6564 112
6565 149
6566 137
6567 46
6568 68
6569 127
6570 212
6571 43
6572 43
6573 188
6574 84
6575 33
6576 34
6577 99
6578 134
6579 85
6580 87
6581 135
6582 147
6583 19
6584 70
6585 183
6586 105
6587 63
6588 41
6589 96
6590 109
6591 50
6592 11
6593 119
6594 205
6595 39
6596 80
6597 173
6598 76
6599 37
6600 116
6601 147
6602 127
6603 68
6604 49
6605 146
6606 155
6607 21
6608 44
6609 212
6610 106
6611 54
6612 131
6613 102
6614 112
6615 48
6616 66
6617 125
6618 132
6619 48
6620 33
6621 169
6622 108
6623 28
6624 49
6625 113
6626 129
6627 88
6628 66
6629 151
6630 187
6631 24
6632 60
6633 211
6634 88
6635 61
6636 89
6637 89
6638 102
6639 35
6640 15
6641 120
6642 185
6643 42
6644 86
6645 221
6646 74
6647 38
6648 88
6649 98
6650 162
6651 97
6652 15
6653 117
6654 187
6655 13
6656 7
6657 205
6658 102
6659 72
6660 116
6661 135
6662 108
6663 33
6664 82
6665 142
6666 230
6667 37
6668 47
6669 212
6670 77
6671 45
6672 64
6673 96
6674 134
6675 87
6676 75
6677 139
6678 173
6679 17
6680 77
6681 205
6682 102
6683 48
6684 46
6685 112
6686 136
6687 41
6688 34
6689 156
6690 175
6691 40
6692 92
6693 197
6694 84
6695 33
6696 113
6697 95
6698 109
6699 104
6700 38
6701 131
6702 142
6703 15
6704 23
6705 175
6706 124
6707 63
6708 110
6709 98
6710 146
6711 41
6712 48
6713 150
6714 195
6715 40
6716 37
6717 158
6718 74
6719 39
6720 38
6721 139
6722 125
6723 70
6724 80
6725 137
6726 185
6727 18
6728 78
6729 198
6730 97
6731 79
6732 62
6733 90
6734 159
6735 40
6736 41
6737 113
6738 168
6739 42
6740 86
6741 244
6742 85
6743 36
6744 93
6745 126
6746 127
6747 73
6748 24
6749 147
6750 155
6751 20
6752 36
6753 153
6754 103
6755 72
6756 124
6757 136
6758 106
6759 46
6760 70
6761 135
6762 216
6763 33
6764 56
6765 214
6766 94
6767 28
6768 33
6769 115
6770 148
6771 85
6772 50
6773 129
6774 162
6775 13
6776 90
6777 201
6778 80
6779 58
6780 47
6781 82
6782 98
6783 45
6784 22
6785 155
6786 202
6787 44
6788 80
6789 196
6790 84
6791 45
6792 100
6793 89
6794 145
6795 70
6796 40
6797 149
6798 154
6799 22
6800 50
6801 218
6802 95
6803 54
6804 142
6805 145
6806 133
6807 37
6808 63
6809 140
6810 191
6811 46
6812 39
6813 181
6814 70
6815 33
6816 52
6817 112
6818 141
6819 77
6820 101
6821 135
6822 168
6823 13
6824 70
6825 283
6826 106
6827 58
6828 62
6829 115
6830 121
6831 46
6832 28
6833 124
6834 213
6835 30
6836 79
6837 189
6838 69
6839 40
6840 111
6841 108
6842 128
6843 73
6844 17
6845 147
6846 190
6847 15
6848 14
6849 173
6850 112
6851 71
6852 108
6853 135
6854 144
6855 39
6856 75
6857 128
6858 154
6859 34
6860 56
6861 188
6862 77
6863 26
6864 79
6865 129
6866 129
6867 92
6868 80
6869 138
6870 144
6871 19
6872 56
6873 177
6874 118
6875 75
6876 52
6877 80
6878 121
6879 50
6880 37
6881 143
6882 203
6883 29
6884 77
6885 243
6886 82
6887 32
6888 124
6889 112
6890 150
6891 68
6892 37
6893 111
6894 146
6895 32
6896 29
6897 205
6898 89
6899 60
6900 123
6901 122
6902 138
6903 35
6904 62
6905 137
6906 200
6907 42
6908 33
6909 224
6910 85
6911 44
6912 13
6913 105
6914 137
6915 71
6916 90
6917 137
6918 137
6919 28
6920 86
6921 185
6922 101
6923 60
6924 90
6925 101
6926 97
6927 42
6928 38
6929 149
6930 230
6931 66
6932 77
6933 170
6934 94
6935 36
6936 102
6937 110
6938 133
6939 89
6940 12
6941 162
6942 146
6943 9
6944 44
6945 216
6946 127
6947 54
6948 115
6949 111
6950 124
6951 54
6952 57
6953 149
6954 179
6955 57
6956 51
6957 153
6958 92
6959 37
6960 40
6961 102
6962 139
6963 72
6964 60
6965 171
6966 186
6967 17
6968 59
6969 209
6970 118
6971 49
6972 50
6973 121
6974 137
6975 40
6976 20
6977 124
6978 174
6979 59
6980 92
6981 213
6982 77
6983 30
6984 101
6985 133
6986 162
6987 86
6988 42
6989 126
6990 181
6991 18
6992 44
6993 189
6994 122
6995 54
6996 130
6997 116
6998 98
6999 51
7000 73
7001 159
7002 164
7003 31
7004 46
7005 177
7006 89
7007 43
7008 55
7009 124
7010 122
7011 100
7012 63
7013 109
7014 189
7015 22
7016 78
7017 183
7018 116
7019 51
7020 74
7021 131
7022 124
7023 38
7024 13
7025 147
7026 180
7027 46
7028 83
7029 231
7030 104
7031 39
7032 92
7033 106
7034 134
7035 116
7036 24
7037 120
7038 170
7039 16
7040 21
7041 206
7042 103
7043 64
7044 128
7045 91
7046 136
7047 31
7048 58
7049 162
7050 226
7051 45
7052 48
7053 184
7054 84
7055 26
7056 78
7057 115
7058 112
7059 86
7060 86
7061 131
7062 152
7063 14
7064 74
7065 230
7066 80
7067 65
7068 35
7069 82
7070 131
7071 50
7072 41
7073 132
7074 210
7075 29
7076 86
7077 244
7078 65
7079 38
7080 117
7081 117
7082 121
7083 74
7084 52
7085 174
7086 173
7087 15
7088 26
7089 192
7090 104
7091 58
7092 123
7093 114
7094 114
7095 49
7096 54
7097 133
7098 230
7099 40
7100 37
7101 168
7102 78
7103 33
7104 23
7105 124
7106 181
7107 84
7108 51
7109 154
7110 146
7111 21
7112 87
7113 186
7114 92
7115 68
7116 82
7117 106
7118 104
7119 47
7120 44
7121 136
7122 173
7123 34
7124 86
7125 212
7126 118
7127 28
7128 110
7129 114
7130 157
7131 84
7132 16
7133 153
7134 186
7135 9
7136 30
7137 221
7138 78
7139 80
7140 157
7141 124
7142 136
7143 22
7144 76
7145 147
7146 175
7147 57
7148 51
7149 200
7150 92
7151 39
7152 26
7153 96
7154 180
7155 90
7156 72
7157 137
7158 144
7159 14
7160 78
7161 263
7162 104
7163 62
7164 44
7165 109
7166 126
7167 35
7168 6
7169 142
7170 197
7171 50
7172 90
7173 181
7174 96
7175 37
7176 135
7177 99
7178 115
7179 84
7180 32
7181 147
7182 164
7183 16
7184 45
7185 174
7186 126
7187 58
7188 120
7189 148
7190 128
7191 56
7192 50
7193 137
7194 196
7195 33
7196 48
7197 177
7198 62
7199 41
7200 63
7201 99
7202 127
7203 81
7204 75
7205 170
7206 152
7207 15
7208 76
7209 188
7210 127
7211 60
7212 63
7213 94
7214 130
7215 38
7216 26
7217 142
7218 161
7219 37
7220 90
7221 217
7222 75
7223 23
7224 115
7225 138
7226 146
7227 76
7228 21
7229 137
7230 184
7231 23
7232 21
7233 197
7234 102
7235 67
7236 123
7237 110
7238 143
7239 46
7240 69
7241 152
7242 195
7243 39
7244 43
7245 237
7246 103
7247 32
7248 62
7249 125
7250 139
7251 95
7252 89
7253 127
7254 205
7255 21
7256 69
7257 168
7258 91
7259 90
7260 52
7261 127
7262 110
7263 38
7264 33
7265 131
7266 221
7267 53
7268 83
7269 195
7270 92
7271 39
7272 109
7273 115
7274 138
7275 83
7276 31
7277 146
7278 139
7279 22
7280 30
7281 206
7282 112
7283 44
7284 122
7285 119
7286 120
7287 42
7288 47
7289 141
7290 185
7291 58
7292 31
7293 217
7294 91
7295 32
7296 29
7297 89
7298 143
7299 79
7300 76
7301 169
7302 162
7303 19
7304 81
7305 216
7306 115
7307 61
7308 78
7309 111
7310 135
7311 46
7312 43
7313 125
7314 173
7315 58
7316 95
7317 185
7318 73
7319 38
7320 108
7321 93
7322 144
7323 81
7324 26
7325 122
7326 205
7327 20
7328 30
7329 253
7330 132
7331 76
7332 130
7333 100
7334 126
7335 43
7336 67
7337 168
7338 173
7339 36
7340 68
7341 183
7342 65
7343 35
7344 44
7345 121
7346 118
7347 100
7348 55
7349 135
7350 195
7351 27
7352 71
7353 175
7354 110
7355 71
7356 43
7357 92
7358 124
7359 52
7360 17
7361 147
7362 174
7363 37
7364 98
7365 212
7366 103
7367 28
7368 107
7369 108
7370 144
7371 108
7372 34
7373 125
7374 142
7375 14
7376 40
7377 178
7378 122
7379 79
7380 127
7381 129
7382 115
7383 35
7384 58
7385 181
7386 217
7387 32
7388 31
7389 206
7390 80
7391 37
7392 64
7393 100
7394 145
7395 85
7396 81
7397 146
7398 137
7399 19
7400 83
7401 205
7402 92
7403 57
7404 75
7405 112
7406 168
7407 43
7408 13
7409 125
7410 236
7411 34
7412 88
7413 204
7414 99
7415 41
7416 94
7417 113
7418 117
7419 76
7420 27
7421 147
7422 145
7423 11
7424 10
7425 210
7426 113
7427 74
7428 115
7429 138
7430 119
7431 50
7432 65
7433 110
7434 251
7435 39
7436 69
7437 164
7438 70
7439 32
7440 74
7441 156
7442 135
7443 62
7444 63
7445 145
7446 175
7447 20
7448 83
7449 223
7450 94
7451 66
7452 45
7453 94
7454 125
7455 45
7456 37
7457 131
7458 171
7459 47
7460 84
7461 200
7462 104
7463 34
7464 109
7465 126
7466 136
7467 86
7468 39
7469 176
7470 180
7471 17
7472 24
7473 203
7474 96
7475 61
7476 137
7477 116
7478 103
7479 51
7480 69
7481 138
7482 181
7483 38
7484 40
7485 213
7486 82
7487 35
7488 32
7489 116
7490 175
7491 98
7492 74
7493 128
7494 187
7495 9
7496 76
7497 221
7498 96
7499 63
7500 70
7501 115
7502 115
7503 36
7504 52
7505 166
7506 214
7507 34
7508 79
7509 192
7510 67
7511 54
7512 98
7513 111
7514 148
7515 69
7516 29
7517 117
7518 156
7519 29
7520 42
7521 193
7522 115
7523 44
7524 143
7525 147
7526 125
7527 43
7528 70
7529 158
7530 170
7531 50
7532 49
7533 200
7534 79
7535 28
7536 39
7537 81
7538 116
7539 92
7540 90
7541 146
7542 141
7543 20
7544 66
7545 213
7546 141
7547 61
7548 49
7549 111
7550 138
7551 51
7552 22
7553 174
7554 198
7555 48
7556 82
7557 220
7558 72
7559 38
7560 149
7561 120
7562 135
7563 68
7564 31
7565 130
7566 186
7567 18
7568 50
7569 207
7570 97
7571 70
7572 115
7573 84
7574 146
7575 45
7576 49
7577 118
7578 165
7579 51
7580 36
7581 226
7582 94
7583 31
7584 48
7585 130
7586 127
7587 88
7588 77
7589 140
7590 204
7591 18
7592 82
7593 170
7594 116
7595 78
7596 73
7597 99
7598 103
7599 50
7600 24
7601 139
7602 229
7603 43
7604 88
7605 219
7606 92
7607 22
7608 78
7609 130
7610 164
7611 99
7612 20
7613 136
7614 149
7615 24
7616 21
7617 180
7618 89
7619 55
7620 132
7621 121
7622 111
7623 54
7624 78
7625 143
7626 201
7627 40
7628 46
7629 194
7630 103
7631 45
7632 61
7633 92
7634 152
7635 91
7636 75
7637 161
7638 178
7639 17
7640 66
7641 210
7642 99
7643 53
7644 62
7645 127
7646 139
7647 36
7648 33
7649 149
7650 216
7651 51
7652 84
7653 186
7654 84
7655 37
7656 107
7657 120
7658 136
7659 121
7660 41
7661 123
7662 159
7663 14
7664 24
7665 232
7666 108
7667 85
7668 101
7669 100
7670 138
7671 34
7672 56
7673 137
7674 199
7675 35
7676 49
7677 152
7678 72
7679 41
7680 13
7681 114
7682 130
7683 77
7684 69
7685 158
7686 196
7687 21
7688 80
7689 211
7690 109
7691 62
7692 63
7693 113
7694 149
7695 39
7696 44
7697 126
7698 178
7699 33
7700 119
7701 263
7702 69
7703 32
7704 119
7705 119
7706 140
7707 89
7708 17
7709 163
7710 154
7711 32
7712 36
7713 175
7714 139
7715 74
7716 126
7717 105
7718 116
7719 49
7720 72
7721 183
7722 230
7723 28
7724 57
7725 222
7726 78
7727 32
7728 43
7729 118
7730 155
7731 86
7732 71
7733 143
7734 163
7735 20
7736 84
7737 195
7738 87
7739 64
7740 40
7741 91
7742 129
7743 36
7744 23
7745 138
7746 209
7747 41
7748 87
7749 252
7750 96
7751 40
7752 103
7753 112
7754 142
7755 86
7756 56
7757 125
7758 157
7759 12
7760 52
7761 194
7762 79
7763 66
7764 134
7765 121
7766 144
7767 38
7768 49
7769 148
7770 214
7771 58
7772 31
7773 143
7774 101
7775 36
7776 54
7777 132
7778 131
7779 86
7780 73
7781 159
7782 148
7783 12
7784 87
7785 234
7786 107
7787 57
7788 89
7789 99
7790 112
7791 59
7792 16
7793 135
7794 162
7795 55
7796 81
7797 204
7798 86
7799 50
7800 129
7801 113
7802 143
7803 75
7804 16
7805 169
7806 178
7807 7
7808 18
7809 224
7810 105
7811 67
7812 145
7813 124
7814 129
7815 34
7816 73
7817 115
7818 171
7819 46
7820 61
7821 228
7822 72
7823 34
7824 68
7825 106
7826 185
7827 77
7828 81
7829 129
7830 181
7831 16
7832 72
7833 221
7834 103
7835 64
7836 43
7837 130
7838 98
7839 44
7840 46
7841 149
7842 194
7843 27
7844 97
7845 211
7846 96
7847 41
7848 106
7849 121
7850 134
7851 95
7852 34
7853 124
7854 238
7855 15
7856 28
7857 193
7858 99
7859 74
7860 119
7861 123
7862 131
7863 35
7864 59
7865 174
7866 212
7867 53
7868 37
7869 208
7870 93
7871 33
7872 23
7873 95
7874 144
7875 102
7876 89
7877 142
7878 149
7879 21
7880 70
7881 199
7882 114
7883 64
7884 79
7885 116
7886 132
7887 34
7888 42
7889 173
7890 211
7891 50
7892 69
7893 193
7894 74
7895 26
7896 130
7897 107
7898 138
7899 69
7900 15
7901 134
7902 153
7903 11
7904 40
7905 227
7906 101
7907 57
7908 108
7909 116
7910 155
7911 38
7912 67
7913 120
7914 191
7915 46
7916 49
7917 210
7918 88
7919 37
7920 33
7921 110
7922 142
7923 75
7924 80
7925 167
7926 160
7927 18
7928 68
7929 178
7930 131
7931 84
7932 47
7933 101
7934 120
7935 46
7936 10
7937 123
7938 189
7939 52
7940 90
7941 200
7942 92
7943 29
7944 112
7945 151
7946 155
7947 89
7948 42
7949 156
7950 158
7951 27
7952 49
7953 214
7954 130
7955 64
7956 161
7957 107
7958 115
7959 56
7960 53
7961 169
7962 159
7963 34
7964 42
7965 190
7966 103
7967 38
7968 57
7969 105
7970 138
7971 87
7972 62
7973 161
7974 198
7975 19
7976 77
7977 206
7978 92
7979 73
7980 90
7981 120
7982 121
7983 37
7984 19
7985 138
7986 201
7987 49
7988 70
7989 207
7990 87
7991 34
7992 82
7993 110
7994 144
7995 115
7996 23
7997 126
7998 154
7999 16
8000 19
8001 224
8002 118
8003 59
8004 124
8005 130
8006 119
8007 40
8008 92
8009 149
8010 207
8011 34
8012 51
8013 165
8014 84
8015 39
8016 75
8017 109
8018 118
8019 113
8020 77
8021 149
8022 197
8023 14
8024 80
8025 191
8026 125
8027 66
8028 38
8029 146
8030 146
8031 59
8032 31
8033 130
8034 216
8035 37
8036 109
8037 210
8038 78
8039 42
8040 126
8041 137
8042 119
8043 82
8044 46
8045 144
8046 160
8047 15
8048 20
8049 178
8050 115
8051 78
8052 133
8053 103
8054 137
8055 38
8056 57
8057 149
8058 212
8059 32
8060 33
8061 208
8062 63
8063 25
8064 32
8065 107
8066 151
8067 67
8068 62
8069 116
8070 147
8071 21
8072 72
8073 209
8074 88
8075 84
8076 74
8077 93
8078 130
8079 52
8080 52
8081 120
8082 189
8083 37
8084 82
8085 273
8086 100
8087 29
8088 92
8089 126
8090 141
8091 81
8092 21
8093 124
8094 201
8095 20
8096 44
8097 191
8098 81
8099 83
8100 152
8101 127
8102 106
8103 43
8104 66
8105 161
8106 228
8107 49
8108 53
8109 184
8110 94
8111 46
8112 43
8113 117
8114 150
8115 78
8116 71
8117 160
8118 151
8119 21
8120 96
8121 234
8122 105
8123 53
8124 43
8125 104
8126 135
8127 51
8128 12
8129 166
8130 196
8131 44
8132 76
8133 182
8134 98
8135 40
8136 118
8137 92
8138 150
8139 57
8140 37
8141 148
8142 149
8143 20
8144 42
8145 229
8146 99
8147 52
8148 141
8149 127
8150 129
8151 52
8152 54
8153 122
8154 191
8155 48
8156 39
8157 181
8158 51
8159 36
8160 61
8161 111
8162 184
8163 63
8164 79
8165 179
8166 182
8167 14
8168 68
8169 244
8170 123
8171 69
8172 69
8173 101
8174 139
8175 35
8176 17
8177 165
8178 177
8179 45
8180 95
8181 204
8182 96
8183 33
8184 120
8185 119
8186 131
8187 97
8188 16
8189 141
8190 208
8191 22
8192 1
8193 172
8194 115
8195 66
8196 126
8197 138
8198 116
8199 44
8200 74
8201 150
8202 163
8203 47
8204 73
8205 211
8206 105
8207 32
8208 70
8209 104
8210 147
8211 124
8212 75
8213 132
8214 167
8215 18
8216 77
8217 196
8218 108
8219 67
8220 50
8221 92
8222 115
8223 24
8224 35
8225 175
8226 223
8227 44
8228 79
8229 249
8230 61
8231 35
8232 119
8233 112
8234 155
8235 70
8236 40
8237 113
8238 121
8239 17
8240 33
8241 199
8242 106
8243 50
8244 118
8245 128
8246 168
8247 53
8248 51
8249 147
8250 249
8251 47
8252 31
8253 225
8254 80
8255 40
8256 29
8257 110
8258 119
8259 99
8260 92
8261 183
8262 170
8263 8
8264 85
8265 227
8266 104
8267 68
8268 74
8269 111
8270 128
8271 47
8272 46
8273 128
8274 233
8275 41
8276 92
8277 185
8278 86
8279 45
8280 96
8281 154
8282 130
8283 90
8284 26
8285 138
8286 181
8287 13
8288 42
8289 207
8290 94
8291 69
8292 122
8293 90
8294 147
8295 44
8296 79
8297 132
8298 140
8299 40
8300 47
8301 181
8302 73
8303 35
8304 35
8305 107
8306 146
8307 77
8308 65
8309 166
8310 177
8311 29
8312 63
8313 202
8314 106
8315 64
8316 64
8317 96
8318 117
8319 42
8320 27
8321 140
8322 192
8323 47
8324 95
8325 243
8326 90
8327 40
8328 107
8329 104
8330 195
8331 103
8332 36
8333 125
8334 172
8335 22
8336 43
8337 210
8338 124
8339 74
8340 126
8341 136
8342 112
8343 37
8344 64
8345 149
8346 213
8347 50
8348 31
8349 216
8350 94
8351 47
8352 66
8353 109
8354 149
8355 92
8356 74
8357 134
8358 178
8359 26
8360 97
8361 206
8362 114
8363 54
8364 83
8365 122
8366 140
8367 40
8368 13
8369 143
8370 200
8371 48
8372 111
8373 186
8374 94
8375 25
8376 103
8377 102
8378 119
8379 103
8380 19
8381 143
8382 151
8383 19
8384 14
8385 223
8386 131
8387 69
8388 106
8389 106
8390 141
8391 50
8392 55
8393 168
8394 194
8395 41
8396 57
8397 177
8398 76
8399 28
8400 85
8401 115
8402 134
8403 58
8404 90
8405 155
8406 157
8407 24
8408 71
8409 211
8410 93
8411 59
8412 35
8413 95
8414 146
8415 50
8416 32
8417 134
8418 193
8419 43
8420 99
8421 258
8422 83
8423 32
8424 120
8425 134
8426 156
8427 87
8428 35
8429 171
8430 175
8431 23
8432 26
8433 164
8434 110
8435 79
8436 130
8437 131
8438 99
8439 49
8440 61
8441 158
8442 227
8443 32
8444 41
8445 182
8446 103
8447 30
8448 18
8449 161
8450 157
8451 86
8452 69
8453 137
8454 164
8455 16
8456 84
8457 198
8458 95
8459 60
8460 81
8461 108
8462 105
8463 49
8464 43
8465 139
8466 189
8467 46
8468 82
8469 184
8470 111
8471 38
8472 94
8473 95
8474 143
8475 88
8476 22
8477 135
8478 158
8479 17
8480 37
8481 249
8482 96
8483 52
8484 143
8485 142
8486 128
8487 37
8488 72
8489 145
8490 204
8491 55
8492 59
8493 195
8494 94
8495 33
8496 40
8497 104
8498 133
8499 104
8500 74
8501 133
8502 193
8503 8
8504 75
8505 246
8506 127
8507 71
8508 32
8509 120
8510 125
8511 46
8512 30
8513 144
8514 216
8515 36
8516 91
8517 205
8518 69
8519 35
8520 137
8521 111
8522 110
8523 78
8524 39
8525 160
8526 215
8527 11
8528 47
8529 198
8530 110
8531 69
8532 109
8533 127
8534 154
8535 32
8536 60
8537 146
8538 147
8539 48
8540 37
8541 234
8542 70
8543 26
8544 52
8545 84
8546 142
8547 111
8548 85
8549 153
8550 165
8551 22
8552 69
8553 169
8554 126
8555 68
8556 91
8557 95
8558 126
8559 46
8560 14
8561 172
8562 190
8563 36
8564 78
8565 223
8566 87
8567 40
8568 117
8569 150
8570 151
8571 83
8572 23
8573 126
8574 168
8575 19
8576 18
8577 182
8578 95
8579 74
8580 154
8581 125
8582 142
8583 37
8584 69
8585 136
8586 206
8587 42
8588 54
8589 221
8590 94
8591 46
8592 65
8593 119
8594 122
8595 97
8596 84
8597 139
8598 164
8599 18
8600 83
8601 198
8602 132
8603 68
8604 59
8605 116
8606 129
8607 35
8608 27
8609 137
8610 247
8611 58
8612 86
8613 202
8614 96
8615 28
8616 120
8617 123
8618 141
8619 109
8620 31
8621 140
8622 134
8623 15
8624 38
8625 225
8626 113
8627 58
8628 108
8629 105
8630 112
8631 52
8632 56
8633 133
8634 186
8635 36
8636 43
8637 177
8638 88
8639 30
8640 23
8641 95
8642 133
8643 76
8644 59
8645 197
8646 214
8647 17
8648 69
8649 225
8650 112
8651 66
8652 77
8653 102
8654 130
8655 43
8656 45
8657 132
8658 191
8659 42
8660 98
8661 211
8662 74
8663 34
8664 98
8665 108
8666 162
8667 91
8668 18
8669 142
8670 178
8671 17
8672 34
8673 226
8674 116
8675 82
8676 116
8677 115
8678 106
8679 48
8680 80
8681 154
8682 204
8683 34
8684 65
8685 177
8686 93
8687 43
8688 26
8689 107
8690 158
8691 86
8692 66
8693 128
8694 211
8695 12
8696 67
8697 187
8698 72
8699 77
8700 40
8701 142
8702 132
8703 33
8704 11
8705 154
8706 183
8707 38
8708 92
8709 225
8710 98
8711 42
8712 128
8713 102
8714 129
8715 101
8716 34
8717 135
8718 140
8719 13
8720 50
8721 234
8722 117
8723 69
8724 139
8725 117
8726 146
8727 31
8728 54
8729 182
8730 222
8731 43
8732 36
8733 193
8734 79
8735 39
8736 70
8737 125
8738 148
8739 78
8740 93
8741 156
8742 155
8743 26
8744 87
8745 246
8746 107
8747 63
8748 59
8749 125
8750 150
8751 51
8752 23
8753 112
8754 233
8755 39
8756 94
8757 241
8758 70
8759 53
8760 97
8761 115
8762 116
8763 59
8764 25
8765 150
8766 180
8767 26
8768 22
8769 202
8770 110
8771 76
8772 152
8773 105
8774 115
8775 50
8776 65
8777 125
8778 215
8779 43
8780 57
8781 173
8782 70
8783 29
8784 66
8785 133
8786 162
8787 83
8788 75
8789 178
8790 151
8791 17
8792 85
8793 201
8794 99
8795 60
8796 57
8797 74
8798 120
8799 49
8800 46
8801 169
8802 162
8803 50
8804 82
8805 198
8806 112
8807 29
8808 112
8809 126
8810 149
8811 102
8812 33
8813 144
8814 189
8815 17
8816 29
8817 166
8818 101
8819 56
8820 158
8821 127
8822 130
8823 32
8824 55
8825 148
8826 196
8827 48
8828 37
8829 207
8830 74
8831 42
8832 30
8833 103
8834 167
8835 97
8836 78
8837 128
8838 146
8839 18
8840 85
8841 231
8842 113
8843 55
8844 70
8845 143
8846 117
8847 36
8848 58
8849 147
8850 207
8851 44
8852 78
8853 191
8854 84
8855 46
8856 115
8857 114
8858 129
8859 88
8860 17
8861 133
8862 167
8863 12
8864 39
8865 211
8866 141
8867 58
8868 117
8869 134
8870 140
8871 59
8872 53
8873 149
8874 209
8875 47
8876 70
8877 214
8878 73
8879 46
8880 44
8881 112
8882 135
8883 82
8884 72
8885 152
8886 171
8887 11
8888 61
8889 192
8890 137
8891 72
8892 46
8893 91
8894 135
8895 31
8896 15
8897 172
8898 176
8899 50
8900 80
8901 219
8902 82
8903 26
8904 140
8905 150
8906 151
8907 85
8908 43
8909 130
8910 195
8911 27
8912 40
8913 202
8914 96
8915 80
8916 125
8917 104
8918 134
8919 47
8920 60
8921 136
8922 217
8923 29
8924 39
8925 263
8926 93
8927 31
8928 47
8929 115
8930 157
8931 90
8932 88
8933 149
8934 170
8935 14
8936 87
8937 192
8938 82
8939 80
8940 64
8941 105
8942 122
8943 38
8944 23
8945 149
8946 250
8947 43
8948 72
8949 202
8950 74
8951 40
8952 89
8953 110
8954 182
8955 82
8956 18
8957 148
8958 127
8959 24
8960 12
8961 207
8962 108
8963 52
8964 128
8965 132
8966 112
8967 39
8968 71
8969 135
8970 207
8971 56
8972 48
8973 177
8974 108
8975 39
8976 78
8977 100
8978 130
8979 88
8980 87
8981 173
8982 164
8983 17
8984 70
8985 233
8986 95
8987 75
8988 49
8989 116
8990 146
8991 46
8992 41
8993 128
8994 175
8995 41
8996 95
8997 200
8998 77
8999 34
9000 101
9001 135
9002 153
9003 71
9004 46
9005 137
9006 202
9007 15
9008 24
9009 270
9010 128
9011 65
9012 109
9013 116
9014 138
9015 39
9016 75
9017 142
9018 177
9019 27
9020 44
9021 186
9022 77
9023 37
9024 34
9025 131
9026 131
9027 95
9028 70
9029 140
9030 200
9031 22
9032 81
9033 160
9034 103
9035 64
9036 80
9037 113
9038 108
9039 51
9040 44
9041 153
9042 197
9043 32
9044 116
9045 236
9046 83
9047 28
9048 115
9049 104
9050 140
9051 119
9052 21
9053 149
9054 161
9055 22
9056 33
9057 168
9058 106
9059 76
9060 136
9061 135
9062 132
9063 45
9064 74
9065 185
9066 226
9067 39
9068 45
9069 220
9070 73
9071 39
9072 28
9073 104
9074 153
9075 80
9076 71
9077 114
9078 163
9079 29
9080 84
9081 228
9082 86
9083 54
9084 44
9085 110
9086 166
9087 52
9088 21
9089 135
9090 207
9091 47
9092 83
9093 214
9094 86
9095 43
9096 111
9097 131
9098 132
9099 76
9100 53
9101 153
9102 164
9103 11
9104 44
9105 196
9106 114
9107 71
9108 151
9109 113
9110 113
9111 62
9112 48
9113 132
9114 211
9115 51
9116 48
9117 175
9118 86
9119 36
9120 70
9121 130
9122 133
9123 75
9124 80
9125 159
9126 195
9127 15
9128 83
9129 240
9130 116
9131 67
9132 71
9133 100
9134 137
9135 45
9136 25
9137 135
9138 143
9139 52
9140 81
9141 227
9142 96
9143 34
9144 115
9145 113
9146 161
9147 72
9148 19
9149 167
9150 185
9151 20
9152 14
9153 179
9154 110
9155 64
9156 148
9157 122
9158 130
9159 42
9160 79
9161 130
9162 179
9163 53
9164 58
9165 237
9166 92
9167 35
9168 64
9169 108
9170 179
9171 96
9172 67
9173 119
9174 198
9175 18
9176 75
9177 247
9178 112
9179 75
9180 41
9181 93
9182 103
9183 39
9184 35
9185 176
9186 205
9187 36
9188 86
9189 206
9190 74
9191 47
9192 108
9193 102
9194 141
9195 88
9196 44
9197 125
9198 164
9199 21
9200 24
9201 185
9202 115
9203 48
9204 130
9205 143
9206 133
9207 42
9208 43
9209 154
9210 193
9211 49
9212 37
9213 189
9214 109
9215 26
9216 7
9217 115
9218 122
9219 115
9220 72
9221 157
9222 170
9223 20
9224 75
9225 210
9226 139
9227 74
9228 69
9229 105
9230 150
9231 47
9232 42
9233 156
9234 242
9235 44
9236 74
9237 209
9238 66
9239 27
9240 133
9241 133
9242 141
9243 77
9244 21
9245 143
9246 158
9247 18
9248 38
9249 222
9250 94
9251 77
9252 108
9253 110
9254 170
9255 38
9256 74
9257 137
9258 185
9259 40
9260 52
9261 250
9262 91
9263 27
9264 41
9265 118
9266 151
9267 92
9268 75
9269 183
9270 176
9271 19
9272 76
9273 203
9274 97
9275 82
9276 64
9277 106
9278 105
9279 47
9280 28
9281 136
9282 263
9283 34
9284 107
9285 230
9286 90
9287 40
9288 116
9289 120
9290 160
9291 98
9292 34
9293 146
9294 162
9295 18
9296 61
9297 204
9298 89
9299 78
9300 157
9301 113
9302 118
9303 38
9304 66
9305 162
9306 216
9307 55
9308 28
9309 204
9310 106
9311 45
9312 58
9313 93
9314 143
9315 89
9316 83
9317 181
9318 171
9319 12
9320 82
9321 276
9322 102
9323 57
9324 94
9325 118
9326 163
9327 31
9328 18
9329 158
9330 189
9331 68
9332 96
9333 210
9334 80
9335 29
9336 98
9337 88
9338 161
9339 103
9340 19
9341 144
9342 175
9343 8
9344 21
9345 255
9346 111
9347 71
9348 122
9349 130
9350 149
9351 44
9352 84
9353 153
9354 219
9355 30
9356 60
9357 163
9358 67
9359 52
9360 90
9361 133
9362 142
9363 69
9364 74
9365 153
9366 205
9367 14
9368 73
9369 178
9370 137
9371 61
9372 39
9373 110
9374 138
9375 44
9376 36
9377 159
9378 172
9379 35
9380 117
9381 250
9382 66
9383 31
9384 143
9385 119
9386 161
9387 96
9388 33
9389 145
9390 150
9391 28
9392 28
9393 171
9394 135
9395 71
9396 142
9397 120
9398 128
9399 55
9400 54
9401 185
9402 177
9403 32
9404 37
9405 231
9406 92
9407 28
9408 28
9409 129
9410 161
9411 79
9412 77
9413 136
9414 172
9415 21
9416 104
9417 218
9418 81
9419 71
9420 78
9421 121
9422 137
9423 36
9424 46
9425 173
9426 212
9427 46
9428 85
9429 239
9430 113
9431 41
9432 91
9433 112
9434 142
9435 108
9436 27
9437 140
9438 184
9439 20
9440 49
9441 199
9442 115
9443 76
9444 138
9445 129
9446 128
9447 39
9448 57
9449 182
9450 246
9451 54
9452 61
9453 182
9454 102
9455 31
9456 28
9457 125
9458 129
9459 95
9460 77
9461 175
9462 161
9463 14
9464 92
9465 232
9466 131
9467 46
9468 36
9469 117
9470 116
9471 69
9472 12
9473 126
9474 212
9475 42
9476 91
9477 212
9478 92
9479 49
9480 135
9481 110
9482 156
9483 71
9484 34
9485 188
9486 204
9487 15
9488 46
9489 203
9490 121
9491 60
9492 150
9493 134
9494 131
9495 47
9496 63
9497 149
9498 182
9499 47
9500 40
9501 187
9502 69
9503 43
9504 59
9505 129
9506 180
9507 98
9508 70
9509 146
9510 164
9511 22
9512 74
9513 239
9514 128
9515 83
9516 87
9517 99
9518 109
9519 38
9520 29
9521 158
9522 198
9523 38
9524 98
9525 208
9526 101
9527 36
9528 92
9529 155
9530 142
9531 116
9532 16
9533 111
9534 229
9535 21
9536 21
9537 209
9538 115
9539 70
9540 145
9541 154
9542 146
9543 31
9544 56
9545 165
9546 206
9547 41
9548 61
9549 223
9550 71
9551 41
9552 77
9553 95
9554 149
9555 103
9556 78
9557 167
9558 137
9559 19
9560 78
9561 208
9562 121
9563 61
9564 47
9565 83
9566 143
9567 31
9568 38
9569 168
9570 264
9571 45
9572 85
9573 236
9574 85
9575 32
9576 150
9577 123
9578 132
9579 91
9580 45
9581 174
9582 140
9583 18
9584 25
9585 203
9586 94
9587 69
9588 116
9589 111
9590 159
9591 56
9592 64
9593 134
9594 219
9595 42
9596 40
9597 206
9598 69
9599 52
9600 37
9601 129
9602 128
9603 75
9604 92
9605 178
9606 197
9607 21
9608 89
9609 181
9610 109
9611 88
9612 81
9613 104
9614 138
9615 43
9616 37
9617 140
9618 223
9619 43
9620 110
9621 202
9622 109
9623 29
9624 101
9625 160
9626 159
9627 78
9628 25
9629 167
9630 173
9631 18
9632 43
9633 225
9634 114
9635 67
9636 158
9637 126
9638 122
9639 52
9640 85
9641 185
9642 173
9643 25
9644 56
9645 206
9646 110
9647 29
9648 40
9649 91
9650 166
9651 97
9652 73
9653 158
9654 182
9655 20
9656 81
9657 225
9658 86
9659 70
9660 54
9661 104
9662 114
9663 31
9664 14
9665 139
9666 201
9667 52
9668 83
9669 256
9670 85
9671 37
9672 121
9673 109
9674 186
9675 91
9676 44
9677 124
9678 162
9679 21
9680 59
9681 255
9682 119
9683 64
9684 117
9685 155
9686 135
9687 48
9688 56
9689 152
9690 242
9691 55
9692 32
9693 176
9694 87
9695 41
9696 63
9697 104
9698 135
9699 89
9700 84
9701 161
9702 209
9703 27
9704 89
9705 223
9706 119
9707 62
9708 62
9709 149
9710 137
9711 58
9712 8
9713 162
9714 189
9715 42
9716 119
9717 236
9718 84
9719 24
9720 117
9721 117
9722 140
9723 72
9724 24
9725 163
9726 170
9727 22
9728 9
9729 246
9730 133
9731 64
9732 131
9733 90
9734 147
9735 44
9736 64
9737 172
9738 185
9739 41
9740 57
9741 232
9742 67
9743 25
9744 92
9745 127
9746 169
9747 87
9748 72
9749 137
9750 194
9751 21
9752 75
9753 211
9754 97
9755 76
9756 45
9757 94
9758 154
9759 47
9760 42
9761 159
9762 199
9763 40
9764 88
9765 265
9766 117
9767 37
9768 120
9769 122
9770 125
9771 84
9772 35
9773 150
9774 178
9775 14
9776 35
9777 181
9778 93
9779 85
9780 149
9781 135
9782 119
9783 40
9784 60
9785 158
9786 235
9787 50
9788 27
9789 211
9790 100
9791 37
9792 37
9793 116
9794 171
9795 86
9796 74
9797 158
9798 146
9799 17
9800 107
9801 233
9802 107
9803 49
9804 93
9805 89
9806 122
9807 56
9808 48
9809 160
9810 213
9811 35
9812 95
9813 196
9814 90
9815 45
9816 121
9817 93
9818 136
9819 85
9820 16
9821 195
9822 161
9823 22
9824 39
9825 228
9826 125
9827 63
9828 155
9829 132
9830 137
9831 56
9832 59
9833 121
9834 227
9835 45
9836 71
9837 188
9838 64
9839 44
9840 29
9841 95
9842 170
9843 110
9844 66
9845 165
9846 217
9847 11
9848 70
9849 261
9850 100
9851 82
9852 34
9853 95
9854 156
9855 42
9856 28
9857 149
9858 196
9859 37
9860 118
9861 219
9862 76
9863 31
9864 114
9865 146
9866 137
9867 106
9868 39
9869 143
9870 224
9871 17
9872 53
9873 186
9874 97
9875 66
9876 126
9877 157
9878 136
9879 46
9880 69
9881 166
9882 195
9883 37
9884 46
9885 227
9886 86
9887 33
9888 54
9889 141
9890 172
9891 114
9892 91
9893 159
9894 176
9895 16
9896 80
9897 199
9898 109
9899 78
9900 86
9901 106
9902 126
9903 35
9904 27
9905 182
9906 256
9907 43
9908 79
9909 223
9910 68
9911 55
9912 117
9913 105
9914 159
9915 72
9916 31
9917 120
9918 137
9919 22
9920 19
9921 222
9922 97
9923 61
9924 112
9925 130
9926 156
9927 42
9928 78
9929 138
9930 226
9931 52
9932 57
9933 249
9934 93
9935 33
9936 73
9937 123
9938 132
9939 76
9940 96
9941 166
9942 181
9943 17
9944 87
9945 259
9946 107
9947 85
9948 44
9949 105
9950 140
9951 46
9952 33
9953 143
9954 233
9955 62
9956 99
9957 186
9958 92
9959 38
9960 117
9961 139
9962 164
9963 70
9964 46
9965 174
9966 186
9967 14
9968 23
9969 227
9970 119
9971 79
9972 127
9973 102
9974 117
9975 47
9976 64
9977 159
9978 161
9979 58
9980 35
9981 190
9982 105
9983 31
9984 16
9985 103
9986 175
9987 72
9988 64
9989 191
9990 168
9991 15
9992 80
9993 184
9994 96
9995 68
9996 89
9997 111
9998 124
9999 42
10000 47
