1 0
2 0
3 0
4 0
5 1
6 0
7 2
8 1
9 2
10 2
11 4
12 2
13 4
14 4
15 4
16 4
17 6
18 4
19 7
20 5
21 6
22 7
23 9
24 6
25 8
26 9
27 10
28 8
29 11
30 8
31 11
32 10
33 11
34 13
35 14
36 10
37 13
38 14
39 15
40 13
41 16
42 13
43 17
44 16
45 15
46 17
47 20
48 16
49 18
50 17
51 19
52 18
53 22
54 20
55 21
56 19
57 20
58 22
59 26
60 19
61 23
62 25
63 24
64 23
65 25
66 23
67 26
68 26
69 28
70 26
71 30
72 23
73 27
74 29
75 29
76 29
77 31
78 29
79 33
80 29
81 30
82 32
83 36
84 30
85 32
86 34
87 36
88 34
89 38
90 32
91 34
92 34
93 36
94 38
95 40
96 35
97 39
98 39
99 39
100 36
101 40
102 39
103 43
104 41
105 39
106 42
107 46
108 40
109 44
110 43
111 45
112 41
113 45
114 44
115 46
116 46
117 47
118 49
119 51
120 42
121 45
122 48
123 50
124 50
125 53
126 47
127 52
128 50
129 52
130 51
131 55
132 50
133 52
134 55
135 53
136 52
137 56
138 55
139 59
140 54
141 56
142 59
143 61
144 53
145 55
146 58
147 58
148 59
149 64
150 58
151 63
152 61
153 62
154 61
155 63
156 58
157 62
158 65
159 68
160 62
161 65
162 62
163 66
164 67
165 66
166 68
167 73
168 64
169 68
170 66
171 67
172 68
173 72
174 71
175 72
176 69
177 71
178 74
179 79
180 68
181 72
182 71
183 74
184 73
185 76
186 74
187 77
188 78
189 77
190 76
191 80
192 73
193 78
194 81
195 80
196 78
197 83
198 77
199 82
200 77
201 80
202 83
203 86
204 81
205 84
206 86
207 87
208 84
209 87
210 78
211 83
212 84
213 87
214 90
215 93
216 84
217 87
218 90
219 93
220 88
221 91
222 90
223 95
224 90
225 87
226 90
227 95
228 90
229 96
230 95
231 94
232 93
233 98
234 93
235 96
236 97
237 100
238 99
239 104
240 91
241 96
242 97
243 98
244 99
245 100
246 99
247 102
248 101
249 105
250 104
251 109
252 98
253 101
254 104
255 103
256 101
257 106
258 106
259 109
260 104
261 105
262 108
263 113
264 104
265 108
266 107
267 110
268 111
269 116
270 107
271 113
272 110
273 109
274 112
275 113
276 109
277 114
278 117
279 118
280 109
281 115
282 114
283 119
284 120
285 119
286 119
287 122
288 111
289 115
290 115
291 118
292 119
293 124
294 120
295 123
296 122
297 121
298 125
299 128
300 117
301 121
302 124
303 127
304 124
305 128
306 123
307 128
308 124
309 127
310 126
311 132
312 123
313 128
314 132
315 127
316 128
317 134
318 133
319 136
320 130
321 133
322 132
323 136
324 128
325 129
326 133
327 136
328 135
329 139
330 130
331 136
332 137
333 138
334 142
335 145
336 132
337 138
338 139
339 143
340 138
341 142
342 137
343 140
344 140
345 139
346 143
347 148
348 143
349 149
350 144
351 144
352 139
353 145
354 144
355 148
356 149
357 148
358 152
359 157
360 141
361 145
362 149
363 150
364 146
365 149
366 149
367 154
368 152
369 153
370 153
371 156
372 152
373 157
374 157
375 156
376 156
377 159
378 151
379 156
380 152
381 155
382 159
383 164
384 156
385 155
386 159
387 160
388 162
389 167
390 159
391 162
392 158
393 162
394 165
395 169
396 158
397 164
398 167
399 167
400 159
401 165
402 165
403 168
404 170
405 167
406 167
407 171
408 162
409 168
410 167
411 171
412 172
413 176
414 172
415 175
416 171
417 174
418 174
419 180
420 163
421 169
422 173
423 174
424 174
425 175
426 175
427 179
428 180
429 180
430 180
431 185
432 173
433 179
434 178
435 178
436 180
437 183
438 183
439 188
440 180
441 179
442 178
443 184
444 180
445 184
446 187
447 191
448 185
449 190
450 180
451 184
452 185
453 189
454 193
455 192
456 184
457 190
458 193
459 193
460 189
461 195
462 186
463 192
464 190
465 189
466 193
467 199
468 189
469 192
470 192
471 196
472 196
473 199
474 199
475 201
476 196
477 198
478 202
479 208
480 191
481 195
482 199
483 199
484 198
485 201
486 197
487 203
488 203
489 206
490 202
491 208
492 204
493 207
494 207
495 203
496 201
497 205
498 204
499 210
500 206
501 210
502 213
503 219
504 203
505 207
506 207
507 209
508 210
509 216
510 208
511 212
512 210
513 209
514 213
515 217
516 213
517 217
518 216
519 220
520 212
521 218
522 214
523 220
524 221
525 217
526 221
527 225
528 213
529 218
530 218
531 219
532 215
533 219
534 219
535 223
536 223
537 227
538 230
539 232
540 216
541 222
542 226
543 230
544 226
545 230
546 221
547 227
548 229
549 231
550 227
551 231
552 223
553 227
554 230
555 230
556 232
557 238
558 234
559 238
560 226
561 226
562 230
563 236
564 232
565 235
566 239
567 237
568 237
569 243
570 235
571 241
572 237
573 241
574 241
575 243
576 230
577 236
578 237
579 241
580 237
581 241
582 241
583 245
584 245
585 241
586 245
587 251
588 241
589 245
590 245
591 249
592 247
593 253
594 245
595 245
596 247
597 251
598 251
599 257
600 240
601 246
602 246
603 248
604 250
605 252
606 252
607 258
608 254
609 254
610 254
611 258
612 248
613 254
614 258
615 258
616 250
617 256
618 256
619 262
620 258
621 258
622 262
623 266
624 254
625 257
626 261
627 261
628 263
629 267
630 251
631 257
632 257
633 262
634 266
635 270
636 266
637 268
638 268
639 270
640 262
641 268
642 268
643 274
644 270
645 270
646 270
647 276
648 264
649 268
650 264
651 264
652 266
653 272
654 272
655 277
656 275
657 277
658 277
659 283
660 267
661 273
662 277
663 277
664 277
665 277
666 273
667 277
668 279
669 284
670 284
671 288
672 272
673 278
674 282
675 278
676 277
677 283
678 283
679 287
680 280
681 284
682 284
683 290
684 280
685 284
686 284
687 288
688 286
689 290
690 283
691 289
692 291
693 287
694 291
695 295
696 287
697 291
698 296
699 300
700 290
701 296
702 288
703 292
704 286
705 286
706 291
707 295
708 291
709 297
710 297
711 299
712 299
713 304
714 296
715 296
716 298
717 302
718 306
719 313
720 291
721 295
722 297
723 301
724 303
725 305
726 302
727 308
728 300
729 301
730 301
731 305
732 302
733 308
734 312
735 308
736 304
737 309
738 305
739 311
740 307
741 307
742 307
743 314
744 306
745 310
746 314
747 316
748 313
749 317
750 309
751 315
752 313
753 318
754 318
755 322
756 306
757 312
758 317
759 317
760 309
761 315
762 315
763 320
764 322
765 318
766 322
767 327
768 317
769 323
770 315
771 319
772 322
773 328
774 324
775 326
776 327
777 327
778 331
779 335
780 319
781 324
782 324
783 324
784 317
785 322
786 322
787 328
788 330
789 335
790 335
791 339
792 323
793 328
794 332
795 332
796 334
797 341
798 333
799 337
800 327
801 330
802 334
803 338
804 335
805 335
806 335
807 339
808 340
809 346
810 334
811 340
812 337
813 341
814 341
815 346
816 334
817 338
818 342
819 339
820 335
821 341
822 342
823 348
824 348
825 344
826 345
827 351
828 341
829 348
830 348
831 352
832 346
833 349
834 349
835 353
836 350
837 350
838 354
839 361
840 337
841 342
842 347
843 351
844 353
845 355
846 352
847 354
848 352
849 357
850 353
851 357
852 354
853 360
854 360
855 357
856 357
857 363
858 356
859 362
860 358
861 359
862 363
863 369
864 354
865 358
866 362
867 365
868 361
869 365
870 358
871 362
872 362
873 365
874 365
875 366
876 362
877 368
878 373
879 377
880 365
881 372
882 362
883 368
884 365
885 365
886 369
887 376
888 368
889 373
890 373
891 371
892 374
893 378
894 378
895 383
896 375
897 376
898 380
899 384
900 366
901 370
902 370
903 371
904 371
905 376
906 376
907 382
908 385
909 387
910 380
911 386
912 374
913 379
914 383
915 383
916 386
917 390
918 383
919 389
920 381
921 386
922 390
923 395
924 379
925 381
926 386
927 388
928 385
929 391
930 384
931 386
932 388
933 393
934 397
935 398
936 382
937 388
938 389
939 393
940 390
941 396
942 397
943 401
944 399
945 392
946 392
947 399
948 395
949 400
950 396
951 400
952 393
953 399
954 396
955 400
956 403
957 403
958 407
959 412
960 392
961 398
962 398
963 401
964 403
965 408
966 400
967 407
968 403
969 403
970 404
971 410
972 401
973 405
974 410
975 406
976 405
977 411
978 412
979 416
980 406
981 409
982 413
983 420
984 412
985 417
986 417
987 418
988 414
989 419
990 403
991 410
992 406
993 411
994 411
995 416
996 412
997 419
998 423
999 423
1000 416
1001 416
1002 417
1003 421
1004 424
1005 424
1006 429
1007 433
1008 412
1009 418
1010 419
1011 423
1012 420
1013 426
1014 423
1015 423
1016 424
1017 426
1018 431
1019 437
1020 422
1021 428
1022 429
1023 429
1024 427
1025 429
1026 422
1027 426
1028 429
1029 429
1030 430
1031 436
1032 429
1033 436
1034 436
1035 433
1036 429
1037 434
1038 434
1039 441
1040 429
1041 434
1042 438
1043 443
1044 433
1045 434
1046 438
1047 443
1048 443
1049 450
1050 434
1051 441
1052 444
1053 442
1054 443
1055 447
1056 432
1057 436
1058 439
1059 443
1060 440
1061 446
1062 443
1063 449
1064 442
1065 443
1066 443
1067 448
1068 444
1069 451
1070 451
1071 448
1072 446
1073 451
1074 452
1075 454
1076 457
1077 461
1078 458
1079 462
1080 439
1081 443
1082 448
1083 451
1084 453
1085 454
1086 454
1087 461
1088 455
1089 455
1090 456
1091 462
1092 447
1093 453
1094 458
1095 458
1096 459
1097 466
1098 462
1099 467
1100 457
1101 462
1102 462
1103 469
1104 458
1105 458
1106 459
1107 459
1108 462
1109 469
1110 461
1111 466
1112 466
1113 467
1114 472
1115 476
1116 467
1117 473
1118 474
1119 478
1120 463
1121 468
1122 460
1123 467
1124 469
1125 466
1126 471
1127 473
1128 466
1129 473
1130 473
1131 474
1132 476
1133 481
1134 470
1135 474
1136 473
1137 477
1138 482
1139 487
1140 471
1141 476
1142 480
1143 483
1144 476
1145 480
1146 481
1147 486
1148 482
1149 487
1150 483
1151 490
1152 475
1153 481
1154 486
1155 479
1156 478
1157 483
1158 483
1159 488
1160 481
1161 481
1162 482
1163 489
1164 485
1165 490
1166 491
1167 495
1168 494
1169 498
1170 483
1171 490
1172 492
1173 493
1174 498
1175 500
1176 485
1177 490
1178 490
1179 493
1180 490
1181 496
1182 497
1183 500
1184 496
1185 497
1186 501
1187 508
1188 493
1189 497
1190 490
1191 495
1192 495
1193 502
1194 503
1195 507
1196 504
1197 501
1198 505
1199 510
1200 489
1201 495
1202 500
1203 505
1204 501
1205 506
1206 503
1207 507
1208 508
1209 509
1210 505
1211 510
1212 507
1213 513
1214 518
1215 515
1216 510
1217 516
1218 509
1219 514
1220 510
1221 511
1222 512
1223 518
1224 503
1225 503
1226 507
1227 512
1228 515
1229 521
1230 514
1231 521
1232 510
1233 512
1234 517
1235 518
1236 514
1237 521
1238 526
1239 526
1240 519
1241 524
1242 517
1243 521
1244 524
1245 525
1246 525
1247 530
1248 515
1249 521
1250 520
1251 523
1252 526
1253 530
1254 523
1255 528
1256 528
1257 533
1258 534
1259 541
1260 513
1261 518
1262 523
1263 527
1264 526
1265 527
1266 528
1267 532
1268 535
1269 536
1270 536
1271 541
1272 534
1273 539
1274 535
1275 532
1276 529
1277 536
1278 532
1279 539
1280 530
1281 530
1282 535
1283 542
1284 539
1285 543
1286 548
1287 545
1288 538
1289 544
1290 537
1291 544
1292 541
1293 545
1294 550
1295 551
1296 535
1297 541
1298 542
1299 547
1300 538
1301 544
1302 537
1303 544
1304 545
1305 541
1306 546
1307 553
1308 550
1309 550
1310 551
1311 552
1312 549
1313 553
1314 550
1315 555
1316 552
1317 556
1318 561
1319 568
1320 545
1321 551
1322 556
1323 553
1324 556
1325 558
1326 551
1327 558
1328 557
1329 562
1330 554
1331 559
1332 550
1333 555
1334 555
1335 556
1336 557
1337 562
1338 562
1339 567
1340 564
1341 567
1342 568
1343 572
1344 553
1345 558
1346 563
1347 568
1348 570
1349 575
1350 560
1351 565
1352 561
1353 562
1354 567
1355 572
1356 569
1357 573
1358 574
1359 577
1360 566
1361 573
1362 573
1363 578
1364 575
1365 568
1366 573
1367 579
1368 564
1369 570
1370 571
1371 576
1372 572
1373 579
1374 580
1375 581
1376 578
1377 576
1378 577
1379 582
1380 567
1381 574
1382 578
1383 583
1384 584
1385 589
1386 574
1387 578
1388 581
1389 586
1390 587
1391 592
1392 580
1393 585
1394 586
1395 583
1396 586
1397 591
1398 591
1399 598
1400 583
1401 588
1402 593
1403 597
1404 582
1405 587
1406 588
1407 589
1408 582
1409 588
1410 581
1411 586
1412 589
1413 592
1414 593
1415 597
1416 590
1417 595
1418 600
1419 601
1420 598
1421 600
1422 597
1423 604
1424 603
1425 600
1426 601
1427 607
1428 592
1429 599
1430 592
1431 593
1432 594
1433 601
1434 601
1435 602
1436 605
1437 610
1438 615
1439 622
1440 594
1441 599
1442 600
1443 601
1444 601
1445 604
1446 605
1447 611
1448 612
1449 609
1450 606
1451 613
1452 604
1453 611
1454 615
1455 616
1456 605
1457 610
1458 605
1459 612
1460 609
1461 613
1462 614
1463 615
1464 608
1465 613
1466 618
1467 621
1468 624
1469 628
1470 613
1471 620
1472 615
1473 620
1474 621
1475 624
1476 614
1477 619
1478 624
1479 625
1480 618
1481 625
1482 618
1483 625
1484 621
1485 614
1486 619
1487 626
1488 615
1489 622
1490 623
1491 624
1492 627
1493 633
1494 630
1495 631
1496 624
1497 629
1498 630
1499 637
1500 622
1501 627
1502 631
1503 634
1504 631
1505 632
1506 633
1507 638
1508 635
1509 640
1510 641
1511 647
1512 624
1513 629
1514 634
1515 635
1516 638
1517 643
1518 636
1519 639
1520 628
1521 627
1522 632
1523 639
1524 636
1525 639
1526 640
1527 645
1528 646
1529 651
1530 636
1531 643
1532 645
1533 646
1534 647
1535 652
1536 641
1537 646
1538 651
1539 650
1540 635
1541 640
1542 641
1543 648
1544 648
1545 649
1546 654
1547 655
1548 646
1549 653
1550 650
1551 651
1552 650
1553 657
1554 650
1555 655
1556 658
1557 660
1558 661
1559 668
1560 645
1561 650
1562 651
1563 656
1564 653
1565 658
1566 651
1567 658
1568 649
1569 654
1570 655
1571 662
1572 658
1573 661
1574 666
1575 657
1576 658
1577 663
1578 664
1579 671
1580 668
1581 669
1582 670
1583 677
1584 656
1585 661
1586 662
1587 665
1588 668
1589 672
1590 665
1591 670
1592 671
1593 672
1594 677
1595 678
1596 663
1597 670
1598 671
1599 672
1600 660
1601 667
1602 664
1603 669
1604 672
1605 673
1606 674
1607 681
1608 674
1609 681
1610 674
1611 677
1612 673
1613 680
1614 681
1615 682
1616 681
1617 678
1618 683
1619 690
1620 669
1621 676
1622 681
1623 686
1624 679
1625 680
1626 681
1627 688
1628 685
1629 688
1630 689
1631 694
1632 679
1633 684
1634 685
1635 686
1636 689
1637 696
1638 681
1639 686
1640 679
1641 684
1642 689
1643 694
1644 691
1645 692
1646 697
1647 698
1648 697
1649 701
1650 686
1651 691
1652 688
1653 689
1654 694
1655 699
1656 684
1657 691
1658 696
1659 697
1660 694
1661 699
1662 700
1663 707
1664 700
1665 697
1666 694
1667 701
1668 698
1669 705
1670 706
1671 711
1672 704
1673 709
1674 702
1675 705
1676 708
1677 709
1678 714
1679 719
1680 688
1681 694
1682 697
1683 694
1684 697
1685 702
1686 703
1687 708
1688 709
1689 714
1690 711
1691 716
1692 707
1693 714
1694 711
1695 712
1696 709
1697 716
1698 717
1699 725
1700 716
1701 713
1702 714
1703 719
1704 712
1705 713
1706 718
1707 723
1708 720
1709 727
1710 712
1711 717
1712 716
1713 721
1714 726
1715 727
1716 712
1717 717
1718 722
1719 725
1720 718
1721 725
1722 718
1723 725
1724 728
1725 725
1726 730
1727 735
1728 716
1729 717
1730 718
1731 723
1732 726
1733 733
1734 730
1735 735
1736 728
1737 731
1738 733
1739 738
1740 723
1741 730
1742 731
1743 732
1744 731
1745 736
1746 733
1747 740
1748 737
1749 738
1750 731
1751 736
1752 729
1753 736
1754 741
1755 734
1756 737
1757 742
1758 743
1759 750
1760 736
1761 741
1762 746
1763 751
1764 733
1765 738
1766 743
1767 744
1768 737
1769 742
1770 735
1771 736
1772 739
1773 742
1774 747
1775 750
1776 739
1777 746
1778 747
1779 753
1780 750
1781 755
1782 744
1783 751
1784 752
1785 745
1786 746
1787 753
1788 750
1789 757
1790 758
1791 761
1792 752
1793 757
1794 751
1795 756
1796 759
1797 764
1798 765
1799 770
1800 743
1801 750
1802 751
1803 756
1804 753
1805 756
1806 749
1807 754
1808 754
1809 755
1810 756
1811 763
1812 760
1813 763
1814 768
1815 765
1816 766
1817 771
1818 768
1819 773
1820 759
1821 764
1822 769
1823 776
1824 761
1825 764
1826 765
1827 762
1828 765
1829 770
1830 763
1831 770
1832 772
1833 773
1834 774
1835 779
1836 764
1837 769
1838 774
1839 779
1840 768
1841 773
1842 775
1843 780
1844 783
1845 780
1846 781
1847 788
1848 765
1849 771
1850 768
1851 773
1852 776
1853 782
1854 779
1855 780
1856 775
1857 780
1858 785
1859 788
1860 773
1861 780
1862 778
1863 777
1864 778
1865 783
1866 784
1867 791
1868 794
1869 795
1870 788
1871 796
1872 775
1873 782
1874 787
1875 786
1876 783
1877 790
1878 791
1879 798
1880 792
1881 789
1882 794
1883 799
1884 796
1885 797
1886 798
1887 799
1888 796
1889 804
1890 781
1891 786
1892 783
1893 788
1894 793
1895 798
1896 791
1897 797
1898 798
1899 801
1900 792
1901 799
1902 800
1903 805
1904 794
1905 796
1906 801
1907 808
1908 799
1909 804
1910 805
1911 802
1912 804
1913 811
1914 804
1915 809
1916 812
1917 813
1918 814
1919 819
1920 797
1921 802
1922 805
1923 810
1924 807
1925 804
1926 801
1927 807
1928 808
1929 813
1930 814
1931 821
1932 806
1933 813
1934 819
1935 816
1936 810
1937 815
1938 808
1939 813
1940 810
1941 816
1942 821
1943 826
1944 811
1945 816
1946 817
1947 819
1948 822
1949 829
1950 814
1951 821
1952 818
1953 815
1954 821
1955 822
1956 819
1957 824
1958 825
1959 830
1960 816
1961 821
1962 818
1963 823
1964 826
1965 827
1966 832
1967 838
1968 827
1969 832
1970 833
1971 834
1972 831
1973 839
1974 832
1975 835
1976 828
1977 833
1978 834
1979 842
1980 815
1981 820
1982 825
1983 830
1984 825
1985 831
1986 832
1987 839
1988 836
1989 833
1990 834
1991 840
1992 833
1993 840
1994 845
1995 838
1996 842
1997 849
1998 842
1999 849
2000 838
2001 839
2002 833
2003 840
2004 837
2005 842
2006 843
2007 846
2008 848
2009 851
2010 844
2011 851
2012 854
2013 856
2014 857
2015 858
2016 831
2017 838
2018 844
2019 849
2020 846
2021 851
2022 852
2023 855
2024 849
2025 843
2026 848
2027 855
2028 846
2029 854
2030 847
2031 852
2032 851
2033 856
2034 854
2035 855
2036 858
2037 859
2038 864
2039 872
2040 849
2041 854
2042 859
2043 862
2044 860
2045 865
2046 858
2047 863
2048 860
2049 866
2050 863
2051 868
2052 853
2053 860
2054 862
2055 863
2056 864
2057 867
2058 860
2059 866
2060 863
2061 866
2062 871
2063 878
2064 868
2065 869
2066 874
2067 875
2068 872
2069 880
2070 865
2071 870
2072 863
2073 869
2074 870
2075 873
2076 870
2077 875
2078 881
2079 874
2080 859
2081 866
2082 868
2083 875
2084 878
2085 879
2086 880
2087 888
2088 873
2089 880
2090 873
2091 874
2092 878
2093 879
2094 880
2095 885
2096 885
2097 888
2098 893
2099 900
2100 874
2101 879
2102 884
2103 889
2104 890
2105 896
2106 885
2107 888
2108 885
2109 887
2110 888
2111 895
2112 876
2113 883
2114 885
2115 882
2116 882
2117 887
2118 889
2119 894
2120 887
2121 888
2122 894
2123 899
2124 890
2125 891
2126 897
2127 902
2128 891
2129 898
2130 892
2131 899
2132 896
2133 897
2134 898
2135 900
2136 893
2137 900
2138 905
2139 907
2140 904
2141 911
2142 896
2143 904
2144 901
2145 894
2146 895
2147 901
2148 898
2149 903
2150 900
2151 904
2152 905
2153 912
2154 913
2155 919
2156 910
2157 915
2158 916
2159 922
2160 891
2161 898
2162 899
2163 901
2164 904
2165 909
2166 907
2167 912
2168 913
2169 916
2170 910
2171 915
2172 912
2173 917
2174 923
2175 920
2176 913
2177 918
2178 910
2179 917
2180 914
2181 919
2182 925
2183 930
2184 907
2185 908
2186 914
2187 915
2188 918
2189 924
2190 917
2191 922
2192 921
2193 923
2194 928
2195 933
2196 924
2197 930
2198 931
2199 936
2200 922
2201 927
2202 928
2203 935
2204 933
2205 924
2206 929
2207 936
2208 922
2209 928
2210 921
2211 923
2212 920
2213 927
2214 920
2215 926
2216 927
2217 932
2218 938
2219 943
2220 928
2221 935
2222 937
2223 934
2224 933
2225 937
2226 930
2227 935
2228 938
2229 944
2230 945
2231 950
2232 936
2233 937
2234 942
2235 943
2236 941
2237 948
2238 949
2239 957
2240 938
2241 939
2242 940
2243 948
2244 933
2245 938
2246 944
2247 945
2248 946
2249 951
2250 937
2251 944
2252 947
2253 953
2254 950
2255 951
2256 941
2257 946
2258 951
2259 954
2260 952
2261 953
2262 946
2263 952
2264 953
2265 954
2266 956
2267 963
2268 942
2269 949
2270 951
2271 956
2272 953
2273 961
2274 962
2275 959
2276 963
2277 960
2278 961
2279 967
2280 944
2281 951
2282 952
2283 958
2284 961
2285 966
2286 964
2287 971
2288 960
2289 962
2290 963
2291 968
2292 966
2293 973
2294 974
2295 968
2296 961
2297 968
2298 969
2299 973
2300 964
2301 965
2302 971
2303 974
2304 956
2305 962
2306 967
2307 972
2308 976
2309 983
2310 960
2311 968
2312 965
2313 968
2314 970
2315 975
2316 972
2317 978
2318 979
2319 984
2320 974
2321 979
2322 972
2323 978
2324 975
2325 972
2326 978
2327 983
2328 976
2329 982
2330 983
2331 980
2332 978
2333 985
2334 986
2335 992
2336 989
2337 990
2338 992
2339 999
2340 972
2341 980
2342 985
2343 986
2344 988
2345 989
2346 982
2347 990
2348 993
2349 992
2350 990
2351 997
2352 976
2353 982
2354 983
2355 984
2356 982
2357 989
2358 986
2359 992
2360 985
2361 990
2362 996
2363 1001
2364 998
2365 1000
2366 997
2367 1000
2368 996
2369 1001
2370 994
2371 1002
2372 1005
2373 1006
2374 1012
2375 1013
2376 991
2377 998
2378 999
2379 1001
2380 986
2381 993
2382 995
2383 1002
2384 1001
2385 999
2386 1004
2387 1005
2388 1003
2389 1010
2390 1011
2391 1017
2392 1010
2393 1018
2394 1003
2395 1008
2396 1012
2397 1013
2398 1014
2399 1022
2400 995
2401 999
2402 1005
2403 1006
2404 1010
2405 1011
2406 1012
2407 1018
2408 1011
2409 1012
2410 1014
2411 1021
2412 1012
2413 1018
2414 1019
2415 1013
2416 1012
2417 1019
2418 1013
2419 1018
2420 1009
2421 1013
2422 1014
2423 1021
2424 1015
2425 1018
2426 1024
2427 1029
2428 1032
2429 1038
2430 1023
2431 1024
2432 1018
2433 1023
2434 1029
2435 1034
2436 1019
2437 1027
2438 1028
2439 1031
2440 1025
2441 1032
2442 1026
2443 1031
2444 1028
2445 1030
2446 1035
2447 1042
2448 1022
2449 1027
2450 1019
2451 1020
2452 1023
2453 1029
2454 1030
2455 1036
2456 1037
2457 1030
2458 1036
2459 1043
2460 1028
2461 1034
2462 1039
2463 1045
2464 1030
2465 1031
2466 1029
2467 1036
2468 1040
2469 1045
2470 1038
2471 1044
2472 1037
2473 1044
2474 1050
2475 1041
2476 1045
2477 1052
2478 1045
2479 1051
2480 1040
2481 1046
2482 1047
2483 1052
2484 1038
2485 1039
2486 1041
2487 1046
2488 1047
2489 1053
2490 1046
2491 1052
2492 1049
2493 1052
2494 1054
2495 1059
2496 1041
2497 1046
2498 1051
2499 1049
2500 1043
2501 1049
2502 1046
2503 1053
2504 1055
2505 1056
2506 1058
2507 1063
2508 1048
2509 1054
2510 1055
2511 1055
2512 1054
2513 1059
2514 1061
2515 1066
2516 1064
2517 1069
2518 1074
2519 1080
2520 1041
2521 1049
2522 1050
2523 1053
2524 1057
2525 1060
2526 1062
2527 1065
2528 1063
2529 1066
2530 1059
2531 1067
2532 1064
2533 1070
2534 1071
2535 1068
2536 1070
2537 1075
2538 1069
2539 1076
2540 1074
2541 1071
2542 1072
2543 1080
2544 1069
2545 1075
2546 1076
2547 1079
2548 1071
2549 1078
2550 1064
2551 1071
2552 1065
2553 1066
2554 1071
2555 1073
2556 1064
2557 1072
2558 1077
2559 1083
2560 1072
2561 1077
2562 1071
2563 1076
2564 1080
2565 1073
2566 1079
2567 1084
2568 1077
2569 1083
2570 1084
2571 1090
2572 1093
2573 1099
2574 1084
2575 1087
2576 1077
2577 1082
2578 1088
2579 1095
2580 1081
2581 1086
2582 1091
2583 1089
2584 1082
2585 1084
2586 1085
2587 1091
2588 1094
2589 1099
2590 1093
2591 1100
2592 1080
2593 1087
2594 1093
2595 1094
2596 1091
2597 1095
2598 1096
2599 1102
2600 1087
2601 1088
2602 1093
2603 1099
2604 1084
2605 1089
2606 1095
2607 1096
2608 1096
2609 1103
2610 1089
2611 1094
2612 1098
2613 1099
2614 1104
2615 1110
2616 1103
2617 1111
2618 1104
2619 1106
2620 1103
2621 1111
2622 1104
2623 1109
2624 1105
2625 1098
2626 1100
2627 1105
2628 1097
2629 1102
2630 1104
2631 1109
2632 1103
2633 1110
2634 1111
2635 1113
2636 1116
2637 1120
2638 1125
2639 1127
2640 1096
2641 1102
2642 1107
2643 1113
2644 1116
2645 1119
2646 1105
2647 1112
2648 1114
2649 1119
2650 1117
2651 1122
2652 1108
2653 1113
2654 1119
2655 1116
2656 1114
2657 1121
2658 1122
2659 1130
2660 1115
2661 1121
2662 1122
2663 1130
2664 1115
2665 1117
2666 1118
2667 1120
2668 1117
2669 1123
2670 1116
2671 1123
2672 1123
2673 1120
2674 1122
2675 1125
2676 1123
2677 1130
2678 1132
2679 1133
2680 1127
2681 1132
2682 1130
2683 1137
2684 1135
2685 1136
2686 1138
2687 1145
2688 1122
2689 1130
2690 1131
2691 1129
2692 1132
2693 1140
2694 1141
2695 1139
2696 1140
2697 1142
2698 1143
2699 1151
2700 1124
2701 1130
2702 1131
2703 1133
2704 1127
2705 1133
2706 1126
2707 1134
2708 1137
2709 1135
2710 1136
2711 1143
2712 1137
2713 1144
2714 1146
2715 1147
2716 1145
2717 1146
2718 1144
2719 1151
2720 1137
2721 1142
2722 1148
2723 1153
2724 1151
2725 1154
2726 1156
2727 1157
2728 1151
2729 1158
2730 1136
2731 1143
2732 1147
2733 1152
2734 1158
2735 1163
2736 1143
2737 1144
2738 1148
2739 1149
2740 1147
2741 1154
2742 1156
2743 1161
2744 1155
2745 1152
2746 1158
2747 1163
2748 1161
2749 1168
2750 1162
2751 1163
2752 1159
2753 1166
2754 1156
2755 1157
2756 1155
2757 1160
2758 1162
2759 1167
2760 1145
2761 1150
2762 1156
2763 1159
2764 1163
2765 1164
2766 1166
2767 1173
2768 1173
2769 1174
2770 1176
2771 1181
2772 1155
2773 1160
2774 1162
2775 1159
2776 1161
2777 1168
2778 1170
2779 1175
2780 1173
2781 1174
2782 1176
2783 1179
2784 1165
2785 1170
2786 1172
2787 1177
2788 1175
2789 1182
2790 1168
2791 1175
2792 1177
2793 1174
2794 1176
2795 1177
2796 1175
2797 1182
2798 1188
2799 1191
2800 1171
2801 1178
2802 1180
2803 1187
2804 1191
2805 1184
2806 1186
2807 1191
2808 1169
2809 1175
2810 1177
2811 1183
2812 1180
2813 1186
2814 1179
2815 1185
2816 1176
2817 1180
2818 1185
2819 1193
2820 1178
2821 1180
2822 1181
2823 1187
2824 1188
2825 1192
2826 1189
2827 1195
2828 1192
2829 1194
2830 1195
2831 1201
2832 1191
2833 1198
2834 1200
2835 1189
2836 1193
2837 1200
2838 1194
2839 1199
2840 1193
2841 1198
2842 1196
2843 1203
2844 1195
2845 1200
2846 1206
2847 1207
2848 1205
2849 1206
2850 1192
2851 1200
2852 1197
2853 1201
2854 1206
2855 1212
2856 1189
2857 1197
2858 1202
2859 1208
2860 1193
2861 1201
2862 1194
2863 1200
2864 1200
2865 1201
2866 1207
2867 1212
2868 1210
2869 1215
2870 1209
2871 1206
2872 1208
2873 1211
2874 1213
2875 1214
2876 1218
2877 1220
2878 1225
2879 1233
2880 1200
2881 1206
2882 1207
2883 1211
2884 1208
2885 1214
2886 1207
2887 1215
2888 1213
2889 1214
2890 1212
2891 1215
2892 1213
2893 1218
2894 1224
2895 1225
2896 1225
2897 1232
2898 1218
2899 1224
2900 1215
2901 1221
2902 1226
2903 1234
2904 1219
2905 1221
2906 1226
2907 1224
2908 1227
2909 1235
2910 1229
2911 1234
2912 1220
2913 1225
2914 1227
2915 1228
2916 1217
2917 1224
2918 1230
2919 1232
2920 1225
2921 1231
2922 1232
2923 1238
2924 1235
2925 1227
2926 1220
2927 1228
2928 1218
2929 1223
2930 1225
2931 1230
2932 1234
2933 1239
2934 1237
2935 1243
2936 1244
2937 1246
2938 1247
2939 1255
2940 1228
2941 1234
2942 1239
2943 1241
2944 1235
2945 1236
2946 1238
2947 1243
2948 1241
2949 1246
2950 1244
2951 1250
2952 1235
2953 1243
2954 1244
2955 1246
2956 1249
2957 1257
2958 1251
2959 1256
2960 1246
2961 1243
2962 1249
2963 1256
2964 1242
2965 1248
2966 1253
2967 1255
2968 1248
2969 1256
2970 1233
2971 1241
2972 1245
2973 1250
2974 1256
2975 1253
2976 1239
2977 1244
2978 1250
2979 1254
2980 1251
2981 1257
2982 1250
2983 1256
2984 1257
2985 1259
2986 1265
2987 1270
2988 1262
2989 1265
2990 1259
2991 1265
2992 1254
2993 1260
2994 1261
2995 1267
2996 1264
2997 1264
2998 1270
2999 1277
3000 1255
3001 1262
3002 1264
3003 1258
3004 1261
3005 1267
3006 1264
3007 1270
3008 1265
3009 1267
3010 1261
3011 1268
3012 1266
3013 1271
3014 1273
3015 1271
3016 1264
3017 1270
3018 1271
3019 1279
3020 1276
3021 1278
3022 1284
3023 1291
3024 1261
3025 1261
3026 1263
3027 1269
3028 1272
3029 1278
3030 1271
3031 1277
3032 1279
3033 1282
3034 1284
3035 1289
3036 1275
3037 1283
3038 1280
3039 1286
3040 1271
3041 1279
3042 1271
3043 1276
3044 1280
3045 1273
3046 1279
3047 1285
3048 1278
3049 1286
3050 1283
3051 1285
3052 1283
3053 1288
3054 1290
3055 1291
3056 1291
3057 1297
3058 1298
3059 1300
3060 1273
3061 1281
3062 1287
3063 1292
3064 1294
3065 1299
3066 1293
3067 1301
3068 1298
3069 1296
3070 1297
3071 1303
3072 1291
3073 1296
3074 1298
3075 1295
3076 1299
3077 1305
3078 1294
3079 1302
3080 1279
3081 1281
3082 1283
3083 1290
3084 1288
3085 1294
3086 1299
3087 1297
3088 1296
3089 1304
3090 1298
3091 1303
3092 1307
3093 1312
3094 1306
3095 1312
3096 1297
3097 1303
3098 1309
3099 1314
3100 1306
3101 1311
3102 1305
3103 1311
3104 1308
3105 1302
3106 1307
3107 1313
3108 1299
3109 1306
3110 1308
3111 1310
3112 1311
3113 1317
3114 1314
3115 1316
3116 1314
3117 1319
3118 1325
3119 1333
3120 1302
3121 1310
3122 1311
3123 1315
3124 1313
3125 1316
3126 1318
3127 1324
3128 1317
3129 1319
3130 1320
3131 1326
3132 1312
3133 1317
3134 1323
3135 1317
3136 1305
3137 1313
3138 1314
3139 1320
3140 1318
3141 1321
3142 1327
3143 1333
3144 1326
3145 1328
3146 1325
3147 1331
3148 1335
3149 1340
3150 1314
3151 1320
3152 1319
3153 1325
3154 1327
3155 1332
3156 1330
3157 1331
3158 1337
3159 1335
3160 1328
3161 1334
3162 1328
3163 1335
3164 1333
3165 1334
3166 1340
3167 1348
3168 1321
3169 1329
3170 1331
3171 1332
3172 1330
3173 1336
3174 1333
3175 1337
3176 1339
3177 1342
3178 1344
3179 1347
3180 1333
3181 1341
3182 1342
3183 1348
3184 1348
3185 1345
3186 1339
3187 1347
3188 1350
3189 1356
3190 1350
3191 1357
3192 1335
3193 1340
3194 1346
3195 1344
3196 1341
3197 1347
3198 1341
3199 1346
3200 1332
3201 1334
3202 1339
3203 1347
3204 1339
3205 1344
3206 1346
3207 1352
3208 1353
3209 1361
3210 1354
3211 1358
3212 1356
3213 1349
3214 1355
3215 1361
3216 1350
3217 1358
3218 1364
3219 1365
3220 1351
3221 1359
3222 1356
3223 1362
3224 1356
3225 1353
3226 1359
3227 1365
3228 1362
3229 1370
3230 1364
3231 1367
3232 1365
3233 1371
3234 1356
3235 1362
3236 1366
3237 1367
3238 1373
3239 1379
3240 1348
3241 1354
3242 1359
3243 1361
3244 1365
3245 1366
3246 1368
3247 1374
3248 1363
3249 1364
3250 1358
3251 1365
3252 1363
3253 1371
3254 1376
3255 1370
3256 1364
3257 1371
3258 1369
3259 1377
3260 1374
3261 1380
3262 1382
3263 1387
3264 1369
3265 1375
3266 1376
3267 1374
3268 1372
3269 1377
3270 1371
3271 1379
3272 1380
3273 1386
3274 1392
3275 1395
3276 1369
3277 1375
3278 1376
3279 1382
3280 1372
3281 1378
3282 1379
3283 1383
3284 1387
3285 1384
3286 1386
3287 1392
3288 1385
3289 1387
3290 1381
3291 1386
3292 1390
3293 1396
3294 1389
3295 1395
3296 1393
3297 1394
3298 1396
3299 1404
3300 1377
3301 1385
3302 1387
3303 1390
3304 1384
3305 1390
3306 1383
3307 1391
3308 1395
3309 1400
3310 1402
3311 1404
3312 1384
3313 1391
3314 1397
3315 1391
3316 1394
3317 1400
3318 1394
3319 1401
3320 1395
3321 1395
3322 1396
3323 1404
3324 1402
3325 1399
3326 1405
3327 1411
3328 1402
3329 1410
3330 1396
3331 1404
3332 1395
3333 1397
3334 1403
3335 1404
3336 1398
3337 1404
3338 1409
3339 1407
3340 1405
3341 1410
3342 1412
3343 1420
3344 1410
3345 1411
3346 1413
3347 1421
3348 1406
3349 1412
3350 1410
3351 1415
3352 1417
3353 1423
3354 1416
3355 1418
3356 1422
3357 1426
3358 1427
3359 1435
3360 1397
3361 1404
3362 1408
3363 1410
3364 1410
3365 1416
3366 1402
3367 1404
3368 1405
3369 1411
3370 1413
3371 1420
3372 1418
3373 1426
3374 1427
3375 1421
3376 1421
3377 1427
3378 1428
3379 1434
3380 1426
3381 1423
3382 1425
3383 1431
3384 1416
3385 1422
3386 1428
3387 1434
3388 1425
3389 1433
3390 1427
3391 1434
3392 1430
3393 1428
3394 1433
3395 1435
3396 1433
3397 1439
3398 1444
3399 1446
3400 1432
3401 1437
3402 1423
3403 1429
3404 1427
3405 1428
3406 1430
3407 1438
3408 1427
3409 1433
3410 1427
3411 1431
3412 1434
3413 1442
3414 1444
3415 1449
3416 1443
3417 1445
3418 1451
3419 1456
3420 1430
3421 1436
3422 1437
3423 1439
3424 1437
3425 1441
3426 1442
3427 1448
3428 1452
3429 1453
3430 1447
3431 1453
3432 1431
3433 1438
3434 1440
3435 1442
3436 1445
3437 1451
3438 1449
3439 1455
3440 1444
3441 1446
3442 1452
3443 1457
3444 1443
3445 1445
3446 1451
3447 1454
3448 1456
3449 1464
3450 1450
3451 1451
3452 1455
3453 1461
3454 1462
3455 1468
3456 1446
3457 1454
3458 1447
3459 1453
3460 1451
3461 1459
3462 1460
3463 1468
3464 1470
3465 1455
3466 1461
3467 1469
3468 1461
3469 1468
3470 1470
3471 1472
3472 1462
3473 1467
3474 1465
3475 1469
3476 1466
3477 1468
3478 1470
3479 1474
3480 1451
3481 1458
3482 1464
3483 1464
3484 1461
3485 1463
3486 1457
3487 1463
3488 1460
3489 1466
3490 1468
3491 1475
3492 1467
3493 1473
3494 1479
3495 1480
3496 1474
3497 1480
3498 1474
3499 1481
3500 1467
3501 1471
3502 1473
3503 1478
3504 1468
3505 1474
3506 1480
3507 1481
3508 1485
3509 1489
3510 1466
3511 1474
3512 1476
3513 1482
3514 1483
3515 1485
3516 1483
3517 1491
3518 1496
3519 1494
3520 1476
3521 1482
3522 1483
3523 1489
3524 1493
3525 1491
3526 1492
3527 1500
3528 1474
3529 1482
3530 1483
3531 1485
3532 1489
3533 1497
3534 1490
3535 1492
3536 1482
3537 1484
3538 1485
3539 1493
3540 1479
3541 1487
3542 1480
3543 1486
3544 1488
3545 1494
3546 1491
3547 1499
3548 1503
3549 1501
3550 1498
3551 1504
3552 1490
3553 1492
3554 1497
3555 1495
3556 1493
3557 1501
3558 1502
3559 1510
3560 1504
3561 1510
3562 1511
3563 1517
3564 1497
3565 1499
3566 1504
3567 1506
3568 1506
3569 1512
3570 1489
3571 1497
3572 1495
3573 1499
3574 1504
3575 1502
3576 1496
3577 1500
3578 1505
3579 1511
3580 1509
3581 1517
3582 1515
3583 1522
3584 1512
3585 1514
3586 1516
3587 1521
3588 1507
3589 1513
3590 1515
3591 1508
3592 1510
3593 1518
3594 1520
3595 1525
3596 1523
3597 1525
3598 1527
3599 1532
3600 1497
3601 1503
3602 1509
3603 1515
3604 1512
3605 1514
3606 1516
3607 1524
3608 1517
3609 1521
3610 1519
3611 1525
3612 1510
3613 1518
3614 1520
3615 1522
3616 1520
3617 1527
3618 1521
3619 1523
3620 1521
3621 1522
3622 1528
3623 1536
3624 1530
3625 1531
3626 1529
3627 1527
3628 1531
3629 1537
3630 1522
3631 1530
3632 1530
3633 1532
3634 1533
3635 1539
3636 1531
3637 1539
3638 1541
3639 1546
3640 1524
3641 1530
3642 1532
3643 1539
3644 1543
3645 1539
3646 1545
3647 1551
3648 1532
3649 1538
3650 1536
3651 1542
3652 1539
3653 1545
3654 1531
3655 1533
3656 1535
3657 1536
3658 1538
3659 1546
3660 1532
3661 1537
3662 1543
3663 1541
3664 1541
3665 1547
3666 1540
3667 1546
3668 1544
3669 1550
3670 1552
3671 1559
3672 1537
3673 1545
3674 1547
3675 1538
3676 1542
3677 1550
3678 1552
3679 1558
3680 1543
3681 1547
3682 1549
3683 1555
3684 1553
3685 1554
3686 1556
3687 1562
3688 1564
3689 1566
3690 1551
3691 1559
3692 1557
3693 1563
3694 1568
3695 1574
3696 1544
3697 1552
3698 1556
3699 1557
3700 1549
3701 1557
3702 1559
3703 1563
3704 1564
3705 1558
3706 1560
3707 1566
3708 1558
3709 1565
3710 1559
3711 1565
3712 1559
3713 1565
3714 1566
3715 1572
3716 1576
3717 1574
3718 1572
3719 1579
3720 1557
3721 1564
3722 1570
3723 1572
3724 1563
3725 1567
3726 1557
3727 1565
3728 1565
3729 1566
3730 1568
3731 1570
3732 1568
3733 1576
3734 1581
3735 1579
3736 1581
3737 1587
3738 1581
3739 1588
3740 1574
3741 1576
3742 1582
3743 1588
3744 1561
3745 1563
3746 1569
3747 1575
3748 1579
3749 1584
3750 1574
3751 1578
3752 1572
3753 1574
3754 1579
3755 1585
3756 1583
3757 1587
3758 1593
3759 1594
3760 1584
3761 1592
3762 1578
3763 1584
3764 1588
3765 1589
3766 1591
3767 1599
3768 1593
3769 1601
3770 1594
3771 1598
3772 1596
3773 1598
3774 1592
3775 1595
3776 1591
3777 1597
3778 1603
3779 1611
3780 1573
3781 1578
3782 1580
3783 1582
3784 1576
3785 1582
3786 1583
3787 1589
3788 1593
3789 1597
3790 1599
3791 1605
3792 1594
3793 1602
3794 1604
3795 1598
3796 1596
3797 1603
3798 1601
3799 1607
3800 1593
3801 1595
3802 1601
3803 1608
3804 1606
3805 1612
3806 1614
3807 1614
3808 1599
3809 1605
3810 1599
3811 1605
3812 1609
3813 1611
3814 1616
3815 1618
3816 1604
3817 1610
3818 1612
3819 1614
3820 1611
3821 1619
3822 1605
3823 1613
3824 1613
3825 1604
3826 1610
3827 1616
3828 1602
3829 1608
3830 1610
3831 1615
3832 1617
3833 1625
3834 1619
3835 1621
3836 1619
3837 1624
3838 1626
3839 1632
3840 1606
3841 1612
3842 1614
3843 1611
3844 1612
3845 1618
3846 1620
3847 1628
3848 1622
3849 1627
3850 1613
3851 1621
3852 1613
3853 1621
3854 1623
3855 1624
3856 1624
3857 1626
3858 1628
3859 1634
3860 1632
3861 1625
3862 1631
3863 1639
3864 1617
3865 1623
3866 1629
3867 1634
3868 1638
3869 1644
3870 1630
3871 1634
3872 1626
3873 1631
3874 1633
3875 1635
3876 1621
3877 1629
3878 1631
3879 1634
3880 1628
3881 1636
3882 1638
3883 1644
3884 1648
3885 1642
3886 1643
3887 1647
3888 1627
3889 1635
3890 1637
3891 1643
3892 1640
3893 1646
3894 1640
3895 1642
3896 1644
3897 1648
3898 1654
3899 1659
3900 1633
3901 1639
3902 1645
3903 1651
3904 1647
3905 1648
3906 1634
3907 1642
3908 1646
3909 1652
3910 1646
3911 1654
3912 1647
3913 1649
3914 1651
3915 1645
3916 1643
3917 1651
3918 1652
3919 1660
3920 1640
3921 1646
3922 1648
3923 1656
3924 1648
3925 1651
3926 1653
3927 1647
3928 1649
3929 1657
3930 1651
3931 1659
3932 1662
3933 1660
3934 1662
3935 1668
3936 1654
3937 1660
3938 1662
3939 1663
3940 1661
3941 1667
3942 1661
3943 1669
3944 1663
3945 1665
3946 1670
3947 1678
3948 1664
3949 1670
3950 1668
3951 1672
3952 1662
3953 1667
3954 1669
3955 1671
3956 1669
3957 1675
3958 1681
3959 1687
3960 1648
3961 1654
3962 1656
3963 1662
3964 1666
3965 1668
3966 1670
3967 1677
3968 1671
3969 1666
3970 1668
3971 1672
3972 1670
3973 1676
3974 1681
3975 1679
3976 1673
3977 1679
3978 1665
3979 1671
3980 1669
3981 1675
3982 1676
3983 1682
3984 1672
3985 1678
3986 1684
3987 1688
3988 1692
3989 1699
3990 1677
3991 1683
3992 1685
3993 1687
3994 1693
3995 1695
3996 1681
3997 1686
3998 1692
3999 1694
4000 1680
4001 1688
4002 1682
4003 1690
4004 1676
4005 1673
4006 1679
4007 1687
4008 1681
4009 1687
4010 1689
4011 1691
4012 1689
4013 1696
4014 1694
4015 1696
4016 1696
4017 1698
4018 1696
4019 1704
4020 1690
4021 1697
4022 1703
4023 1705
4024 1707
4025 1705
4026 1699
4027 1707
4028 1705
4029 1706
4030 1700
4031 1706
4032 1674
4033 1680
4034 1686
4035 1688
4036 1692
4037 1697
4038 1699
4039 1705
4040 1699
4041 1703
4042 1705
4043 1711
4044 1709
4045 1715
4046 1712
4047 1714
4048 1704
4049 1712
4050 1692
4051 1700
4052 1704
4053 1706
4054 1711
4055 1717
4056 1703
4057 1711
4058 1717
4059 1715
4060 1701
4061 1707
4062 1709
4063 1714
4064 1712
4065 1714
4066 1716
4067 1720
4068 1712
4069 1718
4070 1712
4071 1714
4072 1715
4073 1723
4074 1717
4075 1721
4076 1725
4077 1727
4078 1733
4079 1741
4080 1711
4081 1712
4082 1714
4083 1720
4084 1724
4085 1726
4086 1724
4087 1730
4088 1724
4089 1726
4090 1727
4091 1735
4092 1721
4093 1729
4094 1731
4095 1717
4096 1714
4097 1720
4098 1722
4099 1730
4100 1721
4101 1727
4102 1729
4103 1735
4104 1713
4105 1719
4106 1725
4107 1729
4108 1727
4109 1733
4110 1726
4111 1734
4112 1734
4113 1738
4114 1736
4115 1742
4116 1728
4117 1734
4118 1736
4119 1741
4120 1735
4121 1741
4122 1739
4123 1741
4124 1745
4125 1739
4126 1745
4127 1753
4128 1739
4129 1747
4130 1740
4131 1738
4132 1742
4133 1750
4134 1744
4135 1750
4136 1744
4137 1746
4138 1752
4139 1760
4140 1733
4141 1739
4142 1741
4143 1747
4144 1737
4145 1743
4146 1745
4147 1747
4148 1745
4149 1749
4150 1747
4151 1752
4152 1746
4153 1754
4154 1756
4155 1758
4156 1762
4157 1770
4158 1748
4159 1756
4160 1738
4161 1740
4162 1745
4163 1751
4164 1749
4165 1747
4166 1753
4167 1757
4168 1759
4169 1765
4170 1759
4171 1765
4172 1763
4173 1764
4174 1770
4175 1774
4176 1754
4177 1762
4178 1768
4179 1770
4180 1756
4181 1762
4182 1756
4183 1762
4184 1764
4185 1757
4186 1751
4187 1757
4188 1755
4189 1761
4190 1763
4191 1765
4192 1763
4193 1769
4194 1767
4195 1773
4196 1777
4197 1782
4198 1788
4199 1790
4200 1752
4201 1760
4202 1762
4203 1766
4204 1770
4205 1774
4206 1776
4207 1782
4208 1782
4209 1784
4210 1785
4211 1793
4212 1773
4213 1779
4214 1777
4215 1779
4216 1773
4217 1781
4218 1775
4219 1783
4220 1781
4221 1779
4222 1785
4223 1790
4224 1768
4225 1769
4226 1775
4227 1781
4228 1779
4229 1787
4230 1773
4231 1781
4232 1779
4233 1781
4234 1783
4235 1781
4236 1779
4237 1784
4238 1786
4239 1788
4240 1778
4241 1786
4242 1780
4243 1788
4244 1792
4245 1794
4246 1796
4247 1802
4248 1788
4249 1794
4250 1788
4251 1789
4252 1793
4253 1801
4254 1803
4255 1805
4256 1791
4257 1789
4258 1795
4259 1803
4260 1789
4261 1797
4262 1803
4263 1801
4264 1795
4265 1801
4266 1794
4267 1800
4268 1798
4269 1804
4270 1798
4271 1806
4272 1796
4273 1804
4274 1810
4275 1802
4276 1806
4277 1808
4278 1802
4279 1808
4280 1802
4281 1808
4282 1813
4283 1821
4284 1795
4285 1801
4286 1807
4287 1813
4288 1809
4289 1817
4290 1795
4291 1801
4292 1799
4293 1799
4294 1801
4295 1807
4296 1801
4297 1809
4298 1811
4299 1816
4300 1808
4301 1810
4302 1808
4303 1814
4304 1814
4305 1808
4306 1814
4307 1820
4308 1818
4309 1824
4310 1826
4311 1830
4312 1816
4313 1822
4314 1824
4315 1830
4316 1828
4317 1833
4318 1835
4319 1841
4320 1803
4321 1809
4322 1815
4323 1817
4324 1815
4325 1819
4326 1813
4327 1821
4328 1823
4329 1821
4330 1823
4331 1829
4332 1821
4333 1827
4334 1829
4335 1827
4336 1827
4337 1834
4338 1832
4339 1840
4340 1826
4341 1832
4342 1834
4343 1840
4344 1834
4345 1836
4346 1838
4347 1832
4348 1836
4349 1844
4350 1830
4351 1836
4352 1828
4353 1834
4354 1836
4355 1838
4356 1821
4357 1829
4358 1835
4359 1840
4360 1834
4361 1838
4362 1840
4363 1848
4364 1852
4365 1850
4366 1852
4367 1858
4368 1828
4369 1834
4370 1828
4371 1830
4372 1834
4373 1842
4374 1836
4375 1836
4376 1838
4377 1844
4378 1846
4379 1852
4380 1838
4381 1844
4382 1846
4383 1850
4384 1847
4385 1853
4386 1847
4387 1853
4388 1857
4389 1851
4390 1853
4391 1861
4392 1847
4393 1853
4394 1855
4395 1857
4396 1855
4397 1863
4398 1865
4399 1871
4400 1851
4401 1853
4402 1855
4403 1857
4404 1855
4405 1861
4406 1867
4407 1869
4408 1863
4409 1871
4410 1845
4411 1851
4412 1855
4413 1861
4414 1866
4415 1872
4416 1854
4417 1860
4418 1864
4419 1868
4420 1854
4421 1862
4422 1856
4423 1864
4424 1858
4425 1856
4426 1862
4427 1868
4428 1854
4429 1860
4430 1862
4431 1864
4432 1864
4433 1866
4434 1868
4435 1874
4436 1878
4437 1876
4438 1878
4439 1884
4440 1862
4441 1870
4442 1876
4443 1882
4444 1880
4445 1882
4446 1868
4447 1876
4448 1874
4449 1880
4450 1878
4451 1886
4452 1872
4453 1877
4454 1879
4455 1869
4456 1871
4457 1879
4458 1881
4459 1883
4460 1881
4461 1887
4462 1889
4463 1897
4464 1877
4465 1879
4466 1873
4467 1879
4468 1883
4469 1889
4470 1883
4471 1889
4472 1883
4473 1881
4474 1887
4475 1891
4476 1889
4477 1893
4478 1899
4479 1905
4480 1883
4481 1891
4482 1885
4483 1893
4484 1891
4485 1885
4486 1891
4487 1897
4488 1875
4489 1882
4490 1884
4491 1888
4492 1892
4493 1900
4494 1894
4495 1896
4496 1896
4497 1902
4498 1904
4499 1910
4500 1884
4501 1890
4502 1896
4503 1898
4504 1900
4505 1902
4506 1904
4507 1912
4508 1904
4509 1906
4510 1900
4511 1906
4512 1892
4513 1900
4514 1902
4515 1896
4516 1900
4517 1908
4518 1906
4519 1914
4520 1908
4521 1910
4522 1904
4523 1912
4524 1898
4525 1902
4526 1904
4527 1908
4528 1907
4529 1913
4530 1907
4531 1913
4532 1911
4533 1917
4534 1923
4535 1929
4536 1899
4537 1905
4538 1911
4539 1913
4540 1911
4541 1917
4542 1919
4543 1921
4544 1917
4545 1915
4546 1921
4547 1929
4548 1927
4549 1935
4550 1921
4551 1923
4552 1925
4553 1931
4554 1917
4555 1923
4556 1921
4557 1919
4558 1921
4559 1927
4560 1897
4561 1905
4562 1911
4563 1909
4564 1907
4565 1909
4566 1911
4567 1919
4568 1921
4569 1927
4570 1929
4571 1935
4572 1928
4573 1934
4574 1940
4575 1938
4576 1924
4577 1930
4578 1924
4579 1930
4580 1928
4581 1932
4582 1934
4583 1942
4584 1936
4585 1938
4586 1944
4587 1946
4588 1944
4589 1950
4590 1928
4591 1936
4592 1926
4593 1932
4594 1938
4595 1944
4596 1942
4597 1950
4598 1948
4599 1946
4600 1932
4601 1938
4602 1932
4603 1940
4604 1944
4605 1946
4606 1944
4607 1950
4608 1930
4609 1936
4610 1938
4611 1940
4612 1944
4613 1950
4614 1952
4615 1954
4616 1956
4617 1954
4618 1960
4619 1966
4620 1928
4621 1936
4622 1942
4623 1944
4624 1939
4625 1941
4626 1939
4627 1945
4628 1943
4629 1949
4630 1951
4631 1957
4632 1951
4633 1957
4634 1959
4635 1957
4636 1955
4637 1963
4638 1965
4639 1973
4640 1959
4641 1953
4642 1955
4643 1963
4644 1949
4645 1955
4646 1957
4647 1963
4648 1958
4649 1966
4650 1952
4651 1960
4652 1964
4653 1962
4654 1964
4655 1962
4656 1952
4657 1960
4658 1962
4659 1968
4660 1966
4661 1972
4662 1958
4663 1966
4664 1960
4665 1962
4666 1968
4667 1974
4668 1972
4669 1974
4670 1976
4671 1978
4672 1974
4673 1982
4674 1976
4675 1974
4676 1972
4677 1978
4678 1984
4679 1992
4680 1954
4681 1960
4682 1966
4683 1968
4684 1972
4685 1978
4686 1972
4687 1979
4688 1979
4689 1983
4690 1977
4691 1985
4692 1971
4693 1975
4694 1981
4695 1983
4696 1985
4697 1987
4698 1977
4699 1983
4700 1975
4701 1981
4702 1987
4703 1995
4704 1969
4705 1975
4706 1977
4707 1981
4708 1979
4709 1985
4710 1979
4711 1985
4712 1979
4713 1985
4714 1991
4715 1993
4716 1985
4717 1991
4718 1994
4719 1992
4720 1982
4721 1990
4722 1992
4723 2000
4724 2004
4725 1990
4726 1992
4727 1998
4728 1992
4729 2000
4730 1994
4731 1996
4732 1988
4733 1996
4734 1994
4735 2000
4736 1994
4737 2000
4738 2002
4739 2008
4740 1994
4741 2000
4742 2006
4743 2005
4744 2007
4745 2009
4746 2003
4747 2009
4748 2013
4749 2019
4750 2013
4751 2021
4752 1991
4753 1995
4754 2001
4755 2003
4756 2001
4757 2007
4758 2001
4759 2009
4760 1987
4761 1988
4762 1994
4763 2000
4764 1998
4765 2004
4766 2011
4767 2013
4768 2011
4769 2017
4770 2003
4771 2009
4772 2013
4773 2015
4774 2009
4775 2013
4776 2007
4777 2013
4778 2019
4779 2019
4780 2017
4781 2023
4782 2025
4783 2033
4784 2023
4785 2017
4786 2023
4787 2032
4788 2006
4789 2014
4790 2016
4791 2022
4792 2024
4793 2032
4794 2026
4795 2028
4796 2026
4797 2024
4798 2030
4799 2038
4800 2006
4801 2014
4802 2014
4803 2020
4804 2024
4805 2028
4806 2023
4807 2025
4808 2027
4809 2029
4810 2023
4811 2029
4812 2027
4813 2035
4814 2037
4815 2035
4816 2025
4817 2033
4818 2027
4819 2033
4820 2031
4821 2037
4822 2043
4823 2046
4824 2032
4825 2036
4826 2038
4827 2044
4828 2042
4829 2048
4830 2026
4831 2034
4832 2032
4833 2034
4834 2040
4835 2046
4836 2032
4837 2038
4838 2040
4839 2046
4840 2033
4841 2039
4842 2037
4843 2043
4844 2041
4845 2035
4846 2041
4847 2047
4848 2037
4849 2043
4850 2041
4851 2033
4852 2037
4853 2043
4854 2045
4855 2051
4856 2054
4857 2060
4858 2062
4859 2068
4860 2042
4861 2050
4862 2044
4863 2050
4864 2042
4865 2044
4866 2046
4867 2052
4868 2056
4869 2060
4870 2062
4871 2071
4872 2049
4873 2055
4874 2061
4875 2055
4876 2053
4877 2061
4878 2059
4879 2061
4880 2051
4881 2057
4882 2063
4883 2069
4884 2055
4885 2062
4886 2064
4887 2066
4888 2060
4889 2068
4890 2062
4891 2068
4892 2072
4893 2074
4894 2080
4895 2082
4896 2056
4897 2062
4898 2064
4899 2067
4900 2050
4901 2054
4902 2048
4903 2056
4904 2058
4905 2056
4906 2058
4907 2064
4908 2062
4909 2070
4910 2072
4911 2078
4912 2079
4913 2085
4914 2063
4915 2069
4916 2073
4917 2075
4918 2081
4919 2089
4920 2067
4921 2069
4922 2071
4923 2075
4924 2079
4925 2084
4926 2086
4927 2092
4928 2074
4929 2076
4930 2070
4931 2078
4932 2070
4933 2078
4934 2084
4935 2078
4936 2080
4937 2088
4938 2091
4939 2097
4940 2083
4941 2083
4942 2085
4943 2093
4944 2083
4945 2085
4946 2091
4947 2093
4948 2097
4949 2101
4950 2076
4951 2084
4952 2086
4953 2088
4954 2094
4955 2100
4956 2086
4957 2094
4958 2096
4959 2094
4960 2080
4961 2085
4962 2087
4963 2093
4964 2091
4965 2093
4966 2095
4967 2103
4968 2081
4969 2089
4970 2083
4971 2089
4972 2087
4973 2096
4974 2098
4975 2102
4976 2102
4977 2100
4978 2102
4979 2108
4980 2094
4981 2100
4982 2102
4983 2104
4984 2099
4985 2105
4986 2103
4987 2111
4988 2109
4989 2115
4990 2117
4991 2119
4992 2097
4993 2105
4994 2107
4995 2102
4996 2106
4997 2112
4998 2098
4999 2106
5000 2096
5001 2102
5002 2104
5003 2112
5004 2104
5005 2099
5006 2105
5007 2111
5008 2111
5009 2119
5010 2113
5011 2121
5012 2119
5013 2123
5014 2125
5015 2127
5016 2106
5017 2112
5018 2114
5019 2116
5020 2114
5021 2122
5022 2112
5023 2120
5024 2118
5025 2116
5026 2119
5027 2125
5028 2123
5029 2129
5030 2131
5031 2129
5032 2123
5033 2129
5034 2131
5035 2133
5036 2138
5037 2140
5038 2142
5039 2150
5040 2100
5041 2107
5042 2113
5043 2117
5044 2115
5045 2121
5046 2120
5047 2124
5048 2126
5049 2120
5050 2118
5051 2126
5052 2124
5053 2130
5054 2128
5055 2131
5056 2127
5057 2133
5058 2131
5059 2139
5060 2125
5061 2127
5062 2133
5063 2139
5064 2133
5065 2140
5066 2142
5067 2146
5068 2144
5069 2150
5070 2136
5071 2142
5072 2142
5073 2144
5074 2147
5075 2145
5076 2131
5077 2139
5078 2145
5079 2151
5080 2145
5081 2153
5082 2139
5083 2142
5084 2140
5085 2138
5086 2144
5087 2152
5088 2138
5089 2144
5090 2146
5091 2152
5092 2151
5093 2157
5094 2155
5095 2161
5096 2147
5097 2153
5098 2159
5099 2167
5100 2141
5101 2150
5102 2156
5103 2152
5104 2142
5105 2148
5106 2142
5107 2150
5108 2154
5109 2157
5110 2151
5111 2157
5112 2143
5113 2151
5114 2157
5115 2151
5116 2155
5117 2157
5118 2160
5119 2168
5120 2156
5121 2160
5122 2162
5123 2168
5124 2154
5125 2156
5126 2159
5127 2165
5128 2167
5129 2173
5130 2151
5131 2157
5132 2161
5133 2163
5134 2165
5135 2168
5136 2158
5137 2164
5138 2166
5139 2170
5140 2168
5141 2174
5142 2176
5143 2183
5144 2185
5145 2179
5146 2181
5147 2189
5148 2163
5149 2169
5150 2167
5151 2170
5152 2156
5153 2164
5154 2166
5155 2172
5156 2176
5157 2178
5158 2184
5159 2187
5160 2165
5161 2171
5162 2173
5163 2179
5164 2183
5165 2189
5166 2175
5167 2184
5168 2174
5169 2180
5170 2174
5171 2182
5172 2180
5173 2186
5174 2188
5175 2181
5176 2183
5177 2189
5178 2191
5179 2199
5180 2185
5181 2187
5182 2193
5183 2200
5184 2175
5185 2177
5186 2183
5187 2177
5188 2181
5189 2189
5190 2184
5191 2190
5192 2184
5193 2188
5194 2186
5195 2192
5196 2190
5197 2198
5198 2201
5199 2207
5200 2187
5201 2193
5202 2185
5203 2189
5204 2193
5205 2196
5206 2198
5207 2204
5208 2182
5209 2190
5210 2192
5211 2194
5212 2198
5213 2205
5214 2199
5215 2201
5216 2199
5217 2201
5218 2207
5219 2213
5220 2188
5221 2194
5222 2196
5223 2202
5224 2204
5225 2202
5226 2196
5227 2205
5228 2209
5229 2207
5230 2209
5231 2217
5232 2207
5233 2215
5234 2222
5235 2224
5236 2210
5237 2218
5238 2212
5239 2216
5240 2210
5241 2217
5242 2223
5243 2227
5244 2213
5245 2219
5246 2221
5247 2219
5248 2214
5249 2220
5250 2198
5251 2204
5252 2202
5253 2204
5254 2206
5255 2213
5256 2199
5257 2205
5258 2207
5259 2213
5260 2211
5261 2219
5262 2222
5263 2228
5264 2218
5265 2208
5266 2214
5267 2220
5268 2218
5269 2225
5270 2219
5271 2221
5272 2223
5273 2231
5274 2229
5275 2233
5276 2238
5277 2244
5278 2238
5279 2246
5280 2208
5281 2216
5282 2218
5283 2223
5284 2227
5285 2229
5286 2231
5287 2237
5288 2239
5289 2242
5290 2240
5291 2242
5292 2216
5293 2222
5294 2228
5295 2230
5296 2231
5297 2239
5298 2241
5299 2247
5300 2239
5301 2237
5302 2239
5303 2248
5304 2226
5305 2232
5306 2234
5307 2236
5308 2240
5309 2249
5310 2235
5311 2241
5312 2237
5313 2231
5314 2237
5315 2244
5316 2242
5317 2248
5318 2254
5319 2256
5320 2234
5321 2240
5322 2243
5323 2251
5324 2249
5325 2247
5326 2253
5327 2259
5328 2240
5329 2247
5330 2241
5331 2247
5332 2245
5333 2253
5334 2247
5335 2250
5336 2244
5337 2248
5338 2250
5339 2256
5340 2242
5341 2247
5342 2253
5343 2255
5344 2253
5345 2259
5346 2245
5347 2254
5348 2252
5349 2258
5350 2256
5351 2264
5352 2258
5353 2265
5354 2271
5355 2257
5356 2255
5357 2261
5358 2255
5359 2262
5360 2252
5361 2258
5362 2260
5363 2266
5364 2258
5365 2261
5366 2267
5367 2273
5368 2267
5369 2269
5370 2263
5371 2270
5372 2268
5373 2270
5374 2276
5375 2278
5376 2252
5377 2259
5378 2265
5379 2267
5380 2265
5381 2273
5382 2259
5383 2266
5384 2268
5385 2270
5386 2276
5387 2284
5388 2282
5389 2289
5390 2275
5391 2279
5392 2279
5393 2287
5394 2281
5395 2284
5396 2282
5397 2284
5398 2290
5399 2298
5400 2260
5401 2267
5402 2269
5403 2275
5404 2273
5405 2275
5406 2269
5407 2278
5408 2270
5409 2274
5410 2276
5411 2282
5412 2268
5413 2277
5414 2283
5415 2281
5416 2283
5417 2291
5418 2278
5419 2286
5420 2284
5421 2286
5422 2292
5423 2294
5424 2285
5425 2283
5426 2289
5427 2289
5428 2287
5429 2293
5430 2288
5431 2296
5432 2290
5433 2296
5434 2290
5435 2297
5436 2289
5437 2297
5438 2303
5439 2301
5440 2283
5441 2292
5442 2294
5443 2302
5444 2306
5445 2298
5446 2300
5447 2307
5448 2301
5449 2309
5450 2307
5451 2309
5452 2308
5453 2310
5454 2304
5455 2310
5456 2300
5457 2302
5458 2309
5459 2315
5460 2277
5461 2283
5462 2289
5463 2294
5464 2296
5465 2302
5466 2304
5467 2306
5468 2310
5469 2317
5470 2319
5471 2327
5472 2301
5473 2307
5474 2302
5475 2300
5476 2301
5477 2309
5478 2303
5479 2312
5480 2306
5481 2300
5482 2306
5483 2314
5484 2312
5485 2319
5486 2321
5487 2323
5488 2313
5489 2319
5490 2306
5491 2310
5492 2314
5493 2320
5494 2322
5495 2325
5496 2319
5497 2325
5498 2331
5499 2329
5500 2315
5501 2324
5502 2318
5503 2326
5504 2320
5505 2322
5506 2329
5507 2337
5508 2317
5509 2323
5510 2317
5511 2320
5512 2314
5513 2320
5514 2322
5515 2328
5516 2327
5517 2331
5518 2333
5519 2341
5520 2311
5521 2319
5522 2322
5523 2324
5524 2328
5525 2326
5526 2324
5527 2333
5528 2335
5529 2337
5530 2331
5531 2339
5532 2338
5533 2344
5534 2350
5535 2344
5536 2342
5537 2347
5538 2341
5539 2347
5540 2345
5541 2351
5542 2354
5543 2360
5544 2322
5545 2328
5546 2330
5547 2335
5548 2333
5549 2339
5550 2325
5551 2327
5552 2328
5553 2332
5554 2338
5555 2340
5556 2338
5557 2347
5558 2349
5559 2351
5560 2345
5561 2351
5562 2346
5563 2354
5564 2352
5565 2346
5566 2344
5567 2351
5568 2333
5569 2341
5570 2343
5571 2347
5572 2346
5573 2354
5574 2356
5575 2360
5576 2354
5577 2353
5578 2359
5579 2365
5580 2339
5581 2347
5582 2354
5583 2360
5584 2360
5585 2366
5586 2352
5587 2359
5588 2357
5589 2355
5590 2349
5591 2357
5592 2352
5593 2354
5594 2360
5595 2362
5596 2367
5597 2373
5598 2371
5599 2377
5600 2351
5601 2358
5602 2364
5603 2370
5604 2368
5605 2370
5606 2377
5607 2375
5608 2377
5609 2383
5610 2361
5611 2368
5612 2366
5613 2372
5614 2374
5615 2380
5616 2351
5617 2357
5618 2361
5619 2367
5620 2366
5621 2368
5622 2370
5623 2378
5624 2372
5625 2368
5626 2370
5627 2376
5628 2362
5629 2368
5630 2371
5631 2377
5632 2367
5633 2373
5634 2371
5635 2370
5636 2374
5637 2380
5638 2386
5639 2395
5640 2373
5641 2381
5642 2375
5643 2369
5644 2368
5645 2374
5646 2376
5647 2384
5648 2385
5649 2387
5650 2385
5651 2393
5652 2385
5653 2394
5654 2396
5655 2390
5656 2384
5657 2392
5658 2387
5659 2395
5660 2393
5661 2391
5662 2394
5663 2400
5664 2386
5665 2388
5666 2394
5667 2401
5668 2399
5669 2407
5670 2377
5671 2384
5672 2386
5673 2388
5674 2394
5675 2398
5676 2385
5677 2391
5678 2393
5679 2397
5680 2388
5681 2390
5682 2392
5683 2400
5684 2392
5685 2395
5686 2401
5687 2405
5688 2391
5689 2400
5690 2402
5691 2404
5692 2408
5693 2416
5694 2411
5695 2413
5696 2409
5697 2411
5698 2406
5699 2412
5700 2386
5701 2394
5702 2400
5703 2407
5704 2401
5705 2403
5706 2401
5707 2408
5708 2412
5709 2414
5710 2416
5711 2424
5712 2395
5713 2401
5714 2407
5715 2405
5716 2410
5717 2418
5718 2420
5719 2422
5720 2401
5721 2407
5722 2413
5723 2419
5724 2405
5725 2410
5726 2412
5727 2414
5728 2412
5729 2419
5730 2413
5731 2419
5732 2423
5733 2416
5734 2418
5735 2420
5736 2414
5737 2422
5738 2425
5739 2431
5740 2417
5741 2425
5742 2412
5743 2420
5744 2420
5745 2422
5746 2421
5747 2427
5748 2425
5749 2433
5750 2427
5751 2428
5752 2430
5753 2436
5754 2430
5755 2437
5756 2441
5757 2443
5758 2449
5759 2456
5760 2418
5761 2424
5762 2426
5763 2429
5764 2427
5765 2433
5766 2431
5767 2437
5768 2432
5769 2436
5770 2438
5771 2444
5772 2431
5773 2437
5774 2443
5775 2429
5776 2425
5777 2431
5778 2425
5779 2433
5780 2426
5781 2428
5782 2426
5783 2434
5784 2429
5785 2431
5786 2433
5787 2437
5788 2442
5789 2448
5790 2442
5791 2450
5792 2448
5793 2455
5794 2461
5795 2463
5796 2437
5797 2440
5798 2442
5799 2448
5800 2434
5801 2443
5802 2445
5803 2451
5804 2455
5805 2450
5806 2456
5807 2464
5808 2444
5809 2451
5810 2445
5811 2447
5812 2451
5813 2460
5814 2446
5815 2452
5816 2454
5817 2457
5818 2463
5819 2467
5820 2453
5821 2462
5822 2464
5823 2468
5824 2450
5825 2455
5826 2457
5827 2465
5828 2463
5829 2466
5830 2460
5831 2462
5832 2444
5833 2451
5834 2457
5835 2459
5836 2463
5837 2470
5838 2464
5839 2472
5840 2462
5841 2461
5842 2463
5843 2471
5844 2469
5845 2472
5846 2474
5847 2480
5848 2474
5849 2483
5850 2457
5851 2465
5852 2451
5853 2458
5854 2464
5855 2470
5856 2456
5857 2465
5858 2467
5859 2461
5860 2459
5861 2468
5862 2470
5863 2472
5864 2474
5865 2469
5866 2471
5867 2479
5868 2471
5869 2480
5870 2482
5871 2484
5872 2484
5873 2491
5874 2485
5875 2487
5876 2485
5877 2490
5878 2496
5879 2504
5880 2466
5881 2475
5882 2477
5883 2479
5884 2483
5885 2486
5886 2480
5887 2484
5888 2476
5889 2479
5890 2473
5891 2479
5892 2477
5893 2484
5894 2486
5895 2484
5896 2479
5897 2487
5898 2489
5899 2495
5900 2488
5901 2490
5902 2492
5903 2500
5904 2481
5905 2487
5906 2493
5907 2495
5908 2494
5909 2500
5910 2494
5911 2500
5912 2503
5913 2503
5914 2509
5915 2507
5916 2494
5917 2500
5918 2502
5919 2509
5920 2495
5921 2501
5922 2487
5923 2496
5924 2500
5925 2498
5926 2504
5927 2513
5928 2491
5929 2492
5930 2494
5931 2499
5932 2503
5933 2509
5934 2503
5935 2510
5936 2500
5937 2506
5938 2513
5939 2521
5940 2483
5941 2489
5942 2496
5943 2498
5944 2500
5945 2502
5946 2505
5947 2511
5948 2515
5949 2519
5950 2506
5951 2512
5952 2494
5953 2503
5954 2505
5955 2507
5956 2511
5957 2514
5958 2512
5959 2518
5960 2512
5961 2519
5962 2521
5963 2527
5964 2514
5965 2520
5966 2522
5967 2516
5968 2517
5969 2523
5970 2517
5971 2523
5972 2528
5973 2530
5974 2532
5975 2537
5976 2523
5977 2529
5978 2527
5979 2534
5980 2520
5981 2528
5982 2530
5983 2537
5984 2523
5985 2509
5986 2512
5987 2520
5988 2518
5989 2524
5990 2527
5991 2533
5992 2527
5993 2533
5994 2524
5995 2526
5996 2530
5997 2537
5998 2543
5999 2549
6000 2519
6001 2526
6002 2532
6003 2530
6004 2528
6005 2535
6006 2513
6007 2521
6008 2524
6009 2530
6010 2532
6011 2540
6012 2533
6013 2539
6014 2541
6015 2544
6016 2538
6017 2544
6018 2538
6019 2545
6020 2531
6021 2533
6022 2540
6023 2546
6024 2540
6025 2544
6026 2547
6027 2545
6028 2543
6029 2551
6030 2538
6031 2544
6032 2534
6033 2541
6034 2543
6035 2545
6036 2543
6037 2552
6038 2558
6039 2556
6040 2551
6041 2557
6042 2551
6043 2559
6044 2564
6045 2558
6046 2564
6047 2573
6048 2535
6049 2541
6050 2533
6051 2540
6052 2538
6053 2546
6054 2549
6055 2551
6056 2553
6057 2557
6058 2560
6059 2566
6060 2552
6061 2555
6062 2557
6063 2559
6064 2559
6065 2566
6066 2564
6067 2572
6068 2571
6069 2569
6070 2571
6071 2577
6072 2556
6073 2564
6074 2570
6075 2563
6076 2555
6077 2561
6078 2563
6079 2572
6080 2554
6081 2560
6082 2567
6083 2569
6084 2552
6085 2559
6086 2561
6087 2567
6088 2569
6089 2578
6090 2556
6091 2564
6092 2569
6093 2573
6094 2575
6095 2577
6096 2568
6097 2570
6098 2576
6099 2579
6100 2571
6101 2579
6102 2573
6103 2580
6104 2574
6105 2568
6106 2571
6107 2577
6108 2575
6109 2582
6110 2576
6111 2574
6112 2572
6113 2581
6114 2583
6115 2589
6116 2588
6117 2594
6118 2588
6119 2594
6120 2557
6121 2565
6122 2571
6123 2574
6124 2578
6125 2576
6126 2579
6127 2585
6128 2585
6129 2587
6130 2590
6131 2598
6132 2584
6133 2593
6134 2599
6135 2601
6136 2596
6137 2600
6138 2586
6139 2592
6140 2591
6141 2593
6142 2595
6143 2604
6144 2590
6145 2596
6146 2599
6147 2603
6148 2601
6149 2603
6150 2590
6151 2598
6152 2600
6153 2603
6154 2605
6155 2611
6156 2592
6157 2598
6158 2604
6159 2610
6160 2581
6161 2587
6162 2581
6163 2590
6164 2588
6165 2586
6166 2593
6167 2599
6168 2593
6169 2600
6170 2602
6171 2600
6172 2604
6173 2613
6174 2599
6175 2597
6176 2596
6177 2598
6178 2604
6179 2611
6180 2597
6181 2603
6182 2605
6183 2608
6184 2610
6185 2616
6186 2619
6187 2625
6188 2611
6189 2618
6190 2620
6191 2626
6192 2607
6193 2613
6194 2615
6195 2609
6196 2614
6197 2622
6198 2624
6199 2633
6200 2619
6201 2617
6202 2620
6203 2628
6204 2614
6205 2617
6206 2619
6207 2625
6208 2622
6209 2628
6210 2606
6211 2614
6212 2619
6213 2621
6214 2623
6215 2626
6216 2604
6217 2612
6218 2619
6219 2623
6220 2621
6221 2630
6222 2624
6223 2628
6224 2629
6225 2627
6226 2629
6227 2635
6228 2628
6229 2636
6230 2630
6231 2633
6232 2627
6233 2633
6234 2636
6235 2638
6236 2642
6237 2633
6238 2639
6239 2645
6240 2608
6241 2615
6242 2621
6243 2627
6244 2626
6245 2632
6246 2630
6247 2639
6248 2633
6249 2639
6250 2638
6251 2640
6252 2638
6253 2643
6254 2645
6255 2643
6256 2634
6257 2642
6258 2636
6259 2643
6260 2641
6261 2647
6262 2650
6263 2658
6264 2636
6265 2638
6266 2641
6267 2647
6268 2651
6269 2660
6270 2638
6271 2646
6272 2633
6273 2631
6274 2637
6275 2642
6276 2640
6277 2648
6278 2651
6279 2645
6280 2639
6281 2646
6282 2644
6283 2650
6284 2655
6285 2657
6286 2659
6287 2668
6288 2658
6289 2664
6290 2659
6291 2661
6292 2653
6293 2656
6294 2658
6295 2664
6296 2666
6297 2673
6298 2675
6299 2683
6300 2640
6301 2648
6302 2650
6303 2653
6304 2651
6305 2653
6306 2656
6307 2658
6308 2656
6309 2661
6310 2663
6311 2671
6312 2666
6313 2672
6314 2666
6315 2669
6316 2673
6317 2681
6318 2668
6319 2674
6320 2664
6321 2663
6322 2665
6323 2673
6324 2660
6325 2658
6326 2664
6327 2663
6328 2657
6329 2665
6330 2660
6331 2666
6332 2670
6333 2677
6334 2683
6335 2685
6336 2654
6337 2662
6338 2668
6339 2675
6340 2673
6341 2679
6342 2674
6343 2682
6344 2676
6345 2671
6346 2673
6347 2679
6348 2672
6349 2678
6350 2676
6351 2679
6352 2679
6353 2687
6354 2686
6355 2688
6356 2686
6357 2689
6358 2687
6359 2695
6360 2674
6361 2682
6362 2688
6363 2687
6364 2685
6365 2687
6366 2690
6367 2698
6368 2696
6369 2699
6370 2685
6371 2691
6372 2678
6373 2686
6374 2692
6375 2687
6376 2689
6377 2695
6378 2698
6379 2706
6380 2692
6381 2697
6382 2703
6383 2709
6384 2680
6385 2686
6386 2688
6387 2695
6388 2699
6389 2707
6390 2694
6391 2696
6392 2690
6393 2697
6394 2699
6395 2705
6396 2692
6397 2700
6398 2702
6399 2703
6400 2686
6401 2692
6402 2687
6403 2693
6404 2697
6405 2692
6406 2698
6407 2705
6408 2691
6409 2693
6410 2696
6411 2702
6412 2700
6413 2705
6414 2707
6415 2713
6416 2714
6417 2712
6418 2718
6419 2723
6420 2709
6421 2717
6422 2716
6423 2722
6424 2716
6425 2721
6426 2699
6427 2707
6428 2712
6429 2718
6430 2720
6431 2727
6432 2713
6433 2719
6434 2726
6435 2712
6436 2717
6437 2723
6438 2717
6439 2724
6440 2702
6441 2704
6442 2711
6443 2717
6444 2709
6445 2716
6446 2718
6447 2720
6448 2711
6449 2719
6450 2705
6451 2714
6452 2718
6453 2720
6454 2723
6455 2729
6456 2723
6457 2730
6458 2736
6459 2743
6460 2729
6461 2731
6462 2730
6463 2736
6464 2732
6465 2735
6466 2737
6467 2743
6468 2718
6469 2726
6470 2728
6471 2733
6472 2735
6473 2743
6474 2738
6475 2736
6476 2741
6477 2743
6478 2745
6479 2748
6480 2708
6481 2716
6482 2719
6483 2725
6484 2729
6485 2736
6486 2730
6487 2736
6488 2739
6489 2737
6490 2731
6491 2740
6492 2738
6493 2745
6494 2747
6495 2749
6496 2736
6497 2742
6498 2734
6499 2741
6500 2727
6501 2729
6502 2736
6503 2742
6504 2736
6505 2743
6506 2749
6507 2752
6508 2756
6509 2762
6510 2741
6511 2747
6512 2737
6513 2740
6514 2746
6515 2752
6516 2745
6517 2747
6518 2753
6519 2756
6520 2750
6521 2759
6522 2761
6523 2767
6524 2766
6525 2758
6526 2760
6527 2767
6528 2745
6529 2753
6530 2756
6531 2758
6532 2757
6533 2763
6534 2749
6535 2756
6536 2750
6537 2756
6538 2759
6539 2765
6540 2751
6541 2758
6542 2764
6543 2769
6544 2769
6545 2763
6546 2766
6547 2774
6548 2778
6549 2781
6550 2779
6551 2787
6552 2750
6553 2758
6554 2761
6555 2755
6556 2753
6557 2760
6558 2762
6559 2768
6560 2755
6561 2756
6562 2758
6563 2767
6564 2765
6565 2768
6566 2766
6567 2768
6568 2771
6569 2779
6570 2765
6571 2774
6572 2772
6573 2774
6574 2777
6575 2781
6576 2772
6577 2780
6578 2774
6579 2773
6580 2759
6581 2767
6582 2770
6583 2776
6584 2779
6585 2781
6586 2783
6587 2790
6588 2776
6589 2782
6590 2785
6591 2787
6592 2783
6593 2790
6594 2784
6595 2791
6596 2789
6597 2793
6598 2800
6599 2808
6600 2770
6601 2773
6602 2779
6603 2782
6604 2780
6605 2786
6606 2785
6607 2793
6608 2783
6609 2790
6610 2792
6611 2799
6612 2785
6613 2791
6614 2798
6615 2784
6616 2786
6617 2793
6618 2795
6619 2804
6620 2802
6621 2808
6622 2803
6623 2809
6624 2783
6625 2786
6626 2792
6627 2797
6628 2801
6629 2807
6630 2786
6631 2792
6632 2794
6633 2793
6634 2795
6635 2802
6636 2788
6637 2796
6638 2803
6639 2809
6640 2799
6641 2806
6642 2796
6643 2799
6644 2797
6645 2799
6646 2806
6647 2810
6648 2804
6649 2811
6650 2797
6651 2802
6652 2806
6653 2814
6654 2817
6655 2819
6656 2810
6657 2812
6658 2818
6659 2827
6660 2801
6661 2809
6662 2816
6663 2822
6664 2809
6665 2811
6666 2805
6667 2812
6668 2816
6669 2810
6670 2805
6671 2811
6672 2802
6673 2810
6674 2812
6675 2811
6676 2815
6677 2822
6678 2808
6679 2816
6680 2811
6681 2813
6682 2815
6683 2822
6684 2820
6685 2823
6686 2829
6687 2833
6688 2820
6689 2828
6690 2823
6691 2831
6692 2829
6693 2832
6694 2838
6695 2840
6696 2819
6697 2825
6698 2828
6699 2822
6700 2814
6701 2823
6702 2825
6703 2834
6704 2834
6705 2832
6706 2835
6707 2841
6708 2828
6709 2836
6710 2830
6711 2837
6712 2839
6713 2843
6714 2842
6715 2844
6716 2843
6717 2849
6718 2855
6719 2864
6720 2818
6721 2821
6722 2827
6723 2827
6724 2829
6725 2833
6726 2828
6727 2832
6728 2830
6729 2837
6730 2839
6731 2845
6732 2820
6733 2828
6734 2823
6735 2825
6736 2825
6737 2834
6738 2836
6739 2843
6740 2841
6741 2839
6742 2846
6743 2852
6744 2847
6745 2849
6746 2855
6747 2858
6748 2856
6749 2863
6750 2841
6751 2847
6752 2846
6753 2852
6754 2855
6755 2857
6756 2855
6757 2862
6758 2864
6759 2869
6760 2855
6761 2863
6762 2850
6763 2858
6764 2857
6765 2851
6766 2853
6767 2860
6768 2840
6769 2846
6770 2849
6771 2851
6772 2856
6773 2862
6774 2864
6775 2869
6776 2855
6777 2858
6778 2864
6779 2872
6780 2859
6781 2867
6782 2874
6783 2868
6784 2862
6785 2865
6786 2851
6787 2858
6788 2862
6789 2864
6790 2859
6791 2867
6792 2862
6793 2870
6794 2872
6795 2871
6796 2875
6797 2882
6798 2876
6799 2882
6800 2863
6801 2869
6802 2872
6803 2880
6804 2854
6805 2861
6806 2863
6807 2870
6808 2864
6809 2870
6810 2865
6811 2869
6812 2868
6813 2872
6814 2879
6815 2881
6816 2867
6817 2874
6818 2876
6819 2883
6820 2869
6821 2875
6822 2874
6823 2882
6824 2885
6825 2871
6826 2877
6827 2886
6828 2884
6829 2893
6830 2895
6831 2889
6832 2880
6833 2888
6834 2883
6835 2889
6836 2893
6837 2896
6838 2898
6839 2905
6840 2867
6841 2875
6842 2878
6843 2884
6844 2883
6845 2887
6846 2882
6847 2888
6848 2884
6849 2889
6850 2887
6851 2890
6852 2888
6853 2890
6854 2893
6855 2895
6856 2898
6857 2906
6858 2900
6859 2907
6860 2893
6861 2900
6862 2902
6863 2910
6864 2881
6865 2887
6866 2894
6867 2892
6868 2891
6869 2899
6870 2893
6871 2902
6872 2904
6873 2907
6874 2909
6875 2909
6876 2902
6877 2906
6878 2909
6879 2915
6880 2901
6881 2908
6882 2902
6883 2911
6884 2915
6885 2906
6886 2908
6887 2914
6888 2893
6889 2900
6890 2895
6891 2901
6892 2905
6893 2912
6894 2910
6895 2913
6896 2913
6897 2912
6898 2918
6899 2926
6900 2901
6901 2907
6902 2902
6903 2900
6904 2902
6905 2909
6906 2911
6907 2920
6908 2918
6909 2917
6910 2919
6911 2927
6912 2902
6913 2908
6914 2915
6915 2917
6916 2903
6917 2912
6918 2914
6919 2917
6920 2911
6921 2916
6922 2922
6923 2924
6924 2923
6925 2927
6926 2934
6927 2940
6928 2941
6929 2945
6930 2907
6931 2914
6932 2918
6933 2925
6934 2931
6935 2933
6936 2920
6937 2926
6938 2933
6939 2935
6940 2934
6941 2940
6942 2934
6943 2941
6944 2927
6945 2930
6946 2932
6947 2941
6948 2933
6949 2941
6950 2940
6951 2942
6952 2937
6953 2943
6954 2937
6955 2940
6956 2938
6957 2943
6958 2941
6959 2950
6960 2920
6961 2928
6962 2933
6963 2935
6964 2940
6965 2942
6966 2933
6967 2941
6968 2935
6969 2938
6970 2932
6971 2941
6972 2927
6973 2934
6974 2936
6975 2928
6976 2925
6977 2933
6978 2936
6979 2942
6980 2941
6981 2943
6982 2949
6983 2958
6984 2944
6985 2947
6986 2949
6987 2952
6988 2956
6989 2962
6990 2957
6991 2965
6992 2956
6993 2950
6994 2953
6995 2959
6996 2945
6997 2954
6998 2960
6999 2967
7000 2945
7001 2954
7002 2952
7003 2958
7004 2957
7005 2959
7006 2962
7007 2960
7008 2947
7009 2953
7010 2955
7011 2954
7012 2958
7013 2967
7014 2961
7015 2964
7016 2966
7017 2973
7018 2971
7019 2979
7020 2942
7021 2944
7022 2951
7023 2957
7024 2958
7025 2962
7026 2964
7027 2973
7028 2971
7029 2970
7030 2964
7031 2971
7032 2965
7033 2971
7034 2978
7035 2972
7036 2977
7037 2983
7038 2970
7039 2978
7040 2957
7041 2963
7042 2965
7043 2974
7044 2972
7045 2979
7046 2981
7047 2980
7048 2982
7049 2984
7050 2971
7051 2977
7052 2976
7053 2982
7054 2989
7055 2991
7056 2957
7057 2965
7058 2971
7059 2974
7060 2972
7061 2979
7062 2973
7063 2980
7064 2982
7065 2980
7066 2987
7067 2993
7068 2980
7069 2988
7070 2983
7071 2989
7072 2976
7073 2982
7074 2976
7075 2981
7076 2979
7077 2982
7078 2988
7079 2997
7080 2975
7081 2982
7082 2988
7083 2992
7084 2979
7085 2981
7086 2984
7087 2990
7088 2991
7089 2993
7090 2996
7091 3002
7092 2994
7093 3001
7094 3007
7095 3002
7096 3004
7097 3011
7098 2997
7099 3004
7100 2996
7101 2998
7102 3001
7103 3009
7104 2992
7105 2990
7106 2985
7107 2987
7108 2992
7109 3000
7110 2986
7111 2993
7112 2987
7113 2994
7114 3000
7115 3007
7116 3005
7117 3012
7118 3018
7119 3016
7120 3007
7121 3015
7122 3018
7123 3024
7124 3023
7125 3017
7126 3020
7127 3028
7128 2998
7129 3007
7130 3001
7131 3008
7132 3012
7133 3019
7134 3013
7135 3020
7136 3018
7137 3017
7138 3019
7139 3023
7140 2986
7141 2992
7142 2999
7143 3005
7144 3000
7145 3006
7146 3005
7147 3011
7148 3015
7149 3022
7150 3008
7151 3017
7152 3007
7153 3014
7154 3012
7155 3007
7156 3011
7157 3018
7158 3020
7159 3028
7160 3023
7161 3017
7162 3024
7163 3026
7164 3019
7165 3025
7166 3032
7167 3038
7168 3027
7169 3033
7170 3027
7171 3034
7172 3032
7173 3037
7174 3039
7175 3038
7176 3016
7177 3025
7178 3027
7179 3034
7180 3032
7181 3038
7182 3017
7183 3023
7184 3024
7185 3026
7186 3033
7187 3041
7188 3040
7189 3042
7190 3045
7191 3043
7192 3038
7193 3046
7194 3040
7195 3047
7196 3045
7197 3052
7198 3054
7199 3061
7200 3017
7201 3024
7202 3026
7203 3027
7204 3031
7205 3033
7206 3036
7207 3044
7208 3039
7209 3039
7210 3034
7211 3042
7212 3041
7213 3049
7214 3056
7215 3050
7216 3041
7217 3047
7218 3045
7219 3054
7220 3046
7221 3049
7222 3051
7223 3058
7224 3036
7225 3038
7226 3044
7227 3043
7228 3041
7229 3050
7230 3044
7231 3050
7232 3047
7233 3053
7234 3060
7235 3066
7236 3053
7237 3061
7238 3056
7239 3058
7240 3053
7241 3059
7242 3054
7243 3062
7244 3067
7245 3053
7246 3059
7247 3068
7248 3058
7249 3065
7250 3059
7251 3066
7252 3058
7253 3067
7254 3053
7255 3060
7256 3062
7257 3065
7258 3067
7259 3069
7260 3044
7261 3050
7262 3057
7263 3059
7264 3058
7265 3064
7266 3059
7267 3063
7268 3062
7269 3068
7270 3071
7271 3077
7272 3064
7273 3070
7274 3077
7275 3075
7276 3073
7277 3080
7278 3082
7279 3089
7280 3059
7281 3064
7282 3066
7283 3075
7284 3073
7285 3076
7286 3082
7287 3085
7288 3087
7289 3094
7290 3076
7291 3083
7292 3087
7293 3081
7294 3084
7295 3090
7296 3069
7297 3077
7298 3080
7299 3084
7300 3077
7301 3081
7302 3084
7303 3090
7304 3085
7305 3087
7306 3090
7307 3098
7308 3073
7309 3081
7310 3076
7311 3082
7312 3082
7313 3089
7314 3083
7315 3078
7316 3076
7317 3079
7318 3085
7319 3092
7320 3070
7321 3079
7322 3081
7323 3088
7324 3092
7325 3097
7326 3083
7327 3090
7328 3088
7329 3091
7330 3093
7331 3101
7332 3088
7333 3096
7334 3099
7335 3097
7336 3092
7337 3094
7338 3097
7339 3103
7340 3102
7341 3108
7342 3115
7343 3121
7344 3092
7345 3094
7346 3101
7347 3103
7348 3102
7349 3110
7350 3085
7351 3093
7352 3096
7353 3094
7354 3101
7355 3107
7356 3105
7357 3112
7358 3114
7359 3117
7360 3099
7361 3106
7362 3104
7363 3111
7364 3109
7365 3112
7366 3114
7367 3121
7368 3115
7369 3124
7370 3118
7371 3109
7372 3107
7373 3114
7374 3116
7375 3119
7376 3119
7377 3126
7378 3120
7379 3127
7380 3101
7381 3106
7382 3112
7383 3114
7384 3109
7385 3111
7386 3114
7387 3120
7388 3125
7389 3129
7390 3132
7391 3138
7392 3101
7393 3109
7394 3116
7395 3110
7396 3112
7397 3118
7398 3113
7399 3117
7400 3104
7401 3110
7402 3117
7403 3123
7404 3122
7405 3128
7406 3127
7407 3131
7408 3132
7409 3138
7410 3117
7411 3125
7412 3124
7413 3126
7414 3129
7415 3135
7416 3122
7417 3130
7418 3137
7419 3143
7420 3129
7421 3136
7422 3138
7423 3145
7424 3137
7425 3124
7426 3126
7427 3133
7428 3131
7429 3134
7430 3136
7431 3143
7432 3145
7433 3154
7434 3140
7435 3147
7436 3139
7437 3142
7438 3148
7439 3155
7440 3125
7441 3132
7442 3136
7443 3141
7444 3145
7445 3152
7446 3146
7447 3153
7448 3139
7449 3142
7450 3140
7451 3149
7452 3129
7453 3136
7454 3142
7455 3137
7456 3135
7457 3144
7458 3138
7459 3147
7460 3145
7461 3150
7462 3144
7463 3151
7464 3145
7465 3152
7466 3158
7467 3161
7468 3165
7469 3168
7470 3154
7471 3161
7472 3161
7473 3164
7474 3166
7475 3165
7476 3151
7477 3160
7478 3166
7479 3169
7480 3147
7481 3156
7482 3150
7483 3157
7484 3161
7485 3164
7486 3166
7487 3175
7488 3143
7489 3152
7490 3146
7491 3149
7492 3153
7493 3160
7494 3162
7495 3169
7496 3171
7497 3164
7498 3166
7499 3175
7500 3155
7501 3162
7502 3160
7503 3163
7504 3153
7505 3156
7506 3150
7507 3159
7508 3163
7509 3170
7510 3172
7511 3175
7512 3169
7513 3176
7514 3174
7515 3173
7516 3177
7517 3186
7518 3180
7519 3187
7520 3173
7521 3176
7522 3182
7523 3191
7524 3165
7525 3164
7526 3166
7527 3169
7528 3171
7529 3180
7530 3174
7531 3181
7532 3179
7533 3178
7534 3184
7535 3187
7536 3177
7537 3186
7538 3192
7539 3195
7540 3181
7541 3190
7542 3188
7543 3195
7544 3189
7545 3192
7546 3186
7547 3195
7548 3181
7549 3190
7550 3188
7551 3193
7552 3187
7553 3190
7554 3192
7555 3199
7556 3203
7557 3206
7558 3212
7559 3221
7560 3167
7561 3176
7562 3178
7563 3185
7564 3183
7565 3186
7566 3180
7567 3183
7568 3173
7569 3175
7570 3177
7571 3184
7572 3182
7573 3191
7574 3193
7575 3192
7576 3194
7577 3203
7578 3201
7579 3204
7580 3202
7581 3201
7582 3203
7583 3212
7584 3199
7585 3201
7586 3208
7587 3210
7588 3209
7589 3217
7590 3196
7591 3204
7592 3199
7593 3205
7594 3212
7595 3210
7596 3203
7597 3209
7598 3212
7599 3214
7600 3195
7601 3201
7602 3196
7603 3204
7604 3209
7605 3201
7606 3208
7607 3216
7608 3211
7609 3217
7610 3220
7611 3222
7612 3221
7613 3227
7614 3218
7615 3224
7616 3207
7617 3213
7618 3216
7619 3222
7620 3209
7621 3218
7622 3220
7623 3213
7624 3215
7625 3218
7626 3212
7627 3219
7628 3223
7629 3230
7630 3224
7631 3231
7632 3211
7633 3218
7634 3220
7635 3223
7636 3221
7637 3228
7638 3222
7639 3231
7640 3225
7641 3228
7642 3234
7643 3243
7644 3217
7645 3220
7646 3226
7647 3233
7648 3231
7649 3240
7650 3215
7651 3221
7652 3226
7653 3232
7654 3235
7655 3241
7656 3220
7657 3222
7658 3225
7659 3223
7660 3222
7661 3228
7662 3231
7663 3237
7664 3238
7665 3232
7666 3239
7667 3241
7668 3228
7669 3236
7670 3231
7671 3237
7672 3232
7673 3241
7674 3243
7675 3248
7676 3246
7677 3251
7678 3253
7679 3260
7680 3230
7681 3239
7682 3241
7683 3244
7684 3242
7685 3245
7686 3231
7687 3240
7688 3238
7689 3241
7690 3243
7691 3252
7692 3250
7693 3255
7694 3262
7695 3252
7696 3243
7697 3249
7698 3252
7699 3260
7700 3235
7701 3237
7702 3244
7703 3252
7704 3239
7705 3241
7706 3248
7707 3250
7708 3249
7709 3255
7710 3250
7711 3256
7712 3255
7713 3260
7714 3254
7715 3261
7716 3259
7717 3268
7718 3270
7719 3273
7720 3267
7721 3274
7722 3252
7723 3261
7724 3265
7725 3264
7726 3270
7727 3279
7728 3249
7729 3256
7730 3259
7731 3263
7732 3268
7733 3270
7734 3273
7735 3267
7736 3270
7737 3276
7738 3279
7739 3285
7740 3260
7741 3268
7742 3267
7743 3269
7744 3259
7745 3265
7746 3268
7747 3275
7748 3273
7749 3268
7750 3262
7751 3269
7752 3247
7753 3256
7754 3262
7755 3257
7756 3255
7757 3264
7758 3262
7759 3271
7760 3261
7761 3264
7762 3271
7763 3277
7764 3276
7765 3282
7766 3285
7767 3289
7768 3292
7769 3298
7770 3277
7771 3283
7772 3282
7773 3288
7774 3287
7775 3292
7776 3266
7777 3269
7778 3275
7779 3282
7780 3280
7781 3287
7782 3289
7783 3296
7784 3290
7785 3289
7786 3291
7787 3298
7788 3284
7789 3293
7790 3288
7791 3286
7792 3287
7793 3295
7794 3294
7795 3300
7796 3305
7797 3307
7798 3310
7799 3316
7800 3279
7801 3285
7802 3288
7803 3287
7804 3291
7805 3294
7806 3296
7807 3303
7808 3297
7809 3300
7810 3294
7811 3301
7812 3275
7813 3282
7814 3288
7815 3291
7816 3294
7817 3302
7818 3305
7819 3311
7820 3298
7821 3296
7822 3303
7823 3311
7824 3302
7825 3306
7826 3301
7827 3308
7828 3306
7829 3315
7830 3293
7831 3300
7832 3294
7833 3297
7834 3303
7835 3310
7836 3308
7837 3315
7838 3322
7839 3320
7840 3295
7841 3303
7842 3306
7843 3308
7844 3307
7845 3309
7846 3316
7847 3318
7848 3305
7849 3312
7850 3310
7851 3317
7852 3315
7853 3324
7854 3302
7855 3309
7856 3309
7857 3310
7858 3316
7859 3323
7860 3310
7861 3316
7862 3323
7863 3329
7864 3332
7865 3330
7866 3317
7867 3325
7868 3324
7869 3326
7870 3329
7871 3336
7872 3318
7873 3327
7874 3329
7875 3316
7876 3314
7877 3323
7878 3317
7879 3326
7880 3320
7881 3323
7882 3326
7883 3334
7884 3321
7885 3323
7886 3330
7887 3332
7888 3323
7889 3325
7890 3320
7891 3327
7892 3331
7893 3336
7894 3342
7895 3349
7896 3327
7897 3334
7898 3336
7899 3343
7900 3335
7901 3344
7902 3343
7903 3349
7904 3336
7905 3330
7906 3333
7907 3341
7908 3340
7909 3346
7910 3341
7911 3344
7912 3338
7913 3345
7914 3347
7915 3354
7916 3358
7917 3353
7918 3355
7919 3364
7920 3315
7921 3322
7922 3325
7923 3327
7924 3326
7925 3330
7926 3333
7927 3341
7928 3344
7929 3349
7930 3343
7931 3346
7932 3344
7933 3353
7934 3359
7935 3358
7936 3350
7937 3359
7938 3340
7939 3346
7940 3345
7941 3351
7942 3350
7943 3354
7944 3349
7945 3351
7946 3354
7947 3359
7948 3363
7949 3372
7950 3358
7951 3367
7952 3357
7953 3360
7954 3362
7955 3365
7956 3340
7957 3346
7958 3349
7959 3351
7960 3346
7961 3352
7962 3355
7963 3364
7964 3362
7965 3357
7966 3359
7967 3366
7968 3352
7969 3359
7970 3361
7971 3368
7972 3373
7973 3375
7974 3374
7975 3372
7976 3375
7977 3381
7978 3388
7979 3394
7980 3357
7981 3364
7982 3366
7983 3371
7984 3371
7985 3378
7986 3372
7987 3377
7988 3382
7989 3388
7990 3383
7991 3389
7992 3368
7993 3376
7994 3379
7995 3373
7996 3378
7997 3385
7998 3379
7999 3386
8000 3368
8001 3367
8002 3373
8003 3380
8004 3367
8005 3373
8006 3380
8007 3382
8008 3361
8009 3369
8010 3356
8011 3365
8012 3369
8013 3376
8014 3382
8015 3385
8016 3375
8017 3384
8018 3386
8019 3383
8020 3382
8021 3388
8022 3383
8023 3389
8024 3384
8025 3382
8026 3389
8027 3396
8028 3388
8029 3391
8030 3385
8031 3392
8032 3390
8033 3397
8034 3392
8035 3398
8036 3391
8037 3389
8038 3396
8039 3404
8040 3383
8041 3386
8042 3392
8043 3395
8044 3399
8045 3406
8046 3400
8047 3407
8048 3408
8049 3414
8050 3401
8051 3407
8052 3394
8053 3402
8054 3409
8055 3408
8056 3402
8057 3409
8058 3403
8059 3412
8060 3398
8061 3405
8062 3408
8063 3414
8064 3377
8065 3383
8066 3386
8067 3392
8068 3397
8069 3406
8070 3400
8071 3407
8072 3409
8073 3404
8074 3406
8075 3405
8076 3404
8077 3410
8078 3413
8079 3419
8080 3410
8081 3418
8082 3417
8083 3424
8084 3422
8085 3409
8086 3411
8087 3420
8088 3414
8089 3423
8090 3426
8091 3424
8092 3417
8093 3425
8094 3420
8095 3426
8096 3413
8097 3420
8098 3426
8099 3429
8100 3394
8101 3403
8102 3410
8103 3412
8104 3415
8105 3421
8106 3416
8107 3420
8108 3425
8109 3424
8110 3426
8111 3435
8112 3415
8113 3418
8114 3424
8115 3427
8116 3432
8117 3440
8118 3427
8119 3433
8120 3412
8121 3419
8122 3421
8123 3430
8124 3428
8125 3429
8126 3431
8127 3426
8128 3423
8129 3429
8130 3424
8131 3430
8132 3429
8133 3435
8134 3434
8135 3441
8136 3427
8137 3434
8138 3436
8139 3443
8140 3430
8141 3436
8142 3431
8143 3437
8144 3438
8145 3436
8146 3443
8147 3452
8148 3438
8149 3445
8150 3443
8151 3438
8152 3441
8153 3447
8154 3442
8155 3444
8156 3449
8157 3455
8158 3462
8159 3469
8160 3431
8161 3440
8162 3434
8163 3439
8164 3438
8165 3440
8166 3443
8167 3451
8168 3454
8169 3456
8170 3451
8171 3460
8172 3452
8173 3459
8174 3461
8175 3460
8176 3451
8177 3453
8178 3448
8179 3456
8180 3455
8181 3455
8182 3462
8183 3467
8184 3445
8185 3452
8186 3458
8187 3465
8188 3464
8189 3470
8190 3433
8191 3441
8192 3438
8193 3445
8194 3447
8195 3450
8196 3448
8197 3455
8198 3461
8199 3466
8200 3453
8201 3459
8202 3462
8203 3468
8204 3467
8205 3470
8206 3472
8207 3479
8208 3449
8209 3458
8210 3461
8211 3455
8212 3460
8213 3466
8214 3465
8215 3468
8216 3462
8217 3461
8218 3463
8219 3472
8220 3458
8221 3467
8222 3474
8223 3480
8224 3479
8225 3477
8226 3476
8227 3483
8228 3475
8229 3478
8230 3480
8231 3489
8232 3468
8233 3476
8234 3479
8235 3473
8236 3472
8237 3481
8238 3483
8239 3486
8240 3476
8241 3479
8242 3482
8243 3490
8244 3483
8245 3485
8246 3480
8247 3486
8248 3489
8249 3496
8250 3474
8251 3481
8252 3485
8253 3484
8254 3491
8255 3493
8256 3476
8257 3482
8258 3489
8259 3496
8260 3482
8261 3489
8262 3475
8263 3484
8264 3487
8265 3481
8266 3488
8267 3494
8268 3481
8269 3490
8270 3492
8271 3497
8272 3487
8273 3496
8274 3491
8275 3495
8276 3500
8277 3502
8278 3509
8279 3516
8280 3478
8281 3480
8282 3482
8283 3485
8284 3484
8285 3490
8286 3493
8287 3501
8288 3488
8289 3491
8290 3493
8291 3502
8292 3500
8293 3509
8294 3504
8295 3498
8296 3493
8297 3501
8298 3500
8299 3507
8300 3499
8301 3506
8302 3508
8303 3513
8304 3504
8305 3506
8306 3513
8307 3511
8308 3510
8309 3517
8310 3511
8311 3520
8312 3522
8313 3525
8314 3532
8315 3538
8316 3501
8317 3509
8318 3516
8319 3519
8320 3497
8321 3504
8322 3498
8323 3501
8324 3506
8325 3498
8326 3501
8327 3507
8328 3502
8329 3511
8330 3497
8331 3504
8332 3508
8333 3515
8334 3514
8335 3520
8336 3521
8337 3524
8338 3526
8339 3533
8340 3519
8341 3526
8342 3529
8343 3529
8344 3524
8345 3530
8346 3525
8347 3532
8348 3536
8349 3535
8350 3533
8351 3540
8352 3515
8353 3523
8354 3530
8355 3532
8356 3537
8357 3544
8358 3538
8359 3545
8360 3523
8361 3528
8362 3531
8363 3539
8364 3526
8365 3529
8366 3531
8367 3538
8368 3538
8369 3547
8370 3526
8371 3532
8372 3519
8373 3525
8374 3528
8375 3531
8376 3525
8377 3534
8378 3536
8379 3529
8380 3528
8381 3532
8382 3527
8383 3533
8384 3530
8385 3525
8386 3527
8387 3536
8388 3529
8389 3537
8390 3540
8391 3546
8392 3549
8393 3552
8394 3554
8395 3557
8396 3561
8397 3564
8398 3559
8399 3565
8400 3516
8401 3523
8402 3529
8403 3536
8404 3534
8405 3539
8406 3538
8407 3544
8408 3547
8409 3553
8410 3552
8411 3559
8412 3557
8413 3564
8414 3566
8415 3553
8416 3552
8417 3558
8418 3553
8419 3562
8420 3560
8421 3563
8422 3569
8423 3578
8424 3549
8425 3553
8426 3556
8427 3561
8428 3553
8429 3562
8430 3556
8431 3565
8432 3556
8433 3560
8434 3567
8435 3569
8436 3556
8437 3559
8438 3565
8439 3568
8440 3563
8441 3569
8442 3556
8443 3564
8444 3569
8445 3572
8446 3574
8447 3583
8448 3557
8449 3560
8450 3553
8451 3555
8452 3560
8453 3567
8454 3569
8455 3572
8456 3566
8457 3573
8458 3580
8459 3586
8460 3561
8461 3570
8462 3576
8463 3571
8464 3566
8465 3573
8466 3568
8467 3576
8468 3575
8469 3579
8470 3566
8471 3573
8472 3567
8473 3574
8474 3577
8475 3575
8476 3574
8477 3578
8478 3573
8479 3580
8480 3566
8481 3569
8482 3576
8483 3582
8484 3569
8485 3575
8486 3582
8487 3581
8488 3583
8489 3590
8490 3585
8491 3591
8492 3590
8493 3592
8494 3595
8495 3602
8496 3582
8497 3589
8498 3592
8499 3598
8500 3585
8501 3593
8502 3588
8503 3595
8504 3597
8505 3584
8506 3591
8507 3597
8508 3596
8509 3602
8510 3597
8511 3604
8512 3586
8513 3595
8514 3582
8515 3584
8516 3589
8517 3591
8518 3598
8519 3605
8520 3583
8521 3592
8522 3599
8523 3603
8524 3608
8525 3606
8526 3593
8527 3602
8528 3592
8529 3599
8530 3602
8531 3608
8532 3595
8533 3598
8534 3600
8535 3603
8536 3597
8537 3606
8538 3609
8539 3617
8540 3604
8541 3603
8542 3609
8543 3618
8544 3604
8545 3611
8546 3618
8547 3612
8548 3617
8549 3624
8550 3598
8551 3605
8552 3607
8553 3614
8554 3609
8555 3611
8556 3598
8557 3605
8558 3607
8559 3610
8560 3601
8561 3607
8562 3610
8563 3618
8564 3623
8565 3626
8566 3632
8567 3639
8568 3602
8569 3604
8570 3607
8571 3613
8572 3618
8573 3627
8574 3629
8575 3628
8576 3623
8577 3627
8578 3634
8579 3641
8580 3603
8581 3612
8582 3614
8583 3621
8584 3616
8585 3618
8586 3609
8587 3616
8588 3614
8589 3617
8590 3620
8591 3624
8592 3615
8593 3621
8594 3628
8595 3627
8596 3625
8597 3634
8598 3637
8599 3645
8600 3632
8601 3635
8602 3629
8603 3636
8604 3628
8605 3635
8606 3638
8607 3640
8608 3639
8609 3648
8610 3626
8611 3633
8612 3638
8613 3632
8614 3635
8615 3641
8616 3636
8617 3643
8618 3645
8619 3644
8620 3643
8621 3649
8622 3648
8623 3657
8624 3637
8625 3632
8626 3634
8627 3643
8628 3642
8629 3650
8630 3653
8631 3652
8632 3646
8633 3653
8634 3656
8635 3658
8636 3657
8637 3664
8638 3666
8639 3673
8640 3627
8641 3636
8642 3639
8643 3641
8644 3646
8645 3641
8646 3635
8647 3644
8648 3639
8649 3640
8650 3639
8651 3646
8652 3632
8653 3639
8654 3645
8655 3648
8656 3649
8657 3655
8658 3642
8659 3649
8660 3647
8661 3654
8662 3657
8663 3665
8664 3652
8665 3659
8666 3661
8667 3662
8668 3660
8669 3669
8670 3656
8671 3658
8672 3657
8673 3656
8674 3662
8675 3667
8676 3660
8677 3668
8678 3675
8679 3678
8680 3656
8681 3665
8682 3668
8683 3674
8684 3673
8685 3671
8686 3674
8687 3677
8688 3667
8689 3676
8690 3671
8691 3677
8692 3676
8693 3685
8694 3663
8695 3666
8696 3669
8697 3671
8698 3678
8699 3687
8700 3661
8701 3664
8702 3666
8703 3671
8704 3662
8705 3668
8706 3671
8707 3680
8708 3678
8709 3685
8710 3680
8711 3686
8712 3661
8713 3670
8714 3676
8715 3671
8716 3676
8717 3682
8718 3685
8719 3693
8720 3684
8721 3679
8722 3677
8723 3680
8724 3679
8725 3683
8726 3690
8727 3697
8728 3699
8729 3702
8730 3689
8731 3697
8732 3696
8733 3699
8734 3701
8735 3708
8736 3671
8737 3679
8738 3682
8739 3687
8740 3673
8741 3682
8742 3676
8743 3683
8744 3686
8745 3680
8746 3687
8747 3696
8748 3682
8749 3689
8750 3680
8751 3686
8752 3687
8753 3696
8754 3698
8755 3701
8756 3700
8757 3698
8758 3701
8759 3708
8760 3686
8761 3695
8762 3698
8763 3700
8764 3699
8765 3706
8766 3704
8767 3711
8768 3708
8769 3710
8770 3713
8771 3717
8772 3704
8773 3711
8774 3713
8775 3700
8776 3703
8777 3709
8778 3688
8779 3697
8780 3695
8781 3702
8782 3709
8783 3717
8784 3698
8785 3701
8786 3703
8787 3706
8788 3705
8789 3707
8790 3702
8791 3709
8792 3703
8793 3708
8794 3715
8795 3721
8796 3720
8797 3727
8798 3729
8799 3732
8800 3707
8801 3713
8802 3708
8803 3717
8804 3715
8805 3718
8806 3713
8807 3721
8808 3716
8809 3723
8810 3725
8811 3724
8812 3728
8813 3735
8814 3730
8815 3732
8816 3723
8817 3730
8818 3736
8819 3745
8820 3702
8821 3710
8822 3713
8823 3716
8824 3718
8825 3723
8826 3726
8827 3728
8828 3733
8829 3734
8830 3736
8831 3745
8832 3724
8833 3728
8834 3731
8835 3726
8836 3727
8837 3736
8838 3735
8839 3743
8840 3722
8841 3725
8842 3731
8843 3738
8844 3725
8845 3727
8846 3734
8847 3739
8848 3729
8849 3738
8850 3725
8851 3731
8852 3736
8853 3739
8854 3741
8855 3736
8856 3715
8857 3721
8858 3724
8859 3731
8860 3729
8861 3738
8862 3733
8863 3741
8864 3740
8865 3739
8866 3733
8867 3742
8868 3741
8869 3745
8870 3748
8871 3755
8872 3757
8873 3764
8874 3751
8875 3753
8876 3752
8877 3755
8878 3757
8879 3764
8880 3735
8881 3741
8882 3748
8883 3743
8884 3747
8885 3754
8886 3757
8887 3765
8888 3760
8889 3767
8890 3761
8891 3768
8892 3743
8893 3751
8894 3758
8895 3761
8896 3757
8897 3760
8898 3763
8899 3769
8900 3762
8901 3761
8902 3767
8903 3774
8904 3753
8905 3755
8906 3758
8907 3765
8908 3763
8909 3770
8910 3741
8911 3743
8912 3744
8913 3751
8914 3758
8915 3764
8916 3763
8917 3770
8918 3764
8919 3769
8920 3764
8921 3770
8922 3773
8923 3782
8924 3780
8925 3767
8926 3774
8927 3780
8928 3755
8929 3764
8930 3758
8931 3761
8932 3748
8933 3756
8934 3759
8935 3766
8936 3768
8937 3771
8938 3774
8939 3780
8940 3767
8941 3776
8942 3778
8943 3781
8944 3772
8945 3778
8946 3765
8947 3772
8948 3776
8949 3779
8950 3778
8951 3786
8952 3781
8953 3788
8954 3786
8955 3785
8956 3790
8957 3795
8958 3797
8959 3802
8960 3777
8961 3779
8962 3786
8963 3795
8964 3781
8965 3784
8966 3791
8967 3789
8968 3784
8969 3793
8970 3771
8971 3780
8972 3785
8973 3789
8974 3792
8975 3797
8976 3767
8977 3774
8978 3779
8979 3781
8980 3780
8981 3787
8982 3785
8983 3792
8984 3795
8985 3798
8986 3804
8987 3807
8988 3794
8989 3800
8990 3795
8991 3794
8992 3792
8993 3797
8994 3800
8995 3802
8996 3801
8997 3808
8998 3810
8999 3819
9000 3782
9001 3790
9002 3793
9003 3800
9004 3804
9005 3811
9006 3806
9007 3815
9008 3815
9009 3802
9010 3797
9011 3805
9012 3804
9013 3813
9014 3819
9015 3822
9016 3809
9017 3815
9018 3810
9019 3817
9020 3803
9021 3806
9022 3809
9023 3815
9024 3798
9025 3800
9026 3807
9027 3805
9028 3804
9029 3813
9030 3791
9031 3798
9032 3801
9033 3807
9034 3814
9035 3817
9036 3809
9037 3816
9038 3823
9039 3825
9040 3816
9041 3825
9042 3820
9043 3828
9044 3815
9045 3810
9046 3816
9047 3823
9048 3802
9049 3810
9050 3809
9051 3812
9052 3810
9053 3817
9054 3816
9055 3822
9056 3821
9057 3828
9058 3831
9059 3839
9060 3826
9061 3829
9062 3831
9063 3830
9064 3825
9065 3823
9066 3826
9067 3835
9068 3839
9069 3846
9070 3849
9071 3855
9072 3816
9073 3823
9074 3826
9075 3818
9076 3823
9077 3830
9078 3824
9079 3831
9080 3826
9081 3830
9082 3833
9083 3840
9084 3838
9085 3841
9086 3836
9087 3839
9088 3833
9089 3840
9090 3827
9091 3835
9092 3840
9093 3843
9094 3849
9095 3852
9096 3847
9097 3853
9098 3860
9099 3863
9100 3838
9101 3844
9102 3839
9103 3848
9104 3848
9105 3851
9106 3854
9107 3860
9108 3835
9109 3844
9110 3846
9111 3853
9112 3848
9113 3855
9114 3841
9115 3848
9116 3847
9117 3851
9118 3854
9119 3861
9120 3823
9121 3830
9122 3837
9123 3844
9124 3848
9125 3851
9126 3838
9127 3846
9128 3841
9129 3844
9130 3838
9131 3845
9132 3844
9133 3852
9134 3859
9135 3846
9136 3847
9137 3855
9138 3858
9139 3861
9140 3859
9141 3862
9142 3865
9143 3871
9144 3858
9145 3861
9146 3864
9147 3870
9148 3875
9149 3882
9150 3868
9151 3877
9152 3860
9153 3860
9154 3863
9155 3870
9156 3857
9157 3865
9158 3868
9159 3871
9160 3865
9161 3874
9162 3873
9163 3871
9164 3870
9165 3865
9166 3872
9167 3878
9168 3869
9169 3876
9170 3870
9171 3875
9172 3880
9173 3888
9174 3883
9175 3888
9176 3883
9177 3877
9178 3880
9179 3887
9180 3849
9181 3858
9182 3865
9183 3871
9184 3858
9185 3861
9186 3864
9187 3872
9188 3877
9189 3882
9190 3884
9191 3887
9192 3882
9193 3888
9194 3895
9195 3898
9196 3891
9197 3897
9198 3884
9199 3893
9200 3873
9201 3880
9202 3883
9203 3892
9204 3878
9205 3881
9206 3888
9207 3882
9208 3885
9209 3894
9210 3888
9211 3895
9212 3888
9213 3891
9214 3893
9215 3896
9216 3874
9217 3880
9218 3883
9219 3886
9220 3885
9221 3893
9222 3888
9223 3895
9224 3897
9225 3890
9226 3893
9227 3901
9228 3900
9229 3907
9230 3902
9231 3904
9232 3905
9233 3912
9234 3898
9235 3905
9236 3910
9237 3917
9238 3919
9239 3928
9240 3875
9241 3883
9242 3890
9243 3889
9244 3893
9245 3898
9246 3893
9247 3900
9248 3892
9249 3899
9250 3894
9251 3898
9252 3891
9253 3898
9254 3901
9255 3903
9256 3898
9257 3907
9258 3909
9259 3916
9260 3915
9261 3910
9262 3912
9263 3919
9264 3910
9265 3912
9266 3915
9267 3922
9268 3921
9269 3923
9270 3910
9271 3917
9272 3911
9273 3914
9274 3921
9275 3920
9276 3918
9277 3927
9278 3934
9279 3938
9280 3921
9281 3930
9282 3909
9283 3917
9284 3916
9285 3919
9286 3925
9287 3932
9288 3911
9289 3918
9290 3920
9291 3923
9292 3922
9293 3930
9294 3933
9295 3932
9296 3923
9297 3927
9298 3934
9299 3941
9300 3915
9301 3922
9302 3929
9303 3932
9304 3934
9305 3941
9306 3928
9307 3934
9308 3933
9309 3936
9310 3923
9311 3931
9312 3918
9313 3925
9314 3931
9315 3922
9316 3921
9317 3924
9318 3926
9319 3935
9320 3930
9321 3932
9322 3935
9323 3944
9324 3919
9325 3923
9326 3930
9327 3937
9328 3927
9329 3934
9330 3929
9331 3932
9332 3936
9333 3935
9334 3938
9335 3944
9336 3939
9337 3948
9338 3943
9339 3945
9340 3944
9341 3953
9342 3947
9343 3956
9344 3951
9345 3946
9346 3952
9347 3959
9348 3946
9349 3955
9350 3941
9351 3946
9352 3941
9353 3947
9354 3950
9355 3957
9356 3962
9357 3968
9358 3975
9359 3980
9360 3930
9361 3933
9362 3936
9363 3943
9364 3947
9365 3954
9366 3949
9367 3952
9368 3954
9369 3957
9370 3960
9371 3968
9372 3955
9373 3958
9374 3961
9375 3959
9376 3958
9377 3967
9378 3965
9379 3972
9380 3959
9381 3962
9382 3968
9383 3975
9384 3954
9385 3961
9386 3959
9387 3958
9388 3963
9389 3969
9390 3964
9391 3973
9392 3974
9393 3976
9394 3971
9395 3978
9396 3958
9397 3967
9398 3970
9399 3973
9400 3959
9401 3962
9402 3965
9403 3974
9404 3978
9405 3965
9406 3972
9407 3978
9408 3947
9409 3955
9410 3958
9411 3964
9412 3963
9413 3972
9414 3971
9415 3973
9416 3968
9417 3971
9418 3973
9419 3982
9420 3969
9421 3978
9422 3980
9423 3983
9424 3974
9425 3973
9426 3975
9427 3982
9428 3987
9429 3989
9430 3984
9431 3993
9432 3980
9433 3988
9434 3991
9435 3986
9436 3985
9437 3993
9438 3980
9439 3989
9440 3976
9441 3980
9442 3987
9443 3990
9444 3988
9445 3995
9446 4002
9447 4005
9448 4007
9449 4014
9450 3977
9451 3984
9452 3982
9453 3985
9454 3988
9455 3990
9456 3981
9457 3986
9458 3993
9459 3997
9460 3984
9461 3993
9462 3988
9463 3996
9464 3983
9465 3986
9466 3993
9467 4001
9468 3994
9469 4001
9470 4003
9471 3998
9472 3991
9473 4000
9474 4002
9475 4007
9476 4006
9477 4003
9478 4005
9479 4014
9480 3993
9481 4000
9482 4002
9483 4005
9484 4010
9485 4012
9486 3999
9487 4006
9488 4007
9489 4013
9490 4008
9491 4017
9492 4004
9493 4010
9494 4013
9495 4012
9496 4015
9497 4023
9498 4026
9499 4029
9500 4015
9501 4022
9502 4029
9503 4032
9504 3994
9505 4001
9506 4000
9507 4007
9508 4011
9509 4018
9510 4013
9511 4022
9512 4016
9513 4015
9514 4018
9515 4021
9516 4007
9517 4014
9518 4021
9519 4024
9520 3994
9521 4003
9522 3996
9523 4002
9524 4007
9525 4006
9526 4009
9527 4015
9528 4010
9529 4017
9530 4020
9531 4022
9532 4027
9533 4036
9534 4031
9535 4037
9536 4034
9537 4033
9538 4036
9539 4044
9540 4019
9541 4022
9542 4025
9543 4031
9544 4034
9545 4037
9546 4031
9547 4040
9548 4027
9549 4032
9550 4030
9551 4039
9552 4030
9553 4037
9554 4039
9555 4026
9556 4031
9557 4038
9558 4028
9559 4033
9560 4028
9561 4035
9562 4037
9563 4044
9564 4043
9565 4050
9566 4056
9567 4061
9568 4048
9569 4055
9570 4033
9571 4040
9572 4045
9573 4052
9574 4058
9575 4063
9576 4026
9577 4032
9578 4039
9579 4042
9580 4041
9581 4043
9582 4046
9583 4051
9584 4052
9585 4046
9586 4053
9587 4062
9588 4049
9589 4055
9590 4050
9591 4053
9592 4048
9593 4054
9594 4041
9595 4044
9596 4049
9597 4051
9598 4058
9599 4065
9600 4028
9601 4036
9602 4043
9603 4042
9604 4038
9605 4040
9606 4043
9607 4050
9608 4053
9609 4059
9610 4058
9611 4065
9612 4052
9613 4060
9614 4055
9615 4058
9616 4059
9617 4065
9618 4060
9619 4069
9620 4056
9621 4060
9622 4063
9623 4072
9624 4067
9625 4061
9626 4068
9627 4075
9628 4074
9629 4082
9630 4069
9631 4078
9632 4065
9633 4063
9634 4070
9635 4073
9636 4060
9637 4066
9638 4069
9639 4060
9640 4055
9641 4061
9642 4064
9643 4073
9644 4078
9645 4080
9646 4075
9647 4082
9648 4063
9649 4071
9650 4070
9651 4077
9652 4076
9653 4080
9654 4083
9655 4090
9656 4085
9657 4083
9658 4086
9659 4093
9660 4056
9661 4064
9662 4071
9663 4078
9664 4075
9665 4081
9666 4076
9667 4083
9668 4088
9669 4090
9670 4093
9671 4100
9672 4079
9673 4085
9674 4088
9675 4081
9676 4080
9677 4088
9678 4091
9679 4100
9680 4081
9681 4083
9682 4086
9683 4093
9684 4086
9685 4088
9686 4091
9687 4098
9688 4093
9689 4102
9690 4080
9691 4087
9692 4092
9693 4095
9694 4097
9695 4100
9696 4087
9697 4096
9698 4098
9699 4101
9700 4094
9701 4101
9702 4075
9703 4082
9704 4085
9705 4088
9706 4090
9707 4097
9708 4096
9709 4099
9710 4101
9711 4100
9712 4101
9713 4108
9714 4110
9715 4113
9716 4112
9717 4115
9718 4117
9719 4126
9720 4089
9721 4098
9722 4105
9723 4107
9724 4094
9725 4099
9726 4102
9727 4108
9728 4099
9729 4098
9730 4093
9731 4099
9732 4098
9733 4107
9734 4110
9735 4104
9736 4107
9737 4110
9738 4109
9739 4117
9740 4116
9741 4119
9742 4126
9743 4134
9744 4105
9745 4112
9746 4115
9747 4114
9748 4118
9749 4127
9750 4106
9751 4111
9752 4105
9753 4112
9754 4119
9755 4126
9756 4118
9757 4125
9758 4120
9759 4127
9760 4113
9761 4120
9762 4123
9763 4130
9764 4135
9765 4121
9766 4124
9767 4133
9768 4112
9769 4120
9770 4123
9771 4130
9772 4129
9773 4135
9774 4130
9775 4129
9776 4120
9777 4126
9778 4133
9779 4136
9780 4123
9781 4132
9782 4134
9783 4139
9784 4142
9785 4145
9786 4139
9787 4148
9788 4153
9789 4156
9790 4150
9791 4159
9792 4128
9793 4135
9794 4137
9795 4140
9796 4139
9797 4146
9798 4141
9799 4147
9800 4122
9801 4118
9802 4117
9803 4125
9804 4112
9805 4115
9806 4122
9807 4124
9808 4125
9809 4132
9810 4119
9811 4128
9812 4126
9813 4133
9814 4136
9815 4139
9816 4133
9817 4142
9818 4149
9819 4154
9820 4152
9821 4155
9822 4158
9823 4161
9824 4160
9825 4158
9826 4161
9827 4168
9828 4131
9829 4139
9830 4142
9831 4145
9832 4148
9833 4156
9834 4151
9835 4154
9836 4159
9837 4164
9838 4170
9839 4179
9840 4150
9841 4157
9842 4151
9843 4154
9844 4153
9845 4156
9846 4154
9847 4161
9848 4164
9849 4163
9850 4162
9851 4170
9852 4169
9853 4176
9854 4179
9855 4173
9856 4152
9857 4161
9858 4156
9859 4165
9860 4151
9861 4154
9862 4161
9863 4168
9864 4154
9865 4161
9866 4168
9867 4163
9868 4167
9869 4174
9870 4153
9871 4162
9872 4163
9873 4167
9874 4174
9875 4177
9876 4176
9877 4178
9878 4181
9879 4184
9880 4163
9881 4170
9882 4160
9883 4169
9884 4168
9885 4171
9886 4177
9887 4186
9888 4173
9889 4176
9890 4171
9891 4169
9892 4174
9893 4181
9894 4176
9895 4182
9896 4185
9897 4192
9898 4191
9899 4198
9900 4154
9901 4163
9902 4170
9903 4177
9904 4177
9905 4180
9906 4175
9907 4184
9908 4189
9909 4191
9910 4194
9911 4197
9912 4176
9913 4182
9914 4189
9915 4192
9916 4191
9917 4198
9918 4184
9919 4187
9920 4170
9921 4177
9922 4175
9923 4184
9924 4183
9925 4188
9926 4191
9927 4195
9928 4190
9929 4199
9930 4194
9931 4202
9932 4201
9933 4196
9934 4203
9935 4210
9936 4180
9937 4187
9938 4194
9939 4201
9940 4187
9941 4196
9942 4199
9943 4206
9944 4201
9945 4187
9946 4194
9947 4197
9948 4196
9949 4205
9950 4203
9951 4206
9952 4205
9953 4212
9954 4198
9955 4201
9956 4200
9957 4207
9958 4210
9959 4216
9960 4195
9961 4202
9962 4205
9963 4203
9964 4202
9965 4209
9966 4204
9967 4213
9968 4203
9969 4210
9970 4213
9971 4218
9972 4211
9973 4219
9974 4226
9975 4213
9976 4208
9977 4214
9978 4217
9979 4224
9980 4223
9981 4228
9982 4222
9983 4229
9984 4204
9985 4211
9986 4218
9987 4224
9988 4223
9989 4230
9990 4209
9991 4215
9992 4218
9993 4225
9994 4228
9995 4235
9996 4209
9997 4216
9998 4223
9999 4222
10000 4208
