1 0
2 0
3 0
4 1
5 1
6 2
7 1
8 3
9 2
10 2
11 2
12 3
13 3
14 4
15 2
16 4
17 2
18 4
19 4
20 4
21 4
22 5
23 3
24 4
25 6
26 5
27 3
28 6
29 3
30 3
31 6
32 6
33 5
34 7
35 3
36 4
37 7
38 6
39 5
40 8
41 3
42 7
43 7
44 7
45 4
46 10
47 5
48 6
49 9
50 5
51 5
52 11
53 5
54 6
55 9
56 7
57 6
58 10
59 7
60 5
61 11
62 8
63 6
64 10
65 5
66 6
67 12
68 8
69 5
70 12
71 5
72 9
73 12
74 8
75 6
76 13
77 7
78 6
79 11
80 9
81 9
82 16
83 4
84 8
85 12
86 9
87 9
88 13
89 7
90 6
91 13
92 11
93 8
94 16
95 6
96 7
97 15
98 9
99 7
100 14
101 8
102 11
103 14
104 10
105 8
106 16
107 8
108 10
109 16
110 11
111 8
112 21
113 5
114 9
115 17
116 11
117 10
118 18
119 10
120 7
121 14
122 14
123 9
124 17
125 7
126 9
127 18
128 11
129 9
130 16
131 8
132 12
133 17
134 10
135 8
136 21
137 11
138 11
139 16
140 11
141 9
142 25
143 10
144 9
145 18
146 10
147 11
148 20
149 9
150 10
151 18
152 14
153 12
154 18
155 7
156 10
157 26
158 13
159 12
160 19
161 10
162 13
163 17
164 12
165 12
166 20
167 10
168 12
169 18
170 12
171 12
172 26
173 7
174 9
175 21
176 11
177 13
178 25
179 12
180 9
181 22
182 16
183 11
184 22
185 12
186 13
187 26
188 13
189 10
190 19
191 9
192 18
193 21
194 15
195 12
196 24
197 13
198 12
199 26
200 14
201 13
202 30
203 13
204 11
205 24
206 13
207 16
208 22
209 12
210 9
211 20
212 17
213 15
214 25
215 12
216 12
217 29
218 11
219 12
220 25
221 13
222 16
223 21
224 12
225 13
226 26
227 19
228 14
229 26
230 12
231 13
232 31
233 12
234 17
235 27
236 15
237 17
238 26
239 11
240 13
241 28
242 18
243 14
244 27
245 15
246 16
247 34
248 17
249 12
250 27
251 11
252 21
253 24
254 15
255 13
256 28
257 16
258 15
259 25
260 14
261 11
262 42
263 12
264 16
265 27
266 16
267 16
268 28
269 16
270 13
271 27
272 21
273 14
274 27
275 14
276 17
277 33
278 18
279 13
280 32
281 13
282 19
283 30
284 16
285 15
286 30
287 20
288 16
289 27
290 19
291 17
292 42
293 12
294 16
295 28
296 16
297 21
298 29
299 15
300 11
301 28
302 22
303 14
304 35
305 14
306 17
307 35
308 15
309 14
310 30
311 18
312 22
313 35
314 19
315 14
316 33
317 18
318 21
319 30
320 19
321 15
322 41
323 14
324 16
325 34
326 19
327 21
328 32
329 16
330 14
331 32
332 28
333 17
334 31
335 14
336 18
337 37
338 17
339 21
340 33
341 16
342 18
343 29
344 18
345 13
346 43
347 19
348 18
349 31
350 18
351 18
352 42
353 17
354 18
355 31
356 19
357 26
358 33
359 17
360 20
361 34
362 23
363 16
364 32
365 16
366 18
367 48
368 21
369 18
370 35
371 16
372 22
373 31
374 21
375 15
376 37
377 18
378 18
379 34
380 20
381 21
382 51
383 18
384 16
385 34
386 19
387 22
388 42
389 20
390 20
391 36
392 23
393 18
394 32
395 19
396 20
397 45
398 21
399 18
400 35
401 19
402 27
403 36
404 18
405 19
406 36
407 23
408 18
409 43
410 21
411 19
412 50
413 15
414 15
415 34
416 26
417 25
418 36
419 16
420 19
421 33
422 30
423 25
424 39
425 17
426 17
427 49
428 19
429 18
430 41
431 17
432 26
433 38
434 24
435 21
436 38
437 27
438 20
439 37
440 18
441 21
442 50
443 18
444 22
445 41
446 22
447 25
448 44
449 20
450 23
451 44
452 28
453 21
454 37
455 19
456 19
457 46
458 27
459 20
460 42
461 16
462 29
463 35
464 24
465 23
466 43
467 28
468 19
469 42
470 23
471 22
472 64
473 19
474 19
475 38
476 22
477 26
478 43
479 24
480 20
481 40
482 29
483 24
484 44
485 21
486 23
487 53
488 23
489 22
490 43
491 15
492 27
493 47
494 26
495 20
496 43
497 24
498 21
499 39
500 33
501 23
502 55
503 15
504 22
505 40
506 21
507 34
508 42
509 21
510 21
511 48
512 32
513 23
514 51
515 21
516 20
517 55
518 21
519 19
520 46
521 24
522 33
523 40
524 26
525 20
526 48
527 27
528 26
529 45
530 24
531 23
532 55
533 19
534 18
535 51
536 26
537 30
538 45
539 24
540 18
541 43
542 38
543 23
544 45
545 20
546 20
547 52
548 24
549 26
550 43
551 22
552 32
553 43
554 27
555 21
556 53
557 30
558 23
559 43
560 23
561 26
562 57
563 24
564 23
565 48
566 28
567 31
568 46
569 24
570 25
571 44
572 32
573 23
574 46
575 23
576 20
577 76
578 28
579 23
580 43
581 22
582 29
583 43
584 28
585 20
586 48
587 27
588 27
589 44
590 26
591 28
592 61
593 22
594 23
595 49
596 26
597 27
598 59
599 27
600 21
601 44
602 33
603 25
604 53
605 30
606 21
607 60
608 27
609 25
610 49
611 23
612 34
613 50
614 25
615 25
616 45
617 36
618 27
619 56
620 28
621 31
622 65
623 24
624 23
625 47
626 27
627 34
628 46
629 23
630 25
631 43
632 38
633 31
634 50
635 27
636 25
637 68
638 23
639 22
640 56
641 22
642 32
643 56
644 27
645 22
646 50
647 37
648 28
649 50
650 25
651 28
652 68
653 25
654 34
655 57
656 31
657 34
658 51
659 26
660 25
661 64
662 37
663 30
664 47
665 29
666 28
667 66
668 33
669 27
670 52
671 25
672 33
673 45
674 32
675 27
676 57
677 33
678 26
679 51
680 25
681 28
682 86
683 26
684 24
685 50
686 27
687 35
688 57
689 32
690 25
691 53
692 36
693 29
694 53
695 30
696 31
697 68
698 30
699 27
700 49
701 22
702 33
703 59
704 28
705 26
706 51
707 33
708 24
709 57
710 32
711 28
712 70
713 23
714 27
715 51
716 28
717 42
718 52
719 26
720 27
721 58
722 40
723 24
724 65
725 22
726 29
727 68
728 30
729 25
730 56
731 33
732 32
733 54
734 30
735 27
736 52
737 34
738 32
739 55
740 29
741 29
742 80
743 21
744 28
745 62
746 30
747 43
748 57
749 29
750 28
751 54
752 47
753 32
754 56
755 29
756 34
757 66
758 33
759 35
760 61
761 25
762 35
763 56
764 33
765 25
766 66
767 30
768 30
769 55
770 27
771 29
772 78
773 33
774 27
775 59
776 32
777 39
778 58
779 29
780 34
781 54
782 38
783 30
784 58
785 26
786 36
787 83
788 34
789 28
790 63
791 27
792 44
793 54
794 37
795 28
796 61
797 38
798 30
799 56
800 29
801 32
802 80
803 26
804 27
805 53
806 31
807 39
808 76
809 25
810 29
811 54
812 44
813 30
814 60
815 37
816 34
817 77
818 30
819 32
820 59
821 27
822 50
823 57
824 35
825 31
826 67
827 36
828 31
829 67
830 35
831 30
832 79
833 26
834 29
835 53
836 38
837 42
838 67
839 27
840 34
841 67
842 42
843 33
844 61
845 31
846 30
847 78
848 29
849 28
850 72
851 30
852 46
853 55
854 30
855 29
856 61
857 46
858 32
859 59
860 31
861 32
862 84
863 31
864 41
865 58
866 30
867 39
868 62
869 30
870 31
871 69
872 44
873 37
874 67
875 33
876 29
877 81
878 42
879 35
880 62
881 28
882 42
883 65
884 36
885 40
886 62
887 40
888 31
889 65
890 35
891 28
892 101
893 34
894 31
895 57
896 38
897 40
898 65
899 32
900 30
901 66
902 45
903 36
904 58
905 31
906 35
907 87
908 38
909 30
910 65
911 30
912 41
913 72
914 36
915 28
916 72
917 43
918 34
919 55
920 40
921 32
922 85
923 27
924 33
925 62
926 34
927 48
928 65
929 32
930 33
931 64
932 42
933 29
934 74
935 33
936 30
937 78
938 35
939 29
940 75
941 34
942 49
943 68
944 35
945 31
946 65
947 42
948 37
949 63
950 37
951 34
952 84
953 32
954 33
955 82
956 33
957 39
958 65
959 36
960 35
961 61
962 59
963 36
964 65
965 31
966 33
967 80
968 36
969 37
970 66
971 33
972 43
973 77
974 34
975 27
976 82
977 46
978 33
979 63
980 38
981 33
982 86
983 39
984 35
985 68
986 37
987 41
988 63
989 31
990 39
991 60
992 47
993 33
994 75
995 34
996 32
997 104
998 36
999 30
1000 70
1001 37
1002 42
1003 67
1004 44
1005 32
1006 77
1007 44
1008 33
1009 58
1010 38
1011 46
1012 90
1013 31
1014 33
1015 64
1016 40
1017 48
1018 79
1019 33
1020 37
1021 61
1022 50
1023 34
1024 68
1025 44
1026 32
1027 89
1028 41
1029 34
1030 71
1031 34
1032 55
1033 70
1034 33
1035 32
1036 77
1037 44
1038 33
1039 86
1040 37
1041 33
1042 95
1043 34
1044 31
1045 74
1046 50
1047 46
1048 69
1049 34
1050 44
1051 62
1052 49
1053 45
1054 74
1055 35
1056 37
1057 93
1058 34
1059 35
1060 88
1061 36
1062 52
1063 65
1064 37
1065 32
1066 72
1067 56
1068 35
1069 74
1070 37
1071 37
1072 114
1073 36
1074 43
1075 70
1076 33
1077 47
1078 70
1079 38
1080 34
1081 78
1082 50
1083 44
1084 74
1085 38
1086 40
1087 94
1088 42
1089 36
1090 69
1091 32
1092 53
1093 72
1094 42
1095 40
1096 77
1097 45
1098 39
1099 70
1100 36
1101 33
1102 114
1103 34
1104 38
1105 78
1106 42
1107 44
1108 73
1109 42
1110 35
1111 82
1112 51
1113 41
1114 75
1115 40
1116 49
1117 89
1118 41
1119 33
1120 74
1121 33
1122 46
1123 88
1124 45
1125 34
1126 72
1127 51
1128 44
1129 70
1130 51
1131 38
1132 98
1133 32
1134 34
1135 70
1136 36
1137 61
1138 85
1139 39
1140 35
1141 69
1142 47
1143 40
1144 86
1145 39
1146 42
1147 95
1148 36
1149 44
1150 82
1151 41
1152 49
1153 74
1154 38
1155 35
1156 78
1157 50
1158 43
1159 75
1160 41
1161 38
1162 100
1163 40
1164 39
1165 87
1166 42
1167 49
1168 78
1169 38
1170 35
1171 78
1172 60
1173 41
1174 76
1175 34
1176 41
1177 96
1178 39
1179 45
1180 77
1181 41
1182 55
1183 76
1184 43
1185 40
1186 92
1187 47
1188 39
1189 75
1190 39
1191 38
1192 101
1193 48
1194 34
1195 75
1196 41
1197 49
1198 80
1199 41
1200 42
1201 74
1202 62
1203 37
1204 86
1205 37
1206 44
1207 127
1208 39
1209 38
1210 72
1211 38
1212 48
1213 75
1214 48
1215 49
1216 83
1217 48
1218 41
1219 77
1220 36
1221 44
1222 100
1223 41
1224 40
1225 84
1226 44
1227 52
1228 99
1229 35
1230 40
1231 76
1232 59
1233 40
1234 81
1235 42
1236 41
1237 114
1238 44
1239 42
1240 79
1241 42
1242 61
1243 81
1244 43
1245 40
1246 80
1247 52
1248 41
1249 98
1250 44
1251 39
1252 106
1253 37
1254 39
1255 74
1256 46
1257 53
1258 77
1259 41
1260 43
1261 77
1262 50
1263 50
1264 76
1265 42
1266 42
1267 109
1268 41
1269 39
1270 105
1271 33
1272 49
1273 73
1274 39
1275 38
1276 80
1277 57
1278 40
1279 76
1280 46
1281 42
1282 114
1283 42
1284 48
1285 79
1286 41
1287 51
1288 75
1289 39
1290 41
1291 95
1292 66
1293 42
1294 83
1295 38
1296 42
1297 102
1298 50
1299 43
1300 86
1301 40
1302 56
1303 86
1304 45
1305 45
1306 91
1307 57
1308 37
1309 86
1310 34
1311 39
1312 132
1313 41
1314 41
1315 77
1316 44
1317 60
1318 81
1319 54
1320 42
1321 87
1322 59
1323 43
1324 77
1325 45
1326 52
1327 102
1328 44
1329 40
1330 77
1331 39
1332 62
1333 98
1334 49
1335 39
1336 94
1337 50
1338 43
1339 81
1340 52
1341 41
1342 107
1343 34
1344 42
1345 91
1346 42
1347 72
1348 89
1349 43
1350 45
1351 86
1352 54
1353 41
1354 98
1355 39
1356 43
1357 102
1358 54
1359 42
1360 82
1361 45
1362 60
1363 79
1364 45
1365 37
1366 82
1367 56
1368 53
1369 90
1370 50
1371 44
1372 119
1373 41
1374 42
1375 101
1376 45
1377 61
1378 86
1379 46
1380 43
1381 80
1382 71
1383 45
1384 90
1385 43
1386 43
1387 111
1388 45
1389 46
1390 87
1391 49
1392 51
1393 81
1394 43
1395 43
1396 104
1397 61
1398 39
1399 79
1400 45
1401 44
1402 130
1403 44
1404 43
1405 89
1406 50
1407 58
1408 77
1409 40
1410 54
1411 83
1412 58
1413 47
1414 93
1415 46
1416 41
1417 130
1418 44
1419 46
1420 80
1421 39
1422 53
1423 93
1424 61
1425 44
1426 86
1427 51
1428 44
1429 87
1430 43
1431 52
1432 116
1433 41
1434 43
1435 102
1436 50
1437 57
1438 102
1439 40
1440 41
1441 87
1442 59
1443 43
1444 84
1445 55
1446 42
1447 109
1448 51
1449 49
1450 87
1451 41
1452 66
1453 95
1454 50
1455 45
1456 95
1457 60
1458 39
1459 106
1460 47
1461 50
1462 126
1463 44
1464 43
1465 88
1466 55
1467 58
1468 98
1469 41
1470 45
1471 82
1472 66
1473 60
1474 93
1475 48
1476 45
1477 113
1478 39
1479 47
1480 104
1481 42
1482 60
1483 87
1484 45
1485 43
1486 89
1487 73
1488 48
1489 91
1490 49
1491 49
1492 121
1493 40
1494 52
1495 91
1496 47
1497 61
1498 92
1499 43
1500 48
1501 124
1502 64
1503 48
1504 95
1505 46
1506 48
1507 119
1508 58
1509 45
1510 93
1511 40
1512 66
1513 87
1514 51
1515 51
1516 91
1517 55
1518 46
1519 93
1520 42
1521 48
1522 145
1523 45
1524 43
1525 86
1526 50
1527 64
1528 91
1529 64
1530 44
1531 86
1532 65
1533 47
1534 98
1535 50
1536 57
1537 122
1538 49
1539 46
1540 97
1541 38
1542 64
1543 100
1544 51
1545 49
1546 97
1547 60
1548 48
1549 88
1550 53
1551 49
1552 124
1553 42
1554 45
1555 96
1556 51
1557 70
1558 96
1559 42
1560 47
1561 88
1562 60
1563 46
1564 108
1565 47
1566 49
1567 136
1568 46
1569 44
1570 90
1571 56
1572 63
1573 91
1574 51
1575 52
1576 90
1577 59
1578 58
1579 98
1580 49
1581 48
1582 122
1583 40
1584 46
1585 109
1586 53
1587 64
1588 97
1589 57
1590 42
1591 90
1592 79
1593 46
1594 93
1595 48
1596 45
1597 122
1598 50
1599 54
1600 105
1601 50
1602 60
1603 88
1604 50
1605 52
1606 120
1607 62
1608 51
1609 97
1610 48
1611 52
1612 131
1613 55
1614 47
1615 100
1616 50
1617 62
1618 99
1619 49
1620 59
1621 105
1622 71
1623 48
1624 99
1625 48
1626 46
1627 154
1628 48
1629 53
1630 91
1631 51
1632 62
1633 104
1634 64
1635 45
1636 98
1637 61
1638 53
1639 103
1640 48
1641 55
1642 126
1643 48
1644 57
1645 90
1646 50
1647 58
1648 114
1649 51
1650 48
1651 95
1652 62
1653 46
1654 92
1655 63
1656 44
1657 146
1658 51
1659 47
1660 95
1661 53
1662 81
1663 93
1664 50
1665 41
1666 111
1667 65
1668 56
1669 109
1670 56
1671 49
1672 127
1673 48
1674 49
1675 91
1676 67
1677 73
1678 101
1679 42
1680 54
1681 103
1682 67
1683 63
1684 93
1685 48
1686 43
1687 127
1688 54
1689 42
1690 123
1691 52
1692 64
1693 95
1694 52
1695 48
1696 112
1697 73
1698 52
1699 103
1700 49
1701 50
1702 128
1703 47
1704 56
1705 96
1706 49
1707 66
1708 110
1709 59
1710 55
1711 111
1712 72
1713 54
1714 99
1715 50
1716 46
1717 128
1718 59
1719 47
1720 101
1721 48
1722 72
1723 94
1724 50
1725 62
1726 95
1727 71
1728 47
1729 91
1730 43
1731 48
1732 168
1733 45
1734 50
1735 107
1736 58
1737 63
1738 111
1739 61
1740 52
1741 101
1742 72
1743 55
1744 99
1745 47
1746 59
1747 130
1748 59
1749 47
1750 99
1751 49
1752 71
1753 117
1754 58
1755 51
1756 100
1757 69
1758 49
1759 105
1760 59
1761 57
1762 140
1763 48
1764 51
1765 110
1766 50
1767 78
1768 104
1769 48
1770 50
1771 92
1772 64
1773 52
1774 133
1775 55
1776 66
1777 126
1778 50
1779 49
1780 102
1781 57
1782 73
1783 109
1784 53
1785 53
1786 99
1787 77
1788 68
1789 98
1790 51
1791 52
1792 140
1793 53
1794 54
1795 130
1796 55
1797 67
1798 113
1799 50
1800 53
1801 98
1802 81
1803 59
1804 101
1805 51
1806 53
1807 130
1808 51
1809 70
1810 112
1811 53
1812 75
1813 114
1814 54
1815 48
1816 123
1817 67
1818 56
1819 97
1820 59
1821 52
1822 134
1823 61
1824 50
1825 102
1826 63
1827 69
1828 106
1829 52
1830 63
1831 120
1832 75
1833 54
1834 104
1835 53
1836 52
1837 158
1838 53
1839 55
1840 106
1841 56
1842 79
1843 95
1844 68
1845 50
1846 106
1847 59
1848 52
1849 100
1850 50
1851 66
1852 159
1853 58
1854 48
1855 98
1856 49
1857 67
1858 123
1859 47
1860 48
1861 105
1862 74
1863 49
1864 118
1865 65
1866 56
1867 138
1868 55
1869 57
1870 100
1871 49
1872 85
1873 104
1874 57
1875 58
1876 113
1877 75
1878 61
1879 125
1880 50
1881 54
1882 138
1883 51
1884 50
1885 101
1886 71
1887 73
1888 105
1889 48
1890 58
1891 111
1892 73
1893 62
1894 107
1895 54
1896 58
1897 154
1898 52
1899 50
1900 120
1901 52
1902 70
1903 104
1904 56
1905 53
1906 112
1907 83
1908 64
1909 112
1910 53
1911 45
1912 145
1913 51
1914 59
1915 112
1916 60
1917 78
1918 105
1919 64
1920 55
1921 127
1922 73
1923 55
1924 105
1925 56
1926 54
1927 136
1928 73
1929 58
1930 128
1931 45
1932 65
1933 102
1934 57
1935 62
1936 112
1937 76
1938 55
1939 105
1940 52
1941 57
1942 179
1943 59
1944 53
1945 104
1946 60
1947 73
1948 108
1949 59
1950 52
1951 111
1952 83
1953 55
1954 101
1955 54
1956 70
1957 149
1958 54
1959 53
1960 106
1961 54
1962 78
1963 145
1964 58
1965 47
1966 124
1967 68
1968 54
1969 115
1970 61
1971 54
1972 144
1973 45
1974 59
1975 107
1976 64
1977 82
1978 111
1979 55
1980 56
1981 103
1982 79
1983 49
1984 130
1985 64
1986 59
1987 137
1988 56
1989 56
1990 107
1991 62
1992 65
1993 108
1994 59
1995 53
1996 120
1997 79
1998 65
1999 115
2000 57
2001 61
2002 150
2003 53
2004 56
2005 127
2006 61
2007 81
2008 122
2009 56
2010 55
2011 102
2012 92
2013 53
2014 127
2015 55
2016 56
2017 140
2018 66
2019 66
2020 118
2021 58
2022 73
2023 115
2024 61
2025 53
2026 136
2027 72
2028 62
2029 120
2030 63
2031 62
2032 145
2033 64
2034 62
2035 115
2036 58
2037 73
2038 116
2039 54
2040 82
2041 110
2042 84
2043 60
2044 114
2045 57
2046 54
2047 187
2048 60
2049 54
2050 111
2051 57
2052 75
2053 108
2054 68
2055 54
2056 114
2057 67
2058 60
2059 102
2060 58
2061 70
2062 166
2063 51
2064 56
2065 113
2066 60
2067 74
2068 135
2069 54
2070 58
2071 110
2072 74
2073 68
2074 111
2075 72
2076 57
2077 144
2078 59
2079 58
2080 114
2081 57
2082 97
2083 115
2084 67
2085 59
2086 129
2087 71
2088 56
2089 136
2090 61
2091 59
2092 160
2093 59
2094 53
2095 121
2096 77
2097 74
2098 115
2099 64
2100 59
2101 109
2102 80
2103 70
2104 126
2105 60
2106 64
2107 150
2108 59
2109 55
2110 134
2111 58
2112 83
2113 109
2114 58
2115 54
2116 128
2117 101
2118 62
2119 111
2120 57
2121 53
2122 147
2123 59
2124 65
2125 126
2126 60
2127 78
2128 133
2129 57
2130 51
2131 138
2132 79
2133 62
2134 114
2135 60
2136 54
2137 153
2138 80
2139 69
2140 118
2141 48
2142 80
2143 112
2144 60
2145 65
2146 118
2147 73
2148 55
2149 120
2150 72
2151 64
2152 194
2153 55
2154 54
2155 118
2156 63
2157 78
2158 119
2159 73
2160 56
2161 124
2162 85
2163 63
2164 127
2165 60
2166 68
2167 163
2168 59
2169 59
2170 118
2171 61
2172 85
2173 137
2174 62
2175 63
2176 116
2177 82
2178 54
2179 112
2180 68
2181 62
2182 162
2183 58
2184 58
2185 127
2186 59
2187 93
2188 119
2189 58
2190 56
2191 112
2192 78
2193 58
2194 158
2195 58
2196 59
2197 148
2198 61
2199 58
2200 111
2201 70
2202 83
2203 122
2204 63
2205 65
2206 120
2207 72
2208 76
2209 121
2210 57
2211 63
2212 154
2213 56
2214 63
2215 134
2216 77
2217 75
2218 130
2219 61
2220 56
2221 117
2222 93
2223 62
2224 116
2225 58
2226 61
2227 177
2228 64
2229 79
2230 117
2231 56
2232 83
2233 117
2234 67
2235 61
2236 142
2237 79
2238 69
2239 115
2240 61
2241 59
2242 176
2243 66
2244 64
2245 111
2246 64
2247 82
2248 118
2249 62
2250 63
2251 127
2252 89
2253 63
2254 116
2255 62
2256 62
2257 186
2258 60
2259 62
2260 123
2261 53
2262 72
2263 116
2264 72
2265 67
2266 121
2267 67
2268 70
2269 124
2270 65
2271 83
2272 164
2273 59
2274 63
2275 120
2276 65
2277 86
2278 148
2279 57
2280 57
2281 123
2282 91
2283 63
2284 121
2285 75
2286 62
2287 159
2288 62
2289 64
2290 118
2291 54
2292 89
2293 131
2294 73
2295 62
2296 124
2297 77
2298 63
2299 148
2300 63
2301 63
2302 162
2303 61
2304 65
2305 124
2306 78
2307 88
2308 130
2309 59
2310 61
2311 129
2312 87
2313 70
2314 122
2315 68
2316 60
2317 157
2318 66
2319 58
2320 166
2321 55
2322 77
2323 115
2324 63
2325 56
2326 137
2327 98
2328 61
2329 122
2330 62
2331 60
2332 158
2333 61
2334 82
2335 118
2336 67
2337 99
2338 124
2339 61
2340 65
2341 149
2342 92
2343 63
2344 122
2345 59
2346 65
2347 157
2348 86
2349 66
2350 125
2351 49
2352 83
2353 122
2354 71
2355 70
2356 129
2357 83
2358 67
2359 149
2360 67
2361 61
2362 195
2363 59
2364 60
2365 130
2366 69
2367 81
2368 126
2369 75
2370 65
2371 130
2372 102
2373 60
2374 115
2375 57
2376 74
2377 161
2378 68
2379 66
2380 127
2381 64
2382 86
2383 146
2384 70
2385 68
2386 142
2387 78
2388 64
2389 125
2390 70
2391 67
2392 196
2393 54
2394 59
2395 125
2396 63
2397 100
2398 143
2399 61
2400 57
2401 122
2402 84
2403 73
2404 155
2405 65
2406 67
2407 165
2408 70
2409 67
2410 122
2411 80
2412 87
2413 129
2414 75
2415 69
2416 126
2417 75
2418 75
2419 131
2420 68
2421 70
2422 190
2423 62
2424 69
2425 159
2426 72
2427 82
2428 130
2429 68
2430 60
2431 125
2432 105
2433 67
2434 124
2435 65
2436 66
2437 178
2438 72
2439 82
2440 127
2441 67
2442 81
2443 117
2444 66
2445 63
2446 156
2447 95
2448 62
2449 134
2450 72
2451 60
2452 169
2453 72
2454 63
2455 122
2456 75
2457 80
2458 143
2459 58
2460 76
2461 129
2462 89
2463 69
2464 131
2465 64
2466 61
2467 200
2468 68
2469 72
2470 124
2471 66
2472 89
2473 131
2474 82
2475 68
2476 133
2477 77
2478 70
2479 131
2480 68
2481 79
2482 174
2483 58
2484 62
2485 131
2486 68
2487 85
2488 165
2489 70
2490 59
2491 143
2492 92
2493 60
2494 133
2495 83
2496 67
2497 178
2498 73
2499 66
2500 124
2501 64
2502 119
2503 123
2504 66
2505 62
2506 134
2507 90
2508 71
2509 150
2510 68
2511 65
2512 175
2513 73
2514 62
2515 137
2516 80
2517 94
2518 140
2519 62
2520 63
2521 121
2522 90
2523 79
2524 154
2525 65
2526 65
2527 165
2528 73
2529 63
2530 156
2531 64
2532 91
2533 118
2534 65
2535 64
2536 138
2537 97
2538 61
2539 131
2540 66
2541 78
2542 170
2543 60
2544 74
2545 132
2546 78
2547 85
2548 134
2549 61
2550 65
2551 150
2552 92
2553 64
2554 150
2555 67
2556 66
2557 186
2558 88
2559 67
2560 133
2561 64
2562 90
2563 131
2564 72
2565 76
2566 135
2567 94
2568 70
2569 133
2570 72
2571 68
2572 209
2573 58
2574 67
2575 136
2576 67
2577 81
2578 135
2579 83
2580 74
2581 121
2582 88
2583 61
2584 129
2585 61
2586 74
2587 175
2588 73
2589 62
2590 146
2591 64
2592 98
2593 171
2594 70
2595 63
2596 137
2597 87
2598 68
2599 131
2600 79
2601 82
2602 176
2603 65
2604 62
2605 135
2606 72
2607 102
2608 137
2609 66
2610 65
2611 127
2612 109
2613 66
2614 158
2615 62
2616 67
2617 168
2618 74
2619 75
2620 132
2621 79
2622 87
2623 141
2624 76
2625 62
2626 146
2627 89
2628 71
2629 128
2630 75
2631 69
2632 197
2633 67
2634 69
2635 161
2636 71
2637 88
2638 134
2639 69
2640 61
2641 137
2642 112
2643 69
2644 137
2645 82
2646 69
2647 170
2648 70
2649 81
2650 145
2651 62
2652 83
2653 135
2654 66
2655 60
2656 186
2657 79
2658 73
2659 135
2660 72
2661 67
2662 175
2663 76
2664 69
2665 135
2666 70
2667 96
2668 133
2669 67
2670 82
2671 145
2672 94
2673 67
2674 136
2675 65
2676 70
2677 224
2678 77
2679 70
2680 132
2681 62
2682 89
2683 132
2684 90
2685 72
2686 140
2687 82
2688 70
2689 144
2690 70
2691 83
2692 177
2693 63
2694 69
2695 131
2696 73
2697 99
2698 168
2699 66
2700 68
2701 130
2702 99
2703 64
2704 140
2705 76
2706 64
2707 189
2708 72
2709 65
2710 145
2711 78
2712 112
2713 136
2714 73
2715 73
2716 147
2717 88
2718 72
2719 160
2720 77
2721 71
2722 208
2723 69
2724 69
2725 139
2726 95
2727 98
2728 146
2729 67
2730 69
2731 127
2732 93
2733 95
2734 134
2735 70
2736 73
2737 185
2738 70
2739 69
2740 167
2741 69
2742 95
2743 141
2744 80
2745 78
2746 146
2747 106
2748 75
2749 151
2750 75
2751 70
2752 182
2753 68
2754 85
2755 158
2756 78
2757 89
2758 141
2759 64
2760 67
2761 161
2762 115
2763 68
2764 154
2765 66
2766 81
2767 182
2768 91
2769 76
2770 142
2771 60
2772 95
2773 132
2774 77
2775 94
2776 139
2777 101
2778 81
2779 149
2780 74
2781 72
2782 228
2783 72
2784 68
2785 137
2786 77
2787 86
2788 175
2789 82
2790 70
2791 132
2792 98
2793 75
2794 144
2795 66
2796 95
2797 183
2798 80
2799 79
2800 147
2801 69
2802 101
2803 170
2804 78
2805 76
2806 137
2807 89
2808 74
2809 140
2810 94
2811 69
2812 191
2813 65
2814 72
2815 135
2816 71
2817 118
2818 150
2819 74
2820 66
2821 160
2822 101
2823 74
2824 175
2825 67
2826 72
2827 198
2828 76
2829 71
2830 157
2831 84
2832 103
2833 131
2834 74
2835 74
2836 150
2837 87
2838 83
2839 143
2840 92
2841 69
2842 193
2843 72
2844 68
2845 164
2846 76
2847 106
2848 148
2849 75
2850 63
2851 146
2852 121
2853 78
2854 156
2855 72
2856 72
2857 189
2858 74
2859 94
2860 147
2861 65
2862 93
2863 150
2864 79
2865 81
2866 191
2867 99
2868 70
2869 139
2870 75
2871 71
2872 189
2873 83
2874 69
2875 143
2876 83
2877 96
2878 160
2879 72
2880 81
2881 151
2882 99
2883 68
2884 147
2885 74
2886 80
2887 248
2888 80
2889 75
2890 150
2891 70
2892 104
2893 142
2894 92
2895 69
2896 143
2897 100
2898 94
2899 140
2900 78
2901 87
2902 202
2903 67
2904 65
2905 158
2906 75
2907 92
2908 177
2909 83
2910 62
2911 144
2912 99
2913 68
2914 152
2915 95
2916 77
2917 187
2918 87
2919 72
2920 154
2921 65
2922 119
2923 140
2924 76
2925 71
2926 153
2927 90
2928 76
2929 177
2930 78
2931 94
2932 222
2933 73
2934 68
2935 152
2936 93
2937 102
2938 152
2939 71
2940 69
2941 154
2942 115
2943 94
2944 153
2945 75
2946 71
2947 194
2948 76
2949 74
2950 172
2951 74
2952 96
2953 155
2954 88
2955 66
2956 153
2957 127
2958 78
2959 144
2960 85
2961 73
2962 197
2963 74
2964 95
2965 143
2966 83
2967 96
2968 156
2969 70
2970 78
2971 169
2972 113
2973 79
2974 149
2975 83
2976 73
2977 182
2978 102
2979 80
2980 146
2981 73
2982 100
2983 163
2984 82
2985 81
2986 165
2987 92
2988 73
2989 145
2990 71
2991 79
2992 246
2993 76
2994 69
2995 140
2996 84
2997 100
2998 147
2999 86
3000 76
3001 155
3002 107
3003 72
3004 145
3005 66
3006 91
3007 195
3008 88
3009 78
3010 148
3011 69
3012 97
3013 172
3014 76
3015 73
3016 156
3017 103
3018 71
3019 162
3020 94
3021 73
3022 224
3023 73
3024 72
3025 147
3026 75
3027 115
3028 150
3029 74
3030 86
3031 143
3032 100
3033 76
3034 185
3035 73
3036 78
3037 192
3038 81
3039 62
3040 149
3041 96
3042 92
3043 143
3044 82
3045 69
3046 148
3047 102
3048 98
3049 152
3050 82
3051 83
3052 234
3053 70
3054 71
3055 181
3056 77
3057 101
3058 149
3059 79
3060 72
3061 157
3062 123
3063 83
3064 150
3065 75
3066 78
3067 190
3068 90
3069 90
3070 162
3071 73
3072 97
3073 150
3074 94
3075 77
3076 183
3077 93
3078 78
3079 148
3080 81
3081 77
3082 199
3083 84
3084 81
3085 176
3086 75
3087 115
3088 163
3089 73
3090 87
3091 144
3092 112
3093 79
3094 154
3095 78
3096 82
3097 236
3098 83
3099 76
3100 169
3101 67
3102 99
3103 152
3104 98
3105 71
3106 167
3107 106
3108 75
3109 139
3110 79
3111 87
3112 202
3113 77
3114 72
3115 154
3116 78
3117 107
3118 207
3119 78
3120 67
3121 141
3122 108
3123 74
3124 152
3125 90
3126 88
3127 195
3128 78
3129 84
3130 158
3131 72
3132 120
3133 143
3134 79
3135 75
3136 171
3137 101
3138 74
3139 199
3140 95
3141 79
3142 205
3143 78
3144 77
3145 145
3146 100
3147 102
3148 157
3149 72
3150 77
3151 153
3152 117
3153 92
3154 162
3155 77
3156 74
3157 208
3158 84
3159 71
3160 186
3161 71
3162 108
3163 153
3164 84
3165 78
3166 150
3167 113
3168 77
3169 159
3170 84
3171 80
3172 201
3173 79
3174 89
3175 159
3176 80
3177 109
3178 171
3179 72
3180 73
3181 176
3182 115
3183 78
3184 175
3185 76
3186 76
3187 208
3188 97
3189 81
3190 150
3191 75
3192 105
3193 149
3194 82
3195 104
3196 159
3197 98
3198 81
3199 155
3200 81
3201 79
3202 250
3203 76
3204 88
3205 159
3206 93
3207 107
3208 172
3209 96
3210 78
3211 156
3212 108
3213 76
3214 148
3215 77
3216 88
3217 244
3218 84
3219 76
3220 168
3221 79
3222 101
3223 178
3224 84
3225 79
3226 151
3227 103
3228 83
3229 155
3230 115
3231 82
3232 203
3233 75
3234 77
3235 149
3236 78
3237 127
3238 164
3239 96
3240 72
3241 152
3242 108
3243 86
3244 185
3245 80
3246 70
3247 203
3248 80
3249 76
3250 170
3251 86
3252 96
3253 148
3254 90
3255 85
3256 167
3257 100
3258 98
3259 163
3260 84
3261 88
3262 216
3263 74
3264 78
3265 186
3266 80
3267 100
3268 157
3269 83
3270 74
3271 149
3272 154
3273 80
3274 159
3275 76
3276 79
3277 221
3278 87
3279 90
3280 152
3281 81
3282 111
3283 170
3284 83
3285 72
3286 183
3287 105
3288 83
3289 167
3290 78
3291 82
3292 207
3293 93
3294 85
3295 167
3296 77
3297 103
3298 159
3299 78
3300 96
3301 163
3302 109
3303 79
3304 153
3305 87
3306 82
3307 242
3308 88
3309 78
3310 156
3311 78
3312 106
3313 149
3314 103
3315 81
3316 177
3317 94
3318 76
3319 150
3320 83
3321 107
3322 213
3323 85
3324 72
3325 165
3326 80
3327 118
3328 191
3329 78
3330 80
3331 168
3332 119
3333 84
3334 185
3335 86
3336 80
3337 209
3338 92
3339 80
3340 165
3341 78
3342 127
3343 161
3344 85
3345 82
3346 167
3347 112
3348 84
3349 222
3350 88
3351 75
3352 214
3353 80
3354 81
3355 147
3356 104
3357 117
3358 167
3359 78
3360 95
3361 155
3362 115
3363 98
3364 156
3365 84
3366 74
3367 210
3368 80
3369 84
3370 197
3371 80
3372 107
3373 176
3374 85
3375 78
3376 162
3377 128
3378 83
3379 159
3380 85
3381 81
3382 245
3383 75
3384 87
3385 159
3386 91
3387 114
3388 156
3389 80
3390 80
3391 212
3392 117
3393 84
3394 171
3395 78
3396 80
3397 215
3398 100
3399 92
3400 154
3401 75
3402 105
3403 162
3404 96
3405 95
3406 159
3407 108
3408 90
3409 165
3410 87
3411 81
3412 282
3413 80
3414 71
3415 186
3416 84
3417 103
3418 176
3419 98
3420 69
3421 160
3422 116
3423 81
3424 163
3425 100
3426 108
3427 214
3428 88
3429 85
3430 162
3431 74
3432 108
3433 191
3434 84
3435 80
3436 174
3437 121
3438 93
3439 162
3440 105
3441 86
3442 223
3443 83
3444 81
3445 157
3446 78
3447 126
3448 188
3449 77
3450 76
3451 171
3452 109
3453 81
3454 201
3455 83
3456 83
3457 204
3458 83
3459 98
3460 166
3461 94
3462 110
3463 166
3464 103
3465 86
3466 160
3467 111
3468 100
3469 163
3470 97
3471 83
3472 218
3473 71
3474 81
3475 192
3476 85
3477 118
3478 166
3479 83
3480 84
3481 178
3482 139
3483 79
3484 171
3485 82
3486 88
3487 219
3488 95
3489 99
3490 179
3491 80
3492 118
3493 171
3494 87
3495 87
3496 205
3497 106
3498 85
3499 156
3500 83
3501 85
3502 224
3503 111
3504 85
3505 175
3506 84
3507 121
3508 171
3509 80
3510 104
3511 171
3512 111
3513 82
3514 177
3515 81
3516 90
3517 259
3518 81
3519 84
3520 171
3521 80
3522 110
3523 160
3524 110
3525 89
3526 169
3527 114
3528 87
3529 180
3530 91
3531 99
3532 234
3533 79
3534 80
3535 164
3536 94
3537 111
3538 202
3539 79
3540 83
3541 158
3542 126
3543 86
3544 184
3545 96
3546 85
3547 251
3548 90
3549 86
3550 178
3551 81
3552 136
3553 168
3554 84
3555 85
3556 174
3557 112
3558 97
3559 201
3560 90
3561 88
3562 241
3563 82
3564 84
3565 164
3566 102
3567 119
3568 194
3569 88
3570 90
3571 156
3572 112
3573 102
3574 167
3575 79
3576 85
3577 220
3578 93
3579 77
3580 230
3581 92
3582 119
3583 166
3584 89
3585 86
3586 166
3587 132
3588 91
3589 167
3590 87
3591 96
3592 226
3593 82
3594 108
3595 180
3596 87
3597 115
3598 175
3599 81
3600 89
3601 192
3602 122
3603 82
3604 168
3605 76
3606 86
3607 243
3608 103
3609 89
3610 184
3611 81
3612 126
3613 180
3614 90
3615 96
3616 171
3617 107
3618 79
3619 178
3620 98
3621 86
3622 281
3623 81
3624 96
3625 171
3626 86
3627 105
3628 183
3629 108
3630 87
3631 173
3632 117
3633 95
3634 171
3635 92
3636 102
3637 221
3638 86
3639 91
3640 173
3641 74
3642 116
3643 191
3644 87
3645 84
3646 217
3647 107
3648 89
3649 166
3650 100
3651 87
3652 233
3653 86
3654 79
3655 167
3656 80
3657 156
3658 171
3659 94
3660 88
3661 167
3662 116
3663 98
3664 203
3665 88
3666 89
3667 224
3668 105
3669 90
3670 169
3671 97
3672 127
3673 173
3674 91
3675 79
3676 189
3677 104
3678 108
3679 189
3680 98
3681 88
3682 236
3683 83
3684 89
3685 215
3686 87
3687 111
3688 172
3689 93
3690 93
3691 176
3692 142
3693 92
3694 170
3695 87
3696 89
3697 235
3698 93
3699 105
3700 166
3701 93
3702 123
3703 167
3704 85
3705 91
3706 208
3707 109
3708 84
3709 164
3710 89
3711 94
3712 253
3713 102
3714 95
3715 167
3716 82
3717 116
3718 178
3719 86
3720 101
3721 175
3722 117
3723 92
3724 178
3725 87
3726 88
3727 273
3728 89
3729 85
3730 172
3731 89
3732 119
3733 179
3734 127
3735 87
3736 182
3737 121
3738 92
3739 169
3740 85
3741 112
3742 231
3743 85
3744 90
3745 195
3746 86
3747 114
3748 226
3749 88
3750 94
3751 173
3752 120
3753 89
3754 174
3755 114
3756 98
3757 215
3758 89
3759 94
3760 182
3761 85
3762 148
3763 183
3764 88
3765 90
3766 186
3767 127
3768 88
3769 207
3770 94
3771 100
3772 229
3773 89
3774 86
3775 176
3776 117
3777 115
3778 192
3779 82
3780 95
3781 165
3782 126
3783 112
3784 181
3785 93
3786 94
3787 241
3788 82
3789 104
3790 216
3791 88
3792 122
3793 168
3794 89
3795 94
3796 176
3797 135
3798 97
3799 190
3800 102
3801 87
3802 249
3803 80
3804 107
3805 188
3806 90
3807 114
3808 189
3809 89
3810 90
3811 227
3812 115
3813 90
3814 184
3815 98
3816 98
3817 234
3818 99
3819 82
3820 175
3821 87
3822 135
3823 164
3824 89
3825 111
3826 178
3827 115
3828 102
3829 189
3830 88
3831 92
3832 286
3833 106
3834 88
3835 175
3836 86
3837 124
3838 180
3839 99
3840 85
3841 190
3842 128
3843 83
3844 197
3845 95
3846 107
3847 247
3848 87
3849 84
3850 187
3851 86
3852 123
3853 209
3854 99
3855 101
3856 177
3857 121
3858 92
3859 188
3860 103
3861 87
3862 234
3863 81
3864 92
3865 177
3866 108
3867 165
3868 179
3869 90
3870 93
3871 184
3872 122
3873 85
3874 213
3875 98
3876 92
3877 261
3878 88
3879 80
3880 197
3881 104
3882 119
3883 176
3884 95
3885 87
3886 186
3887 118
3888 126
3889 176
3890 101
3891 94
3892 235
3893 96
3894 84
3895 219
3896 86
3897 124
3898 187
3899 100
3900 94
3901 186
3902 141
3903 96
3904 196
3905 85
3906 97
3907 227
3908 88
3909 104
3910 202
3911 94
3912 108
3913 174
3914 88
3915 94
3916 213
3917 122
3918 100
3919 200
3920 89
3921 111
3922 238
3923 115
3924 95
3925 186
3926 89
3927 113
3928 183
3929 88
3930 102
3931 190
3932 137
3933 97
3934 181
3935 94
3936 90
3937 284
3938 92
3939 100
3940 189
3941 86
3942 127
3943 199
3944 113
3945 100
3946 189
3947 115
3948 97
3949 181
3950 95
3951 108
3952 268
3953 90
3954 100
3955 180
3956 88
3957 118
3958 248
3959 93
3960 90
3961 190
3962 117
3963 92
3964 169
3965 114
3966 91
3967 247
3968 93
3969 99
3970 179
3971 102
3972 152
3973 177
3974 93
3975 93
3976 206
3977 125
3978 93
3979 199
3980 96
3981 99
3982 246
3983 87
3984 100
3985 175
3986 115
3987 135
3988 183
3989 93
3990 98
3991 178
3992 120
3993 113
3994 184
3995 94
3996 84
3997 262
3998 102
3999 94
4000 223
4001 86
4002 124
4003 183
4004 88
4005 90
4006 179
4007 143
4008 92
4009 204
4010 101
4011 97
4012 253
4013 90
4014 119
4015 190
4016 96
4017 117
4018 200
4019 93
4020 106
4021 221
4022 130
4023 105
4024 179
4025 95
4026 94
4027 248
4028 112
4029 88
4030 179
4031 95
4032 118
4033 185
4034 99
4035 112
4036 202
4037 136
4038 93
4039 176
4040 89
4041 94
4042 324
4043 85
4044 87
4045 198
4046 91
4047 124
4048 182
4049 119
4050 92
4051 192
4052 130
4053 101
4054 201
4055 93
4056 117
4057 249
4058 94
4059 95
4060 190
4061 86
4062 135
4063 230
4064 104
4065 99
4066 178
4067 122
4068 97
4069 179
4070 109
4071 104
4072 253
4073 89
4074 95
4075 239
4076 95
4077 142
4078 177
4079 95
4080 87
4081 189
4082 126
4083 87
4084 215
4085 99
4086 105
4087 240
4088 108
4089 84
4090 187
4091 104
4092 123
4093 183
4094 98
4095 93
4096 190
4097 129
4098 111
4099 177
4100 101
4101 109
4102 257
4103 94
4104 92
4105 251
4106 93
4107 133
4108 211
4109 93
4110 85
4111 176
4112 155
4113 101
4114 199
4115 92
4116 98
4117 246
4118 91
4119 125
4120 192
4121 95
4122 137
4123 189
4124 94
4125 89
4126 223
4127 129
4128 104
4129 183
4130 104
4131 95
4132 270
4133 109
4134 98
4135 188
4136 98
4137 128
4138 193
4139 102
4140 117
4141 207
4142 121
4143 94
4144 187
4145 92
4146 100
4147 299
4148 94
4149 103
4150 182
4151 109
4152 136
4153 203
4154 109
4155 92
4156 202
4157 124
4158 99
4159 196
4160 95
4161 124
4162 256
4163 106
4164 91
4165 194
4166 96
4167 129
4168 226
4169 93
4170 95
4171 186
4172 122
4173 97
4174 211
4175 110
4176 94
4177 250
4178 99
4179 107
4180 178
4181 88
4182 146
4183 179
4184 99
4185 99
4186 185
4187 125
4188 98
4189 239
4190 102
4191 95
4192 275
4193 99
4194 97
4195 187
4196 126
4197 135
4198 188
4199 99
4200 101
4201 186
4202 123
4203 110
4204 194
4205 108
4206 94
4207 295
4208 98
4209 86
4210 224
4211 96
4212 129
4213 183
4214 92
4215 98
4216 183
4217 156
4218 121
4219 194
4220 103
4221 93
4222 254
4223 91
4224 126
4225 193
4226 105
4227 138
4228 184
4229 102
4230 89
4231 246
4232 124
4233 95
4234 197
4235 106
4236 99
4237 243
4238 113
4239 88
4240 213
4241 90
4242 131
4243 198
4244 100
4245 118
4246 205
4247 124
4248 107
4249 194
4250 94
4251 107
4252 302
4253 94
4254 96
4255 196
4256 96
4257 133
4258 202
4259 112
4260 93
4261 194
4262 145
4263 90
4264 179
4265 97
4266 124
4267 255
4268 95
4269 90
4270 210
4271 96
4272 130
4273 262
4274 102
4275 104
4276 184
4277 139
4278 97
4279 184
4280 114
4281 101
4282 247
4283 102
4284 120
4285 194
4286 98
4287 143
4288 187
4289 96
4290 96
4291 181
4292 136
4293 90
4294 228
4295 108
4296 102
4297 253
4298 96
4299 96
4300 196
4301 120
4302 118
4303 193
4304 98
4305 92
4306 218
4307 126
4308 111
4309 221
4310 104
4311 102
4312 269
4313 92
4314 97
4315 232
4316 98
4317 142
4318 192
4319 98
4320 98
4321 201
4322 179
4323 95
4324 194
4325 99
4326 98
4327 259
4328 107
4329 108
4330 197
4331 90
4332 121
4333 200
4334 97
4335 110
4336 225
4337 138
4338 102
4339 212
4340 102
4341 100
4342 270
4343 123
4344 99
4345 196
4346 92
4347 135
4348 221
4349 101
4350 128
4351 197
4352 123
4353 99
4354 182
4355 102
4356 98
4357 311
4358 101
4359 101
4360 225
4361 118
4362 128
4363 191
4364 129
4365 102
4366 202
4367 125
4368 100
4369 182
4370 105
4371 112
4372 285
4373 97
4374 108
4375 194
4376 98
4377 139
4378 233
4379 108
4380 96
4381 203
4382 132
4383 112
4384 197
4385 121
4386 103
4387 290
4388 101
4389 101
4390 200
4391 97
4392 150
4393 204
4394 121
4395 100
4396 193
4397 125
4398 104
4399 234
4400 114
4401 95
4402 257
4403 100
4404 97
4405 210
4406 126
4407 133
4408 196
4409 90
4410 96
4411 211
4412 131
4413 121
4414 202
4415 109
4416 103
4417 284
4418 95
4419 95
4420 235
4421 98
4422 133
4423 189
4424 101
4425 99
4426 217
4427 184
4428 99
4429 202
4430 97
4431 96
4432 261
4433 95
4434 110
4435 199
4436 105
4437 130
4438 224
4439 105
4440 91
4441 235
4442 134
4443 95
4444 201
4445 107
4446 98
4447 253
4448 131
4449 111
4450 214
4451 92
4452 152
4453 203
4454 104
4455 125
4456 194
4457 134
4458 97
4459 193
4460 117
4461 100
4462 332
4463 102
4464 96
4465 214
4466 101
4467 120
4468 188
4469 128
4470 91
4471 218
4472 135
4473 102
4474 209
4475 98
4476 124
4477 265
4478 103
4479 110
4480 208
4481 98
4482 145
4483 243
4484 101
4485 104
4486 200
4487 135
4488 99
4489 195
4490 121
4491 111
4492 256
4493 118
4494 102
4495 201
4496 108
4497 166
4498 200
4499 96
4500 99
4501 188
4502 135
4503 95
4504 285
4505 106
4506 96
4507 251
4508 100
4509 104
4510 206
4511 119
4512 138
4513 221
4514 106
4515 102
4516 197
4517 136
4518 129
4519 210
4520 100
4521 105
4522 272
4523 101
4524 98
4525 233
4526 113
4527 138
4528 203
4529 103
4530 116
4531 215
4532 171
4533 100
4534 198
4535 101
4536 103
4537 294
4538 104
4539 115
4540 209
4541 104
4542 129
4543 222
4544 107
4545 92
4546 238
4547 143
4548 112
4549 196
4550 108
4551 101
4552 264
4553 116
4554 91
4555 188
4556 111
4557 132
4558 198
4559 111
4560 122
4561 205
4562 142
4563 96
4564 219
4565 104
4566 98
4567 331
4568 104
4569 114
4570 221
4571 102
4572 143
4573 195
4574 119
4575 98
4576 204
4577 130
4578 107
4579 205
4580 106
4581 141
4582 295
4583 104
4584 96
4585 196
4586 106
4587 123
4588 261
4589 99
4590 95
4591 194
4592 153
4593 106
4594 198
4595 134
4596 104
4597 280
4598 112
4599 101
4600 200
4601 92
4602 156
4603 239
4604 114
4605 100
4606 216
4607 142
4608 102
4609 234
4610 104
4611 106
4612 278
4613 104
4614 108
4615 210
4616 118
4617 136
4618 206
4619 106
4620 101
4621 220
4622 138
4623 122
4624 202
4625 113
4626 104
4627 263
4628 100
4629 105
4630 243
4631 100
4632 141
4633 203
4634 122
4635 102
4636 215
4637 158
4638 103
4639 201
4640 106
4641 105
4642 271
4643 99
4644 113
4645 220
4646 108
4647 165
4648 205
4649 112
4650 104
4651 256
4652 140
4653 106
4654 212
4655 99
4656 103
4657 287
4658 141
4659 103
4660 220
4661 96
4662 140
4663 198
4664 116
4665 128
4666 225
4667 136
4668 101
4669 221
4670 108
4671 109
4672 326
4673 114
4674 101
4675 191
4676 103
4677 134
4678 199
4679 120
4680 125
4681 208
4682 141
4683 125
4684 209
4685 99
4686 134
4687 270
4688 99
4689 105
4690 207
4691 115
4692 132
4693 240
4694 105
4695 101
4696 208
4697 142
4698 101
4699 214
4700 135
4701 99
4702 313
4703 108
4704 105
4705 209
4706 100
4707 168
4708 209
4709 104
4710 98
4711 205
4712 164
4713 114
4714 241
4715 104
4716 105
4717 294
4718 111
4719 101
4720 197
4721 127
4722 136
4723 218
4724 120
4725 114
4726 225
4727 143
4728 131
4729 214
4730 107
4731 105
4732 275
4733 105
4734 102
4735 279
4736 114
4737 138
4738 231
4739 105
4740 108
4741 215
4742 161
4743 111
4744 211
4745 101
4746 112
4747 269
4748 111
4749 125
4750 202
4751 123
4752 132
4753 208
4754 110
4755 105
4756 246
4757 144
4758 112
4759 217
4760 106
4761 112
4762 279
4763 123
4764 107
4765 211
4766 105
4767 128
4768 246
4769 107
4770 125
4771 207
4772 150
4773 108
4774 206
4775 104
4776 108
4777 358
4778 114
4779 122
4780 204
4781 103
4782 138
4783 199
4784 119
4785 104
4786 206
4787 133
4788 113
4789 217
4790 135
4791 135
4792 289
4793 102
4794 106
4795 218
4796 112
4797 144
4798 252
4799 108
4800 96
4801 229
4802 158
4803 122
4804 213
4805 123
4806 107
4807 281
4808 108
4809 105
4810 203
4811 105
4812 181
4813 206
4814 116
4815 102
4816 242
4817 142
4818 109
4819 268
4820 113
4821 100
4822 271
4823 120
4824 103
4825 195
4826 123
4827 143
4828 223
4829 108
4830 104
4831 207
4832 141
4833 131
4834 239
4835 111
4836 110
4837 277
4838 102
4839 97
4840 252
4841 108
4842 151
4843 218
4844 106
4845 122
4846 204
4847 168
4848 107
4849 227
4850 109
4851 111
4852 280
4853 112
4854 135
4855 222
4856 119
4857 144
4858 221
4859 104
4860 93
4861 252
4862 141
4863 108
4864 219
4865 105
4866 100
4867 298
4868 136
4869 109
4870 228
4871 107
4872 140
4873 219
4874 101
4875 124
4876 207
4877 140
4878 118
4879 222
4880 108
4881 118
4882 340
4883 103
4884 104
4885 211
4886 111
4887 155
4888 213
4889 142
4890 104
4891 213
4892 153
4893 98
4894 231
4895 95
4896 123
4897 281
4898 104
4899 104
4900 242
4901 102
4902 139
4903 253
4904 115
4905 103
4906 212
4907 153
4908 107
4909 202
4910 142
4911 135
4912 294
4913 110
4914 107
4915 210
4916 108
4917 170
4918 207
4919 106
4920 112
4921 226
4922 159
4923 108
4924 257
4925 103
4926 104
4927 286
4928 104
4929 109
4930 221
4931 123
4932 143
4933 266
4934 112
4935 95
4936 209
4937 149
4938 140
4939 218
4940 120
4941 113
4942 288
4943 102
4944 118
4945 259
4946 118
4947 141
4948 213
4949 114
4950 105
4951 214
4952 178
4953 108
4954 217
4955 124
4956 118
4957 278
4958 115
4959 140
4960 211
4961 109
4962 135
4963 221
4964 109
4965 105
4966 294
4967 137
4968 114
4969 208
4970 112
4971 107
4972 332
4973 139
4974 109
4975 218
4976 114
4977 157
4978 221
4979 108
4980 121
4981 225
4982 152
4983 103
4984 219
4985 118
4986 104
4987 357
4988 122
4989 116
4990 213
4991 108
4992 141
4993 210
4994 131
4995 112
4996 220
4997 139
4998 112
4999 235
5000 114
5001 127
5002 308
5003 103
5004 112
5005 207
5006 134
5007 143
5008 270
5009 107
5010 110
5011 227
5012 145
5013 109
5014 221
5015 131
5016 110
5017 285
5018 112
5019 103
5020 212
5021 130
5022 175
5023 236
5024 130
5025 120
5026 225
5027 142
5028 106
5029 253
5030 108
5031 110
5032 331
5033 109
5034 114
5035 204
5036 128
5037 163
5038 220
5039 110
5040 115
5041 216
5042 146
5043 142
5044 237
5045 100
5046 110
5047 286
5048 121
5049 103
5050 293
5051 102
5052 153
5053 219
5054 120
5055 111
5056 222
5057 174
5058 114
5059 221
5060 117
5061 115
5062 293
5063 131
5064 126
5065 239
5066 113
5067 145
5068 236
5069 102
5070 105
5071 270
5072 150
5073 110
5074 233
5075 114
5076 131
5077 292
5078 127
5079 114
5080 209
5081 105
5082 160
5083 212
5084 116
5085 129
5086 220
5087 162
5088 115
5089 251
5090 114
5091 112
5092 358
5093 112
5094 111
5095 222
5096 105
5097 137
5098 241
5099 137
5100 109
5101 241
5102 159
5103 108
5104 220
5105 107
5106 128
5107 289
5108 121
5109 120
5110 221
5111 103
5112 145
5113 262
5114 114
5115 115
5116 212
5117 156
5118 118
5119 211
5120 158
5121 113
5122 297
5123 95
5124 121
5125 232
5126 109
5127 172
5128 247
5129 112
5130 108
5131 234
5132 148
5133 103
5134 274
5135 111
5136 112
5137 291
5138 117
5139 107
5140 229
5141 144
5142 179
5143 224
5144 111
5145 105
5146 229
5147 156
5148 138
5149 227
5150 113
5151 112
5152 284
5153 114
5154 124
5155 261
5156 113
5157 149
5158 237
5159 114
5160 109
5161 231
5162 186
5163 121
5164 246
5165 106
5166 110
5167 327
5168 116
5169 130
5170 221
5171 113
5172 148
5173 221
5174 113
5175 116
5176 298
5177 155
5178 122
5179 207
5180 127
5181 112
5182 289
5183 130
5184 110
5185 221
5186 130
5187 146
5188 227
5189 108
5190 134
5191 215
5192 154
5193 129
5194 216
5195 116
5196 120
5197 390
5198 118
5199 112
5200 221
5201 111
5202 157
5203 211
5204 134
5205 109
5206 246
5207 153
5208 130
5209 223
5210 114
5211 135
5212 296
5213 100
5214 113
5215 232
5216 116
5217 140
5218 281
5219 135
5220 104
5221 226
5222 144
5223 129
5224 220
5225 132
5226 113
5227 317
5228 114
5229 108
5230 244
5231 107
5232 208
5233 225
5234 118
5235 114
5236 238
5237 144
5238 115
5239 260
5240 121
5241 127
5242 298
5243 118
5244 124
5245 235
5246 130
5247 148
5248 219
5249 111
5250 116
5251 215
5252 158
5253 138
5254 229
5255 115
5256 112
5257 292
5258 122
5259 113
5260 266
5261 120
5262 153
5263 257
5264 109
5265 104
5266 217
5267 183
5268 121
5269 223
5270 113
5271 113
5272 325
5273 119
5274 149
5275 223
5276 112
5277 140
5278 258
5279 109
5280 112
5281 264
5282 154
5283 110
5284 246
5285 130
5286 115
5287 311
5288 129
5289 115
5290 221
5291 118
5292 161
5293 216
5294 113
5295 136
5296 251
5297 156
5298 113
5299 223
5300 115
5301 123
5302 354
5303 121
5304 107
5305 221
5306 116
5307 161
5308 227
5309 141
5310 132
5311 235
5312 161
5313 113
5314 231
5315 110
5316 140
5317 299
5318 124
5319 106
5320 226
5321 115
5322 146
5323 285
5324 120
5325 109
5326 233
5327 152
5328 109
5329 276
5330 143
5331 110
5332 305
5333 112
5334 115
5335 215
5336 126
5337 182
5338 223
5339 121
5340 122
5341 212
5342 152
5343 110
5344 270
5345 110
5346 127
5347 320
5348 122
5349 111
5350 239
5351 146
5352 154
5353 228
5354 113
5355 106
5356 225
5357 142
5358 134
5359 216
5360 121
5361 115
5362 368
5363 111
5364 110
5365 269
5366 113
5367 167
5368 232
5369 113
5370 114
5371 221
5372 186
5373 129
5374 236
5375 120
5376 121
5377 287
5378 114
5379 134
5380 240
5381 114
5382 149
5383 228
5384 126
5385 108
5386 292
5387 146
5388 126
5389 224
5390 119
5391 103
5392 300
5393 145
5394 112
5395 256
5396 120
5397 163
5398 232
5399 113
5400 129
5401 257
5402 160
5403 107
5404 228
5405 122
5406 133
5407 356
5408 121
5409 113
5410 229
5411 107
5412 148
5413 222
5414 168
5415 114
5416 247
5417 162
5418 120
5419 223
5420 122
5421 137
5422 300
5423 115
5424 115
5425 215
5426 116
5427 156
5428 321
5429 114
5430 113
5431 239
5432 155
5433 116
5434 229
5435 135
5436 115
5437 318
5438 122
5439 131
5440 252
5441 113
5442 190
5443 242
5444 118
5445 103
5446 239
5447 156
5448 123
5449 280
5450 139
5451 112
5452 313
5453 125
5454 113
5455 229
5456 141
5457 161
5458 234
5459 109
5460 116
5461 240
5462 176
5463 142
5464 241
5465 120
5466 120
5467 298
5468 115
5469 111
5470 271
5471 113
5472 170
5473 234
5474 116
5475 117
5476 238
5477 189
5478 110
5479 246
5480 121
5481 114
5482 339
5483 126
5484 124
5485 246
5486 115
5487 150
5488 244
5489 121
5490 109
5491 275
5492 169
5493 122
5494 248
5495 119
5496 121
5497 298
5498 134
5499 126
5500 238
5501 112
5502 166
5503 222
5504 121
5505 161
5506 237
5507 162
5508 129
5509 229
5510 122
5511 109
5512 370
5513 108
5514 118
5515 224
5516 149
5517 153
5518 246
5519 142
5520 123
5521 231
5522 162
5523 113
5524 244
5525 119
5526 144
5527 339
5528 122
5529 114
5530 245
5531 132
5532 153
5533 295
5534 126
5535 118
5536 232
5537 152
5538 142
5539 230
5540 145
5541 119
5542 313
5543 111
5544 133
5545 221
5546 124
5547 179
5548 249
5549 129
5550 114
5551 221
5552 164
5553 117
5554 296
5555 115
5556 111
5557 346
5558 115
5559 98
5560 266
5561 135
5562 157
5563 223
5564 114
5565 119
5566 239
5567 163
5568 148
5569 240
5570 128
5571 131
5572 307
5573 112
5574 117
5575 292
5576 133
5577 164
5578 243
5579 112
5580 114
5581 231
5582 223
5583 131
5584 257
5585 117
5586 119
5587 301
5588 122
5589 136
5590 244
5591 123
5592 157
5593 259
5594 123
5595 121
5596 324
5597 157
5598 115
5599 229
5600 116
5601 118
5602 316
5603 142
5604 127
5605 235
5606 123
5607 146
5608 227
5609 131
5610 134
5611 257
5612 158
5613 115
5614 234
5615 129
5616 131
5617 361
5618 125
5619 115
5620 234
5621 113
5622 159
5623 241
5624 139
5625 120
5626 265
5627 159
5628 123
5629 223
5630 124
5631 137
5632 315
5633 122
5634 110
5635 274
5636 122
5637 169
5638 281
5639 116
5640 120
5641 238
5642 164
5643 116
5644 226
5645 139
5646 123
5647 308
5648 144
5649 121
5650 232
5651 113
5652 210
5653 235
5654 123
5655 118
5656 248
5657 156
5658 116
5659 308
5660 121
5661 127
5662 326
5663 126
5664 116
5665 231
5666 150
5667 165
5668 246
5669 138
5670 131
5671 240
5672 163
5673 140
5674 251
5675 110
5676 115
5677 308
5678 124
5679 109
5680 284
5681 132
5682 162
5683 235
5684 122
5685 111
5686 251
5687 200
5688 118
5689 223
5690 127
5691 110
5692 377
5693 115
5694 145
5695 235
5696 124
5697 168
5698 254
5699 114
5700 120
5701 278
5702 166
5703 148
5704 232
5705 118
5706 126
5707 305
5708 141
5709 126
5710 245
5711 108
5712 171
5713 248
5714 137
5715 141
5716 254
5717 157
5718 122
5719 248
5720 133
5721 121
5722 386
5723 115
5724 116
5725 251
5726 140
5727 165
5728 256
5729 152
5730 117
5731 233
5732 159
5733 113
5734 249
5735 120
5736 158
5737 336
5738 127
5739 131
5740 250
5741 114
5742 164
5743 274
5744 126
5745 117
5746 239
5747 184
5748 116
5749 223
5750 161
5751 123
5752 355
5753 115
5754 134
5755 235
5756 127
5757 194
5758 272
5759 122
5760 116
5761 239
5762 163
5763 120
5764 295
5765 128
5766 125
5767 309
5768 121
5769 123
5770 234
5771 143
5772 168
5773 237
5774 127
5775 117
5776 233
5777 153
5778 172
5779 238
5780 137
5781 121
5782 323
5783 107
5784 122
5785 312
5786 133
5787 153
5788 252
5789 119
5790 123
5791 274
5792 200
5793 119
5794 249
5795 117
5796 125
5797 306
5798 125
5799 140
5800 242
5801 119
5802 175
5803 246
5804 145
5805 129
5806 295
5807 168
5808 127
5809 235
5810 121
5811 128
5812 326
5813 156
5814 128
5815 238
5816 136
5817 162
5818 243
5819 126
5820 137
5821 246
5822 179
5823 125
5824 270
5825 121
5826 128
5827 371
5828 123
5829 125
5830 277
5831 123
5832 158
5833 231
5834 147
5835 130
5836 244
5837 149
5838 132
5839 253
5840 125
5841 140
5842 343
5843 133
5844 119
5845 234
5846 133
5847 158
5848 295
5849 118
5850 115
5851 241
5852 162
5853 128
5854 237
5855 145
5856 150
5857 366
5858 118
5859 117
5860 249
5861 137
5862 193
5863 234
5864 130
5865 121
5866 252
5867 157
5868 134
5869 326
5870 129
5871 123
5872 341
5873 120
5874 118
5875 246
5876 161
5877 168
5878 263
5879 129
5880 124
5881 237
5882 189
5883 144
5884 247
5885 121
5886 120
5887 307
5888 131
5889 111
5890 338
5891 125
5892 163
5893 244
5894 123
5895 133
5896 249
5897 190
5898 121
5899 266
5900 126
5901 140
5902 334
5903 109
5904 141
5905 257
5906 125
5907 176
5908 270
5909 125
5910 122
5911 289
5912 180
5913 126
5914 236
5915 117
5916 125
5917 311
5918 163
5919 128
5920 248
5921 128
5922 171
5923 264
5924 138
5925 143
5926 250
5927 153
5928 121
5929 245
5930 138
5931 118
5932 400
5933 124
5934 149
5935 240
5936 133
5937 167
5938 251
5939 145
5940 122
5941 260
5942 169
5943 124
5944 252
5945 141
5946 140
5947 358
5948 121
5949 119
5950 250
5951 125
5952 162
5953 284
5954 118
5955 128
5956 291
5957 158
5958 137
5959 235
5960 169
5961 128
5962 339
5963 108
5964 130
5965 255
5966 129
5967 214
5968 256
5969 111
5970 116
5971 240
5972 166
5973 130
5974 302
5975 143
5976 128
5977 319
5978 133
5979 123
5980 245
5981 136
5982 161
5983 235
5984 127
5985 118
5986 281
5987 158
5988 155
5989 277
5990 128
5991 123
5992 365
5993 112
5994 124
5995 294
5996 126
5997 159
5998 262
5999 136
6000 129
6001 244
6002 205
6003 118
6004 248
6005 120
6006 130
6007 322
6008 131
6009 152
6010 247
6011 136
6012 176
6013 264
6014 138
6015 118
6016 299
6017 172
6018 121
6019 239
6020 128
6021 121
6022 373
6023 143
6024 121
6025 271
6026 139
6027 165
6028 244
6029 124
6030 141
6031 243
6032 186
6033 132
6034 246
6035 125
6036 119
6037 396
6038 141
6039 135
6040 243
6041 121
6042 165
6043 252
6044 170
6045 125
6046 259
6047 162
6048 126
6049 247
6050 129
6051 174
6052 331
6053 122
6054 117
6055 272
6056 131
6057 161
6058 303
6059 121
6060 133
6061 238
6062 171
6063 130
6064 266
6065 154
6066 134
6067 332
6068 128
6069 124
6070 262
6071 120
6072 195
6073 245
6074 129
6075 120
6076 259
6077 200
6078 125
6079 293
6080 130
6081 133
6082 324
6083 133
6084 127
6085 242
6086 159
6087 164
6088 294
6089 127
6090 138
6091 259
6092 169
6093 151
6094 267
6095 130
6096 123
6097 325
6098 122
6099 130
6100 306
6101 124
6102 167
6103 255
6104 129
6105 114
6106 273
6107 193
6108 140
6109 241
6110 142
6111 128
6112 332
6113 112
6114 141
6115 247
6116 140
6117 165
6118 246
6119 123
6120 129
6121 331
6122 180
6123 127
6124 255
6125 123
6126 131
6127 353
6128 160
6129 145
6130 258
6131 129
6132 195
6133 261
6134 132
6135 152
6136 247
6137 166
6138 123
6139 248
6140 127
6141 124
6142 442
6143 132
6144 131
6145 262
6146 140
6147 171
6148 258
6149 148
6150 118
6151 250
6152 178
6153 130
6154 284
6155 135
6156 157
6157 332
6158 123
6159 131
6160 261
6161 124
6162 183
6163 278
6164 128
6165 149
6166 261
6167 172
6168 142
6169 262
6170 158
6171 134
6172 336
6173 125
6174 134
6175 258
6176 142
6177 200
6178 250
6179 135
6180 128
6181 276
6182 171
6183 128
6184 340
6185 124
6186 128
6187 360
6188 125
6189 122
6190 254
6191 150
6192 170
6193 245
6194 139
6195 117
6196 265
6197 170
6198 184
6199 255
6200 134
6201 128
6202 339
6203 122
6204 126
6205 294
6206 125
6207 181
6208 254
6209 135
6210 130
6211 260
6212 207
6213 146
6214 256
6215 126
6216 127
6217 327
6218 132
6219 155
6220 314
6221 130
6222 172
6223 247
6224 127
6225 123
6226 312
6227 178
6228 136
6229 250
6230 136
6231 142
6232 338
6233 156
6234 134
6235 247
6236 139
6237 163
6238 253
6239 134
6240 140
6241 270
6242 196
6243 125
6244 261
6245 123
6246 143
6247 427
6248 125
6249 131
6250 249
6251 131
6252 173
6253 285
6254 154
6255 129
6256 256
6257 162
6258 130
6259 262
6260 134
6261 149
6262 344
6263 124
6264 142
6265 246
6266 131
6267 175
6268 306
6269 132
6270 126
6271 250
6272 188
6273 137
6274 261
6275 169
6276 131
6277 343
6278 135
6279 141
6280 264
6281 128
6282 204
6283 261
6284 130
6285 138
6286 293
6287 167
6288 133
6289 306
6290 130
6291 134
6292 342
6293 127
6294 122
6295 253
6296 161
6297 194
6298 317
6299 140
6300 137
6301 256
6302 174
6303 150
6304 256
6305 131
6306 125
6307 350
6308 156
6309 115
6310 303
6311 139
6312 180
6313 263
6314 133
6315 131
6316 268
6317 229
6318 122
6319 281
6320 135
6321 131
6322 351
6323 118
6324 164
6325 268
6326 132
6327 159
6328 263
6329 137
6330 143
6331 313
6332 186
6333 131
6334 267
6335 128
6336 147
6337 369
6338 159
6339 122
6340 259
6341 138
6342 181
6343 258
6344 128
6345 163
6346 271
6347 163
6348 127
6349 276
6350 136
6351 133
6352 449
6353 127
6354 134
6355 280
6356 135
6357 171
6358 267
6359 164
6360 125
6361 253
6362 182
6363 161
6364 268
6365 135
6366 173
6367 359
6368 135
6369 123
6370 268
6371 123
6372 169
6373 307
6374 159
6375 129
6376 283
6377 173
6378 122
6379 261
6380 162
6381 136
6382 377
6383 136
6384 131
6385 293
6386 133
6387 208
6388 263
6389 138
6390 127
6391 266
6392 178
6393 142
6394 324
6395 137
6396 148
6397 347
6398 131
6399 130
6400 277
6401 169
6402 188
6403 261
6404 137
6405 135
6406 269
6407 194
6408 160
6409 267
6410 137
6411 126
6412 365
6413 132
6414 127
6415 337
6416 137
6417 181
6418 298
6419 142
6420 118
6421 251
6422 205
6423 137
6424 251
6425 133
6426 135
6427 345
6428 150
6429 171
6430 265
6431 135
6432 185
6433 260
6434 135
6435 127
6436 318
6437 174
6438 136
6439 248
6440 146
6441 140
6442 347
6443 152
6444 122
6445 265
6446 132
6447 168
6448 256
6449 140
6450 163
6451 327
6452 185
6453 130
6454 297
6455 131
6456 139
6457 423
6458 129
6459 132
6460 264
6461 131
6462 197
6463 267
6464 158
6465 132
6466 272
6467 188
6468 152
6469 275
6470 133
6471 163
6472 345
6473 144
6474 135
6475 267
6476 128
6477 173
6478 315
6479 135
6480 140
6481 269
6482 174
6483 136
6484 297
6485 165
6486 135
6487 346
6488 135
6489 134
6490 258
6491 129
6492 217
6493 296
6494 136
6495 133
6496 279
6497 180
6498 140
6499 308
6500 129
6501 134
6502 370
6503 135
6504 129
6505 254
6506 192
6507 182
6508 268
6509 133
6510 144
6511 259
6512 171
6513 160
6514 269
6515 125
6516 129
6517 386
6518 137
6519 150
6520 330
6521 143
6522 172
6523 262
6524 133
6525 130
6526 281
6527 213
6528 142
6529 265
6530 146
6531 124
6532 387
6533 128
6534 156
6535 268
6536 134
6537 168
6538 253
6539 149
6540 123
6541 301
6542 185
6543 143
6544 259
6545 152
6546 136
6547 330
6548 161
6549 123
6550 293
6551 130
6552 180
6553 269
6554 131
6555 169
6556 281
6557 192
6558 148
6559 275
6560 136
6561 153
6562 412
6563 126
6564 139
6565 255
6566 136
6567 181
6568 278
6569 157
6570 145
6571 288
6572 209
6573 123
6574 267
6575 128
6576 153
6577 352
6578 134
6579 127
6580 277
6581 121
6582 175
6583 365
6584 146
6585 142
6586 272
6587 191
6588 135
6589 277
6590 161
6591 132
6592 368
6593 130
6594 157
6595 268
6596 141
6597 236
6598 280
6599 134
6600 136
6601 269
6602 185
6603 137
6604 346
6605 148
6606 133
6607 344
6608 125
6609 117
6610 299
6611 159
6612 186
6613 252
6614 135
6615 132
6616 299
6617 176
6618 171
6619 263
6620 145
6621 158
6622 363
6623 129
6624 131
6625 317
6626 142
6627 203
6628 277
6629 138
6630 137
6631 267
6632 219
6633 133
6634 259
6635 134
6636 146
6637 358
6638 162
6639 155
6640 292
6641 127
6642 179
6643 276
6644 139
6645 131
6646 311
6647 178
6648 147
6649 330
6650 131
6651 137
6652 367
6653 150
6654 131
6655 284
6656 138
6657 169
6658 283
6659 137
6660 175
6661 266
6662 204
6663 130
6664 264
6665 127
6666 141
6667 423
6668 131
6669 133
6670 265
6671 151
6672 183
6673 262
6674 172
6675 154
6676 274
6677 176
6678 147
6679 262
6680 142
6681 165
6682 390
6683 125
6684 133
6685 267
6686 136
6687 181
6688 345
6689 150
6690 136
6691 271
6692 176
6693 149
6694 277
6695 163
6696 138
6697 382
6698 134
6699 129
6700 258
6701 139
6702 218
6703 272
6704 161
6705 137
6706 284
6707 176
6708 139
6709 319
6710 139
6711 142
6712 355
6713 130
6714 142
6715 314
6716 169
6717 185
6718 269
6719 137
6720 131
6721 261
6722 175
6723 174
6724 268
6725 138
6726 144
6727 410
6728 144
6729 134
6730 325
6731 138
6732 178
6733 261
6734 132
6735 142
6736 282
6737 229
6738 138
6739 276
6740 162
6741 147
6742 388
6743 127
6744 174
6745 273
6746 147
6747 167
6748 300
6749 134
6750 130
6751 319
6752 193
6753 150
6754 294
6755 139
6756 133
6757 377
6758 168
6759 153
6760 269
6761 132
6762 190
6763 259
6764 141
6765 158
6766 302
6767 167
6768 140
6769 255
6770 149
6771 143
6772 447
6773 149
6774 149
6775 267
6776 131
6777 178
6778 265
6779 188
6780 136
6781 305
6782 172
6783 136
6784 278
6785 133
6786 164
6787 353
6788 134
6789 140
6790 282
6791 138
6792 230
6793 321
6794 142
6795 142
6796 279
6797 179
6798 143
6799 267
6800 172
6801 145
6802 357
6803 139
6804 137
6805 286
6806 138
6807 211
6808 290
6809 144
6810 130
6811 278
6812 190
6813 138
6814 369
6815 142
6816 135
6817 350
6818 150
6819 137
6820 278
6821 157
6822 182
6823 265
6824 139
6825 155
6826 279
6827 179
6828 168
6829 283
6830 144
6831 150
6832 368
6833 123
6834 135
6835 330
6836 153
6837 178
6838 286
6839 134
6840 134
6841 280
6842 245
6843 142
6844 297
6845 136
6846 145
6847 402
6848 137
6849 176
6850 278
6851 141
6852 178
6853 279
6854 139
6855 133
6856 322
6857 207
6858 177
6859 298
6860 137
6861 141
6862 371
6863 165
6864 136
6865 285
6866 152
6867 193
6868 282
6869 156
6870 182
6871 273
6872 178
6873 136
6874 274
6875 144
6876 148
6877 441
6878 136
6879 140
6880 305
6881 140
6882 180
6883 289
6884 171
6885 137
6886 268
6887 192
6888 153
6889 272
6890 134
6891 181
6892 357
6893 136
6894 134
6895 282
6896 142
6897 197
6898 313
6899 138
6900 140
6901 291
6902 202
6903 136
6904 270
6905 159
6906 146
6907 356
6908 148
6909 145
6910 293
6911 140
6912 230
6913 304
6914 139
6915 134
6916 296
6917 175
6918 142
6919 332
6920 143
6921 139
6922 410
6923 139
6924 149
6925 293
6926 164
6927 195
6928 284
6929 134
6930 128
6931 271
6932 202
6933 164
6934 290
6935 165
6936 136
6937 369
6938 140
6939 132
6940 334
6941 126
6942 182
6943 259
6944 166
6945 133
6946 313
6947 222
6948 148
6949 286
6950 142
6951 151
6952 372
6953 145
6954 158
6955 266
6956 141
6957 223
6958 283
6959 144
6960 143
6961 387
6962 190
6963 140
6964 277
6965 142
6966 134
6967 369
6968 187
6969 145
6970 281
6971 123
6972 188
6973 269
6974 164
6975 165
6976 287
6977 189
6978 145
6979 313
6980 152
6981 142
6982 470
6983 132
6984 142
6985 271
6986 143
6987 203
6988 279
6989 165
6990 158
6991 282
6992 185
6993 130
6994 275
6995 145
6996 173
6997 380
6998 140
6999 141
7000 305
7001 156
7002 191
7003 354
7004 142
7005 144
7006 284
7007 183
7008 144
7009 270
7010 175
7011 147
7012 441
7013 150
7014 139
7015 268
7016 147
7017 234
7018 278
7019 144
7020 148
7021 289
7022 192
7023 154
7024 336
7025 139
7026 159
7027 367
7028 144
7029 143
7030 283
7031 166
7032 190
7033 273
7034 162
7035 138
7036 290
7037 180
7038 166
7039 326
7040 145
7041 144
7042 378
7043 129
7044 134
7045 379
7046 158
7047 184
7048 303
7049 147
7050 141
7051 279
7052 258
7053 144
7054 286
7055 139
7056 162
7057 374
7058 150
7059 168
7060 274
7061 135
7062 192
7063 294
7064 149
7065 144
7066 346
7067 207
7068 146
7069 277
7070 139
7071 150
7072 400
7073 165
7074 134
7075 286
7076 143
7077 197
7078 342
7079 142
7080 172
7081 278
7082 185
7083 150
7084 267
7085 142
7086 149
7087 445
7088 140
7089 154
7090 292
7091 148
7092 191
7093 268
7094 163
7095 145
7096 299
7097 194
7098 148
7099 278
7100 163
7101 170
7102 367
7103 131
7104 150
7105 281
7106 143
7107 189
7108 331
7109 149
7110 143
7111 311
7112 192
7113 152
7114 305
7115 179
7116 137
7117 400
7118 149
7119 139
7120 286
7121 138
7122 249
7123 286
7124 139
7125 141
7126 271
7127 177
7128 145
7129 336
7130 166
7131 153
7132 382
7133 159
7134 145
7135 285
7136 167
7137 180
7138 283
7139 144
7140 139
7141 289
7142 188
7143 176
7144 314
7145 145
7146 135
7147 368
7148 155
7149 133
7150 345
7151 137
7152 185
7153 282
7154 156
7155 157
7156 312
7157 220
7158 136
7159 299
7160 138
7161 138
7162 372
7163 145
7164 189
7165 303
7166 157
7167 186
7168 284
7169 148
7170 141
7171 329
7172 204
7173 143
7174 265
7175 134
7176 139
7177 413
7178 173
7179 137
7180 296
7181 136
7182 223
7183 285
7184 145
7185 167
7186 278
7187 205
7188 149
7189 278
7190 152
7191 147
7192 455
7193 125
7194 147
7195 319
7196 156
7197 189
7198 282
7199 212
7200 139
7201 284
7202 195
7203 147
7204 282
7205 137
7206 174
7207 386
7208 154
7209 131
7210 353
7211 132
7212 184
7213 324
7214 152
7215 144
7216 309
7217 190
7218 133
7219 267
7220 171
7221 166
7222 390
7223 143
7224 140
7225 297
7226 151
7227 223
7228 276
7229 153
7230 142
7231 284
7232 216
7233 169
7234 379
7235 143
7236 144
7237 368
7238 146
7239 130
7240 284
7241 175
7242 178
7243 305
7244 154
7245 140
7246 271
7247 204
7248 182
7249 280
7250 149
7251 147
7252 380
7253 139
7254 151
7255 343
7256 156
7257 191
7258 283
7259 135
7260 148
7261 293
7262 242
7263 133
7264 293
7265 159
7266 148
7267 424
7268 141
7269 176
7270 287
7271 145
7272 179
7273 300
7274 148
7275 135
7276 378
7277 199
7278 154
7279 294
7280 139
7281 146
7282 380
7283 172
7284 149
7285 285
7286 176
7287 217
7288 293
7289 148
7290 168
7291 288
7292 197
7293 136
7294 275
7295 141
7296 144
7297 450
7298 159
7299 153
7300 295
7301 157
7302 201
7303 293
7304 177
7305 154
7306 289
7307 190
7308 149
7309 311
7310 152
7311 180
7312 416
7313 131
7314 139
7315 278
7316 139
7317 182
7318 382
7319 151
7320 150
7321 278
7322 199
7323 141
7324 296
7325 196
7326 142
7327 372
7328 145
7329 139
7330 289
7331 158
7332 231
7333 301
7334 145
7335 144
7336 298
7337 184
7338 157
7339 350
7340 151
7341 144
7342 425
7343 155
7344 145
7345 284
7346 173
7347 200
7348 309
7349 142
7350 147
7351 313
7352 209
7353 188
7354 276
7355 150
7356 141
7357 387
7358 146
7359 139
7360 338
7361 143
7362 207
7363 288
7364 175
7365 146
7366 287
7367 216
7368 144
7369 305
7370 147
7371 157
7372 378
7373 136
7374 172
7375 323
7376 137
7377 202
7378 297
7379 146
7380 149
7381 379
7382 192
7383 147
7384 283
7385 145
7386 170
7387 381
7388 176
7389 141
7390 314
7391 134
7392 186
7393 283
7394 154
7395 167
7396 290
7397 198
7398 150
7399 292
7400 159
7401 145
7402 468
7403 161
7404 150
7405 289
7406 139
7407 190
7408 328
7409 186
7410 148
7411 294
7412 190
7413 142
7414 295
7415 148
7416 189
7417 407
7418 145
7419 170
7420 309
7421 139
7422 200
7423 340
7424 150
7425 149
7426 298
7427 192
7428 152
7429 318
7430 188
7431 141
7432 388
7433 139
7434 149
7435 290
7436 145
7437 246
7438 326
7439 144
7440 146
7441 332
7442 218
7443 150
7444 355
7445 143
7446 145
7447 379
7448 138
7449 138
7450 289
7451 159
7452 223
7453 280
7454 165
7455 160
7456 291
7457 196
7458 182
7459 291
7460 156
7461 142
7462 379
7463 162
7464 137
7465 340
7466 152
7467 211
7468 320
7469 153
7470 145
7471 301
7472 233
7473 144
7474 321
7475 142
7476 165
7477 372
7478 148
7479 165
7480 300
7481 159
7482 205
7483 275
7484 151
7485 161
7486 385
7487 186
7488 165
7489 275
7490 149
7491 150
7492 400
7493 165
7494 150
7495 311
7496 174
7497 188
7498 294
7499 144
7500 182
7501 279
7502 192
7503 136
7504 296
7505 156
7506 150
7507 555
7508 140
7509 155
7510 296
7511 142
7512 197
7513 295
7514 183
7515 151
7516 297
7517 200
7518 169
7519 286
7520 167
7521 184
7522 427
7523 141
7524 136
7525 304
7526 150
7527 186
7528 346
7529 173
7530 145
7531 294
7532 206
7533 165
7534 292
7535 175
7536 143
7537 386
7538 152
7539 143
7540 316
7541 132
7542 227
7543 297
7544 148
7545 154
7546 332
7547 196
7548 157
7549 343
7550 146
7551 164
7552 436
7553 146
7554 151
7555 305
7556 189
7557 196
7558 293
7559 161
7560 151
7561 288
7562 220
7563 179
7564 300
7565 157
7566 148
7567 385
7568 154
7569 139
7570 359
7571 156
7572 229
7573 338
7574 146
7575 148
7576 295
7577 223
7578 153
7579 301
7580 152
7581 152
7582 399
7583 151
7584 195
7585 325
7586 142
7587 197
7588 298
7589 157
7590 167
7591 352
7592 201
7593 152
7594 296
7595 158
7596 145
7597 399
7598 196
7599 152
7600 295
7601 145
7602 199
7603 293
7604 159
7605 181
7606 325
7607 196
7608 145
7609 317
7610 157
7611 163
7612 490
7613 148
7614 149
7615 304
7616 143
7617 212
7618 305
7619 171
7620 152
7621 295
7622 209
7623 143
7624 357
7625 151
7626 181
7627 399
7628 167
7629 147
7630 302
7631 151
7632 193
7633 349
7634 155
7635 154
7636 296
7637 217
7638 138
7639 324
7640 192
7641 173
7642 402
7643 149
7644 149
7645 293
7646 155
7647 263
7648 295
7649 147
7650 178
7651 292
7652 203
7653 145
7654 356
7655 160
7656 156
7657 384
7658 158
7659 151
7660 305
7661 191
7662 187
7663 318
7664 158
7665 146
7666 312
7667 203
7668 181
7669 285
7670 169
7671 151
7672 475
7673 145
7674 148
7675 378
7676 167
7677 210
7678 289
7679 147
7680 148
7681 299
7682 236
7683 171
7684 302
7685 157
7686 155
7687 393
7688 149
7689 196
7690 304
7691 152
7692 215
7693 311
7694 174
7695 149
7696 366
7697 199
7698 158
7699 314
7700 150
7701 157
7702 441
7703 179
7704 153
7705 334
7706 153
7707 201
7708 302
7709 168
7710 175
7711 302
7712 200
7713 134
7714 312
7715 161
7716 179
7717 478
7718 165
7719 151
7720 309
7721 149
7722 202
7723 317
7724 183
7725 146
7726 333
7727 217
7728 175
7729 300
7730 155
7731 185
7732 393
7733 151
7734 150
7735 303
7736 158
7737 192
7738 413
7739 152
7740 153
7741 325
7742 211
7743 163
7744 306
7745 178
7746 150
7747 396
7748 154
7749 164
7750 302
7751 150
7752 243
7753 294
7754 165
7755 157
7756 315
7757 202
7758 163
7759 360
7760 182
7761 160
7762 423
7763 144
7764 153
7765 306
7766 183
7767 228
7768 307
7769 160
7770 154
7771 328
7772 201
7773 190
7774 313
7775 144
7776 151
7777 420
7778 162
7779 147
7780 408
7781 148
7782 228
7783 285
7784 146
7785 164
7786 307
7787 239
7788 155
7789 312
7790 163
7791 145
7792 396
7793 172
7794 194
7795 291
7796 161
7797 199
7798 306
7799 156
7800 156
7801 355
7802 205
7803 146
7804 336
7805 151
7806 166
7807 399
7808 191
7809 156
7810 313
7811 162
7812 193
7813 284
7814 152
7815 210
7816 290
7817 197
7818 163
7819 327
7820 141
7821 152
7822 489
7823 154
7824 155
7825 316
7826 178
7827 219
7828 334
7829 172
7830 150
7831 316
7832 225
7833 147
7834 300
7835 145
7836 172
7837 474
7838 156
7839 153
7840 310
7841 140
7842 192
7843 366
7844 168
7845 181
7846 311
7847 218
7848 163
7849 295
7850 185
7851 153
7852 406
7853 153
7854 157
7855 296
7856 171
7857 237
7858 340
7859 165
7860 142
7861 296
7862 233
7863 149
7864 363
7865 146
7866 148
7867 392
7868 162
7869 135
7870 347
7871 199
7872 205
7873 311
7874 163
7875 159
7876 328
7877 211
7878 185
7879 334
7880 149
7881 176
7882 417
7883 158
7884 164
7885 368
7886 157
7887 203
7888 304
7889 155
7890 152
7891 305
7892 285
7893 162
7894 318
7895 144
7896 158
7897 435
7898 163
7899 186
7900 318
7901 142
7902 211
7903 332
7904 161
7905 152
7906 371
7907 195
7908 148
7909 310
7910 175
7911 157
7912 416
7913 207
7914 166
7915 299
7916 165
7917 202
7918 302
7919 151
7920 190
7921 316
7922 201
7923 169
7924 297
7925 167
7926 158
7927 491
7928 161
7929 156
7930 331
7931 153
7932 212
7933 321
7934 185
7935 161
7936 380
7937 205
7938 152
7939 303
7940 146
7941 188
7942 407
7943 152
7944 140
7945 295
7946 163
7947 236
7948 374
7949 174
7950 159
7951 332
7952 217
7953 154
7954 308
7955 177
7956 145
7957 409
7958 181
7959 148
7960 329
7961 138
7962 266
7963 315
7964 158
7965 153
7966 324
7967 186
7968 154
7969 427
7970 171
7971 163
7972 418
7973 157
7974 161
7975 317
7976 205
7977 200
7978 312
7979 159
7980 179
7981 323
7982 221
7983 183
7984 310
7985 153
7986 148
7987 411
7988 170
7989 167
7990 373
7991 163
7992 215
7993 306
7994 160
7995 147
7996 320
7997 236
7998 163
7999 300
8000 166
8001 172
8002 457
8003 145
8004 182
8005 305
8006 162
8007 197
8008 333
8009 151
8010 154
8011 358
8012 218
8013 176
8014 336
8015 174
8016 157
8017 407
8018 194
8019 168
8020 305
8021 151
8022 207
8023 315
8024 168
8025 177
8026 315
8027 225
8028 156
8029 320
8030 151
8031 162
8032 533
8033 143
8034 150
8035 324
8036 154
8037 208
8038 323
8039 190
8040 170
8041 306
8042 207
8043 150
8044 334
8045 154
8046 208
8047 431
8048 156
8049 159
8050 314
8051 150
8052 208
8053 417
8054 155
8055 149
8056 324
8057 233
8058 159
8059 303
8060 200
8061 169
8062 427
8063 145
8064 157
8065 328
8066 181
8067 234
8068 340
8069 149
8070 163
8071 297
8072 206
8073 165
8074 385
8075 172
8076 159
8077 391
8078 160
8079 182
8080 297
8081 175
8082 207
8083 325
8084 186
8085 153
8086 307
8087 200
8088 188
8089 296
8090 179
8091 154
8092 454
8093 142
8094 138
8095 363
8096 158
8097 212
8098 313
8099 157
8100 173
8101 331
8102 256
8103 174
8104 320
8105 175
8106 165
8107 432
8108 160
8109 179
8110 312
8111 156
8112 226
8113 296
8114 161
8115 147
8116 376
8117 220
8118 176
8119 307
8120 167
8121 150
8122 441
8123 204
8124 157
8125 305
8126 163
8127 204
8128 315
8129 165
8130 195
8131 347
8132 211
8133 148
8134 383
8135 165
8136 159
8137 506
8138 160
8139 160
8140 325
8141 160
8142 202
8143 319
8144 211
8145 175
8146 320
8147 196
8148 160
8149 317
8150 154
8151 190
8152 416
8153 164
8154 148
8155 313
8156 179
8157 226
8158 382
8159 163
8160 160
8161 303
8162 209
8163 158
8164 302
8165 170
8166 150
8167 445
8168 176
8169 156
8170 337
8171 150
8172 240
8173 310
8174 155
8175 150
8176 341
8177 211
8178 168
8179 394
8180 164
8181 166
8182 413
8183 167
8184 163
8185 328
8186 196
8187 223
8188 315
8189 168
8190 161
8191 315
8192 216
8193 191
8194 313
8195 161
8196 166
8197 404
8198 173
8199 161
8200 417
8201 154
8202 221
8203 316
8204 156
8205 151
8206 314
8207 249
8208 147
8209 333
8210 153
8211 176
8212 417
8213 159
8214 187
8215 333
8216 160
8217 212
8218 317
8219 157
8220 160
8221 383
8222 269
8223 156
8224 302
8225 156
8226 160
8227 415
8228 191
8229 153
8230 323
8231 151
8232 219
8233 347
8234 176
8235 195
8236 351
8237 201
8238 155
8239 309
8240 157
8241 152
8242 507
8243 156
8244 178
8245 326
8246 163
8247 204
8248 347
8249 186
8250 158
8251 320
8252 210
8253 167
8254 316
8255 183
8256 185
8257 421
8258 162
8259 156
8260 321
8261 177
8262 214
8263 381
8264 162
8265 164
8266 351
8267 210
8268 156
8269 313
8270 206
8271 167
8272 421
8273 155
8274 185
8275 310
8276 164
8277 278
8278 311
8279 163
8280 161
8281 315
8282 210
8283 166
8284 375
8285 155
8286 155
8287 479
8288 172
8289 156
8290 317
8291 199
8292 209
8293 350
8294 166
8295 157
8296 324
8297 210
8298 182
8299 360
8300 177
8301 152
8302 437
8303 149
8304 172
8305 372
8306 167
8307 205
8308 330
8309 159
8310 165
8311 304
8312 277
8313 176
8314 321
8315 150
8316 164
8317 421
8318 167
8319 182
8320 323
8321 180
8322 203
8323 340
8324 164
8325 159
8326 421
8327 208
8328 157
8329 305
8330 161
8331 172
8332 479
8333 189
8334 173
8335 311
8336 163
8337 236
8338 337
8339 175
8340 192
8341 320
8342 217
8343 185
8344 311
8345 158
8346 161
8347 514
8348 159
8349 164
8350 337
8351 155
8352 231
8353 307
8354 223
8355 171
8356 315
8357 207
8358 161
8359 307
8360 164
8361 198
8362 432
8363 155
8364 163
8365 380
8366 168
8367 206
8368 376
8369 163
8370 159
8371 306
8372 226
8373 164
8374 324
8375 196
8376 166
8377 428
8378 183
8379 157
8380 324
8381 149
8382 256
8383 335
8384 165
8385 162
8386 333
8387 237
8388 176
8389 408
8390 161
8391 184
8392 422
8393 167
8394 161
8395 324
8396 194
8397 208
8398 355
8399 164
8400 172
8401 298
8402 215
8403 194
8404 352
8405 154
8406 179
8407 444
8408 164
8409 167
8410 396
8411 142
8412 212
8413 316
8414 156
8415 157
8416 323
8417 282
8418 166
8419 314
8420 169
8421 162
8422 428
8423 154
8424 207
8425 332
8426 174
8427 203
8428 319
8429 162
8430 165
8431 422
8432 223
8433 165
8434 322
8435 161
8436 164
8437 408
8438 191
8439 163
8440 349
8441 159
8442 241
8443 351
8444 165
8445 193
8446 321
8447 217
8448 164
8449 323
8450 163
8451 151
8452 536
8453 179
8454 170
8455 306
8456 179
8457 221
8458 321
8459 189
8460 150
8461 310
8462 218
8463 155
8464 383
8465 161
8466 199
8467 419
8468 159
8469 163
8470 326
8471 149
8472 222
8473 371
8474 169
8475 196
8476 323
8477 204
8478 168
8479 310
8480 202
8481 165
8482 485
8483 172
8484 170
8485 305
8486 175
8487 266
8488 326
8489 140
8490 155
8491 343
8492 223
8493 163
8494 382
8495 166
8496 161
8497 468
8498 172
8499 162
8500 322
8501 194
8502 233
8503 328
8504 166
8505 151
8506 320
8507 201
8508 246
8509 328
8510 156
8511 159
8512 432
8513 157
8514 158
8515 375
8516 171
8517 214
8518 322
8519 180
8520 147
8521 373
8522 258
8523 170
8524 336
8525 170
8526 167
8527 419
8528 166
8529 185
8530 362
8531 153
8532 211
8533 322
8534 178
8535 162
8536 387
8537 203
8538 165
8539 319
8540 180
8541 173
8542 455
8543 187
8544 169
8545 320
8546 162
8547 233
8548 327
8549 161
8550 186
8551 315
8552 239
8553 157
8554 331
8555 157
8556 167
8557 514
8558 150
8559 187
8560 356
8561 158
8562 211
8563 353
8564 200
8565 163
8566 332
8567 215
8568 161
8569 340
8570 170
8571 204
8572 416
8573 171
8574 184
8575 316
8576 187
8577 213
8578 423
8579 163
8580 158
8581 306
8582 220
8583 167
8584 337
8585 218
8586 181
8587 422
8588 166
8589 165
8590 344
8591 167
8592 255
8593 343
8594 161
8595 162
8596 367
8597 220
8598 167
8599 413
8600 170
8601 163
8602 467
8603 163
8604 169
8605 311
8606 207
8607 248
8608 323
8609 161
8610 188
8611 308
8612 250
8613 208
8614 321
8615 147
8616 171
8617 428
8618 184
8619 152
8620 387
8621 156
8622 226
8623 313
8624 160
8625 175
8626 333
8627 275
8628 162
8629 360
8630 164
8631 159
8632 440
8633 170
8634 190
8635 333
8636 177
8637 208
8638 361
8639 162
8640 178
8641 374
8642 222
8643 164
8644 344
8645 161
8646 171
8647 432
8648 199
8649 159
8650 337
8651 181
8652 224
8653 315
8654 180
8655 189
8656 345
8657 209
8658 163
8659 322
8660 174
8661 169
8662 578
8663 163
8664 185
8665 314
8666 163
8667 209
8668 321
8669 198
8670 166
8671 317
8672 231
8673 194
8674 329
8675 154
8676 208
8677 473
8678 175
8679 152
8680 333
8681 157
8682 233
8683 384
8684 181
8685 156
8686 331
8687 224
8688 163
8689 319
8690 213
8691 171
8692 467
8693 162
8694 173
8695 385
8696 163
8697 264
8698 333
8699 170
8700 164
8701 322
8702 218
8703 179
8704 402
8705 170
8706 186
8707 433
8708 166
8709 166
8710 326
8711 198
8712 236
8713 340
8714 176
8715 168
8716 355
8717 237
8718 195
8719 330
8720 166
8721 166
8722 448
8723 159
8724 160
8725 391
8726 174
8727 219
8728 380
8729 194
8730 170
8731 320
8732 257
8733 166
8734 327
8735 159
8736 169
8737 426
8738 168
8739 220
8740 333
8741 163
8742 245
8743 337
8744 166
8745 158
8746 433
8747 221
8748 174
8749 333
8750 194
8751 170
8752 452
8753 204
8754 176
8755 367
8756 173
8757 226
8758 339
8759 171
8760 204
8761 370
8762 221
8763 171
8764 344
8765 166
8766 167
8767 531
8768 188
8769 164
8770 311
8771 170
8772 259
8773 319
8774 214
8775 160
8776 338
8777 210
8778 168
8779 306
8780 177
8781 209
8782 442
8783 184
8784 157
8785 332
8786 172
8787 243
8788 415
8789 164
8790 166
8791 310
8792 230
8793 174
8794 405
8795 192
8796 159
8797 477
8798 157
8799 165
8800 325
8801 172
8802 258
8803 324
8804 170
8805 182
8806 356
8807 236
8808 170
8809 383
8810 176
8811 160
8812 456
8813 167
8814 182
8815 323
8816 230
8817 219
8818 333
8819 166
8820 201
8821 327
8822 234
8823 193
8824 352
8825 167
8826 157
8827 486
8828 178
8829 165
8830 420
8831 165
8832 218
8833 362
8834 170
8835 161
8836 351
8837 265
8838 182
8839 346
8840 181
8841 170
8842 451
8843 171
8844 215
8845 333
8846 186
8847 226
8848 346
8849 173
8850 171
8851 395
8852 223
8853 170
8854 334
8855 168
8856 165
8857 440
8858 211
8859 191
8860 386
8861 165
8862 223
8863 346
8864 166
8865 213
8866 352
8867 218
8868 173
8869 336
8870 175
8871 186
8872 577
8873 164
8874 169
8875 327
8876 178
8877 233
8878 340
8879 197
8880 160
8881 338
8882 281
8883 158
8884 347
8885 180
8886 197
8887 448
8888 176
8889 162
8890 341
8891 160
8892 221
8893 439
8894 162
8895 163
8896 342
8897 220
8898 181
8899 346
8900 210
8901 184
8902 447
8903 155
8904 179
8905 323
8906 180
8907 272
8908 339
8909 164
8910 163
8911 354
8912 237
8913 166
8914 402
8915 188
8916 179
8917 455
8918 170
8919 169
8920 350
8921 193
8922 228
8923 341
8924 183
8925 159
8926 388
8927 221
8928 206
8929 337
8930 176
8931 166
8932 460
8933 167
8934 163
8935 423
8936 171
8937 276
8938 353
8939 171
8940 167
8941 339
8942 280
8943 174
8944 341
8945 162
8946 177
8947 422
8948 194
8949 196
8950 399
8951 155
8952 229
8953 337
8954 173
8955 161
8956 406
8957 222
8958 191
8959 366
8960 170
8961 163
8962 454
8963 212
8964 169
8965 333
8966 185
8967 225
8968 341
8969 170
8970 233
8971 333
8972 241
8973 169
8974 359
8975 166
8976 191
8977 554
8978 178
8979 159
8980 336
8981 193
8982 212
8983 346
8984 223
8985 173
8986 340
8987 214
8988 173
8989 346
8990 162
8991 205
8992 500
8993 162
8994 169
8995 331
8996 177
8997 228
8998 395
8999 164
9000 172
9001 355
9002 247
9003 184
9004 373
9005 196
9006 158
9007 446
9008 180
9009 167
9010 342
9011 172
9012 277
9013 338
9014 196
9015 195
9016 345
9017 213
9018 186
9019 398
9020 175
9021 176
9022 451
9023 164
9024 168
9025 367
9026 217
9027 241
9028 378
9029 158
9030 176
9031 328
9032 233
9033 202
9034 360
9035 182
9036 193
9037 438
9038 168
9039 164
9040 417
9041 169
9042 227
9043 326
9044 168
9045 167
9046 363
9047 302
9048 163
9049 335
9050 184
9051 167
9052 489
9053 180
9054 225
9055 339
9056 168
9057 220
9058 376
9059 166
9060 166
9061 403
9062 228
9063 177
9064 344
9065 181
9066 175
9067 492
9068 205
9069 205
9070 337
9071 167
9072 246
9073 350
9074 172
9075 196
9076 348
9077 215
9078 173
9079 329
9080 210
9081 172
9082 548
9083 162
9084 171
9085 346
9086 184
9087 218
9088 353
9089 214
9090 157
9091 410
9092 240
9093 177
9094 362
9095 166
9096 213
9097 453
9098 179
9099 160
9100 332
9101 173
9102 252
9103 427
9104 174
9105 175
9106 367
9107 227
9108 155
9109 331
9110 217
9111 168
9112 447
9113 189
9114 171
9115 329
9116 169
9117 269
9118 335
9119 201
9120 187
9121 340
9122 235
9123 171
9124 447
9125 166
9126 168
9127 440
9128 173
9129 177
9130 334
9131 199
9132 254
9133 335
9134 167
9135 191
9136 348
9137 245
9138 203
9139 346
9140 172
9141 175
9142 483
9143 168
9144 175
9145 438
9146 184
9147 225
9148 366
9149 174
9150 165
9151 331
9152 273
9153 178
9154 361
9155 176
9156 177
9157 502
9158 188
9159 207
9160 371
9161 174
9162 232
9163 348
9164 177
9165 175
9166 421
9167 248
9168 198
9169 339
9170 172
9171 209
9172 446
9173 205
9174 183
9175 344
9176 176
9177 223
9178 356
9179 200
9180 215
9181 334
9182 224
9183 177
9184 384
9185 165
9186 184
9187 530
9188 196
9189 171
9190 383
9191 170
9192 230
9193 339
9194 207
9195 174
9196 349
9197 240
9198 176
9199 322
9200 176
9201 234
9202 460
9203 182
9204 170
9205 364
9206 170
9207 237
9208 410
9209 158
9210 183
9211 363
9212 263
9213 165
9214 349
9215 198
9216 180
9217 454
9218 172
9219 172
9220 349
9221 162
9222 312
9223 423
9224 182
9225 156
9226 336
9227 220
9228 170
9229 413
9230 183
9231 181
9232 463
9233 189
9234 198
9235 349
9236 240
9237 235
9238 349
9239 189
9240 172
9241 343
9242 241
9243 222
9244 352
9245 192
9246 174
9247 470
9248 178
9249 186
9250 405
9251 166
9252 223
9253 351
9254 177
9255 165
9256 411
9257 283
9258 170
9259 339
9260 180
9261 171
9262 525
9263 179
9264 207
9265 368
9266 182
9267 251
9268 353
9269 168
9270 169
9271 414
9272 235
9273 189
9274 351
9275 192
9276 179
9277 457
9278 242
9279 178
9280 362
9281 172
9282 246
9283 330
9284 180
9285 197
9286 353
9287 224
9288 182
9289 380
9290 185
9291 169
9292 566
9293 165
9294 183
9295 356
9296 176
9297 223
9298 355
9299 215
9300 200
9301 378
9302 244
9303 173
9304 351
9305 174
9306 211
9307 504
9308 178
9309 179
9310 341
9311 189
9312 226
9313 420
9314 197
9315 182
9316 350
9317 230
9318 171
9319 361
9320 214
9321 177
9322 509
9323 179
9324 187
9325 324
9326 186
9327 305
9328 341
9329 180
9330 174
9331 340
9332 234
9333 181
9334 421
9335 161
9336 176
9337 467
9338 189
9339 157
9340 367
9341 217
9342 240
9343 338
9344 188
9345 173
9346 369
9347 228
9348 203
9349 365
9350 175
9351 179
9352 498
9353 184
9354 176
9355 451
9356 180
9357 251
9358 364
9359 170
9360 172
9361 354
9362 285
9363 189
9364 343
9365 171
9366 211
9367 449
9368 176
9369 198
9370 339
9371 167
9372 241
9373 342
9374 186
9375 181
9376 460
9377 263
9378 176
9379 379
9380 177
9381 185
9382 465
9383 212
9384 175
9385 355
9386 170
9387 225
9388 384
9389 177
9390 202
9391 338
9392 270
9393 182
9394 341
9395 186
9396 173
9397 539
9398 173
9399 191
9400 335
9401 165
9402 227
9403 351
9404 193
9405 194
9406 351
9407 236
9408 184
9409 369
9410 207
9411 216
9412 472
9413 176
9414 187
9415 338
9416 181
9417 240
9418 476
9419 167
9420 171
9421 391
9422 237
9423 179
9424 358
9425 201
9426 178
9427 466
9428 164
9429 173
9430 349
9431 192
9432 301
9433 373
9434 181
9435 173
9436 363
9437 222
9438 176
9439 443
9440 184
9441 188
9442 474
9443 203
9444 194
9445 356
9446 211
9447 225
9448 357
9449 168
9450 180
9451 341
9452 247
9453 209
9454 402
9455 173
9456 168
9457 497
9458 177
9459 170
9460 458
9461 173
9462 228
9463 335
9464 177
9465 197
9466 353
9467 280
9468 185
9469 368
9470 211
9471 192
9472 466
9473 164
9474 214
9475 345
9476 200
9477 240
9478 354
9479 173
9480 183
9481 419
9482 234
9483 192
9484 350
9485 176
9486 171
9487 532
9488 214
9489 178
9490 392
9491 169
9492 242
9493 344
9494 192
9495 209
9496 387
9497 239
9498 197
9499 348
9500 181
9501 179
9502 568
9503 175
9504 180
9505 337
9506 185
9507 224
9508 344
9509 273
9510 177
9511 379
9512 245
9513 178
9514 342
9515 178
9516 207
9517 464
9518 175
9519 179
9520 390
9521 161
9522 262
9523 419
9524 177
9525 180
9526 378
9527 246
9528 196
9529 347
9530 209
9531 204
9532 497
9533 181
9534 180
9535 378
9536 181
9537 275
9538 354
9539 177
9540 162
9541 348
9542 261
9543 168
9544 434
9545 185
9546 185
9547 495
9548 193
9549 168
9550 358
9551 206
9552 231
9553 389
9554 180
9555 174
9556 374
9557 236
9558 208
9559 347
9560 173
9561 196
9562 497
9563 178
9564 201
9565 427
9566 198
9567 248
9568 360
9569 181
9570 165
9571 343
9572 279
9573 191
9574 378
9575 193
9576 179
9577 461
9578 178
9579 234
9580 351
9581 181
9582 228
9583 343
9584 185
9585 173
9586 483
9587 257
9588 177
9589 353
9590 170
9591 182
9592 469
9593 207
9594 182
9595 349
9596 193
9597 252
9598 352
9599 181
9600 229
9601 356
9602 259
9603 172
9604 374
9605 174
9606 174
9607 558
9608 193
9609 174
9610 362
9611 180
9612 241
9613 426
9614 223
9615 181
9616 349
9617 233
9618 183
9619 381
9620 186
9621 204
9622 473
9623 186
9624 180
9625 369
9626 193
9627 236
9628 426
9629 190
9630 206
9631 354
9632 246
9633 177
9634 341
9635 217
9636 183
9637 474
9638 180
9639 189
9640 342
9641 192
9642 311
9643 352
9644 175
9645 180
9646 376
9647 241
9648 178
9649 417
9650 177
9651 181
9652 572
9653 182
9654 171
9655 360
9656 224
9657 240
9658 361
9659 179
9660 175
9661 374
9662 244
9663 240
9664 367
9665 191
9666 180
9667 476
9668 185
9669 177
9670 427
9671 195
9672 243
9673 347
9674 186
9675 172
9676 353
9677 274
9678 195
9679 365
9680 196
9681 196
9682 458
9683 179
9684 209
9685 383
9686 182
9687 244
9688 351
9689 182
9690 178
9691 455
9692 234
9693 183
9694 376
9695 180
9696 218
9697 469
9698 233
9699 180
9700 361
9701 169
9702 240
9703 361
9704 200
9705 223
9706 359
9707 255
9708 183
9709 370
9710 179
9711 174
9712 581
9713 171
9714 181
9715 377
9716 178
9717 266
9718 435
9719 218
9720 173
9721 351
9722 244
9723 174
9724 357
9725 188
9726 220
9727 461
9728 172
9729 199
9730 381
9731 170
9732 257
9733 423
9734 180
9735 180
9736 351
9737 257
9738 169
9739 373
9740 254
9741 185
9742 480
9743 185
9744 180
9745 370
9746 184
9747 291
9748 362
9749 203
9750 175
9751 405
9752 247
9753 186
9754 442
9755 186
9756 210
9757 473
9758 183
9759 179
9760 353
9761 205
9762 264
9763 376
9764 188
9765 171
9766 384
9767 238
9768 203
9769 402
9770 184
9771 181
9772 486
9773 184
9774 180
9775 452
9776 189
9777 245
9778 383
9779 177
9780 183
9781 357
9782 314
9783 185
9784 394
9785 172
9786 190
9787 476
9788 190
9789 220
9790 376
9791 175
9792 242
9793 346
9794 189
9795 216
9796 427
9797 241
9798 185
9799 372
9800 200
9801 172
9802 494
9803 218
9804 180
9805 359
9806 214
9807 241
9808 388
9809 193
9810 210
9811 368
9812 231
9813 190
9814 355
9815 177
9816 196
9817 679
9818 178
9819 190
9820 367
9821 190
9822 224
9823 376
9824 222
9825 187
9826 364
9827 235
9828 206
9829 343
9830 189
9831 221
9832 516
9833 188
9834 214
9835 369
9836 190
9837 237
9838 419
9839 204
9840 180
9841 361
9842 248
9843 183
9844 357
9845 218
9846 186
9847 524
9848 179
9849 173
9850 407
9851 205
9852 287
9853 347
9854 180
9855 178
9856 352
9857 236
9858 182
9859 431
9860 212
9861 194
9862 479
9863 181
9864 190
9865 353
9866 225
9867 247
9868 395
9869 170
9870 201
9871 352
9872 280
9873 247
9874 378
9875 185
9876 176
9877 490
9878 187
9879 177
9880 439
9881 183
9882 243
9883 381
9884 180
9885 190
9886 399
9887 288
9888 175
9889 397
9890 190
9891 182
9892 480
9893 181
9894 248
9895 367
9896 181
9897 246
9898 369
9899 189
9900 179
9901 463
9902 272
9903 184
9904 382
9905 205
9906 178
9907 476
9908 232
9909 189
9910 353
9911 179
9912 273
9913 365
9914 169
9915 214
9916 412
9917 237
9918 185
9919 385
9920 173
9921 176
9922 568
9923 184
9924 189
9925 383
9926 194
9927 275
9928 380
9929 213
9930 175
9931 354
9932 257
9933 179
9934 365
9935 192
9936 237
9937 503
9938 219
9939 181
9940 372
9941 176
9942 251
9943 429
9944 189
9945 173
9946 379
9947 251
9948 172
9949 420
9950 221
9951 201
9952 493
9953 196
9954 187
9955 365
9956 182
9957 282
9958 364
9959 182
9960 197
9961 386
9962 245
9963 177
9964 489
9965 188
9966 184
9967 485
9968 186
9969 191
9970 403
9971 242
9972 237
9973 389
9974 187
9975 182
9976 371
9977 275
9978 217
9979 375
9980 174
9981 175
9982 547
9983 192
9984 189
9985 430
9986 177
9987 265
9988 356
9989 183
9990 204
9991 359
9992 297
9993 213
9994 357
9995 174
9996 186
9997 501
9998 181
9999 221
10000 383
10001 186
10002 243
10003 418
10004 217
10005 184
10006 441
10007 232
10008 190
10009 363
10010 187
10011 185
10012 490
10013 207
10014 180
10015 408
10016 217
10017 250
10018 365
10019 191
10020 213
10021 392
10022 257
10023 172
10024 379
10025 180
10026 202
10027 573
10028 184
10029 200
10030 356
10031 174
10032 238
10033 368
10034 226
10035 189
10036 363
10037 271
10038 195
10039 381
10040 200
10041 246
10042 538
10043 187
10044 183
10045 375
10046 194
10047 243
10048 506
10049 189
10050 185
10051 357
10052 239
10053 189
10054 362
10055 255
10056 180
10057 492
10058 188
10059 203
10060 378
10061 184
10062 309
10063 366
10064 189
10065 184
10066 374
10067 238
10068 203
10069 442
10070 212
10071 184
10072 521
10073 189
10074 188
10075 359
10076 226
10077 259
10078 369
10079 193
10080 186
10081 443
10082 259
10083 237
10084 372
10085 191
10086 160
10087 498
10088 182
10089 195
10090 449
10091 178
10092 274
10093 363
10094 201
10095 186
10096 373
10097 293
10098 197
10099 370
10100 186
10101 176
10102 488
10103 203
10104 222
10105 367
10106 209
10107 261
10108 377
10109 187
10110 188
10111 427
10112 244
10113 186
10114 407
10115 178
10116 189
10117 522
10118 222
10119 204
10120 407
10121 193
10122 249
10123 388
10124 180
10125 258
10126 375
10127 253
10128 196
10129 358
10130 187
10131 193
10132 578
10133 187
10134 195
10135 378
10136 212
10137 245
10138 369
10139 226
10140 194
10141 363
10142 244
10143 188
10144 364
10145 185
10146 228
10147 567
10148 185
10149 188
10150 384
10151 182
10152 256
10153 447
10154 200
10155 196
10156 393
10157 265
10158 205
10159 409
10160 221
10161 198
10162 497
10163 176
10164 195
10165 370
10166 183
10167 296
10168 356
10169 209
10170 184
10171 376
10172 287
10173 182
10174 493
10175 181
10176 183
10177 524
10178 184
10179 184
10180 423
10181 220
10182 255
10183 389
10184 193
10185 201
10186 368
10187 252
10188 241
10189 381
10190 193
10191 218
10192 488
10193 210
10194 193
10195 442
10196 198
10197 254
10198 397
10199 185
10200 193
10201 361
10202 332
10203 194
10204 372
10205 186
10206 181
10207 491
10208 205
10209 230
10210 369
10211 195
10212 251
10213 412
10214 202
10215 183
10216 453
10217 249
10218 188
10219 373
10220 191
10221 181
10222 523
10223 230
10224 231
10225 395
10226 193
10227 240
10228 368
10229 197
10230 220
10231 391
10232 251
10233 185
10234 383
10235 190
10236 180
10237 639
10238 187
10239 190
10240 373
10241 183
10242 248
10243 381
10244 226
10245 190
10246 424
10247 247
10248 180
10249 360
10250 224
10251 238
10252 496
10253 184
10254 180
10255 379
10256 195
10257 270
10258 450
10259 203
10260 183
10261 381
10262 252
10263 205
10264 369
10265 225
10266 182
10267 513
10268 205
10269 207
10270 379
10271 180
10272 298
10273 376
10274 185
10275 188
10276 446
10277 244
10278 181
10279 501
10280 200
10281 178
10282 497
10283 199
10284 183
10285 369
10286 227
10287 256
10288 389
10289 198
10290 202
10291 373
10292 268
10293 235
10294 372
10295 190
10296 179
10297 502
10298 191
10299 183
10300 435
10301 206
10302 265
10303 359
10304 189
10305 183
10306 374
10307 319
10308 187
10309 381
10310 216
10311 190
10312 556
10313 194
10314 211
10315 422
10316 197
10317 243
10318 366
10319 187
10320 176
10321 438
10322 253
10323 204
10324 381
10325 198
10326 199
10327 537
10328 244
10329 202
10330 377
10331 183
10332 247
10333 374
10334 209
10335 217
10336 382
10337 242
10338 214
10339 391
10340 193
10341 211
10342 614
10343 194
10344 194
10345 427
10346 202
10347 259
10348 379
10349 242
10350 183
10351 381
10352 271
10353 177
10354 421
10355 182
10356 242
10357 505
10358 184
10359 185
10360 368
10361 210
10362 245
10363 460
10364 214
10365 190
10366 374
10367 311
10368 182
10369 389
10370 234
10371 197
10372 501
10373 193
10374 189
10375 357
10376 193
10377 280
10378 450
10379 198
10380 193
10381 367
10382 247
10383 197
10384 485
10385 179
10386 184
10387 509
10388 207
10389 209
10390 372
10391 230
10392 253
10393 420
10394 199
10395 202
10396 388
10397 251
10398 236
10399 373
10400 228
10401 190
10402 542
10403 175
10404 182
10405 445
10406 218
10407 264
10408 372
10409 196
10410 187
10411 420
10412 321
10413 196
10414 388
10415 184
10416 191
10417 505
10418 185
10419 251
10420 381
10421 198
10422 260
10423 368
10424 194
10425 191
10426 451
10427 249
10428 184
10429 392
10430 203
10431 195
10432 555
10433 250
10434 191
10435 369
10436 200
10437 252
10438 363
10439 200
10440 223
10441 365
10442 255
10443 180
10444 419
10445 203
10446 200
10447 591
10448 182
10449 192
10450 387
10451 182
10452 257
10453 392
10454 246
10455 207
10456 387
10457 238
10458 206
10459 398
10460 183
10461 231
10462 524
10463 192
10464 191
10465 377
10466 225
10467 262
10468 458
10469 192
10470 188
10471 410
10472 251
10473 193
10474 380
10475 226
10476 182
10477 569
10478 205
10479 189
10480 414
10481 189
10482 298
10483 407
10484 203
10485 189
10486 383
10487 243
10488 211
10489 462
10490 194
10491 182
10492 513
10493 205
10494 198
10495 380
10496 232
10497 310
10498 381
10499 217
10500 190
10501 365
10502 257
10503 234
10504 386
10505 185
10506 175
10507 490
10508 192
10509 176
10510 554
10511 183
10512 264
10513 381
10514 194
10515 178
10516 419
10517 306
10518 186
10519 371
10520 202
10521 206
10522 528
10523 204
10524 237
10525 370
10526 197
10527 254
10528 384
10529 172
10530 181
10531 491
10532 291
10533 189
10534 386
10535 203
10536 209
10537 502
10538 227
10539 191
10540 390
10541 184
10542 242
10543 431
10544 196
10545 232
10546 383
10547 261
10548 203
10549 406
10550 188
10551 196
10552 617
10553 205
10554 221
10555 377
10556 207
10557 265
10558 378
10559 225
10560 177
10561 367
10562 281
10563 193
10564 372
10565 226
10566 225
10567 513
10568 199
10569 195
10570 393
10571 183
10572 257
10573 504
10574 202
10575 205
10576 415
10577 260
10578 190
10579 382
10580 234
10581 200
10582 546
10583 187
10584 185
10585 370
10586 205
10587 337
10588 412
10589 187
10590 198
10591 400
10592 270
10593 185
10594 451
10595 190
10596 197
10597 499
10598 225
10599 201
10600 408
10601 242
10602 251
10603 373
10604 193
10605 192
10606 380
10607 244
10608 232
10609 434
10610 207
10611 207
10612 518
10613 192
10614 226
10615 448
10616 214
10617 255
10618 378
10619 205
10620 205
10621 388
10622 330
10623 190
10624 387
10625 200
10626 191
10627 547
10628 205
10629 220
10630 402
10631 202
10632 256
10633 404
10634 205
10635 194
10636 460
10637 267
10638 184
10639 383
10640 206
10641 185
10642 572
10643 222
10644 194
10645 377
10646 206
10647 256
10648 397
10649 212
10650 242
10651 375
10652 266
10653 232
10654 384
10655 198
10656 172
10657 628
10658 195
10659 187
10660 402
10661 185
10662 254
10663 392
10664 266
10665 194
10666 418
10667 278
10668 208
10669 374
10670 195
10671 226
10672 518
10673 192
10674 187
10675 420
10676 202
10677 239
10678 462
10679 214
10680 198
10681 360
10682 259
10683 201
10684 413
10685 238
10686 217
10687 552
10688 197
10689 173
10690 396
10691 183
10692 333
10693 384
10694 195
10695 192
10696 390
10697 270
10698 194
10699 450
10700 196
10701 212
10702 512
10703 196
10704 186
10705 422
10706 259
10707 254
10708 425
10709 191
10710 203
10711 381
10712 260
10713 230
10714 389
10715 203
10716 179
10717 515
10718 227
10719 215
10720 473
10721 196
10722 259
10723 376
10724 201
10725 188
10726 394
10727 306
10728 210
10729 398
10730 217
10731 220
10732 529
10733 194
10734 227
10735 420
10736 196
10737 253
10738 382
10739 189
10740 194
10741 534
10742 256
10743 196
10744 466
10745 191
10746 200
10747 490
10748 235
10749 201
10750 392
10751 179
10752 312
10753 387
10754 204
10755 217
10756 404
10757 281
10758 188
10759 397
10760 194
10761 186
10762 627
10763 225
10764 199
10765 372
10766 200
10767 262
10768 381
10769 249
10770 199
10771 392
10772 264
10773 197
10774 436
10775 195
10776 229
10777 518
