1 5
2 15
3 36
4 67
5 112
6 169
7 240
8 323
9 424
10 539
11 662
12 803
13 964
14 1133
15 1312
16 1523
17 1746
18 1987
19 2246
20 2519
21 2808
22 3119
23 3436
24 3787
25 4154
26 4529
27 4920
28 5337
29 5770
30 6219
31 6682
32 7173
33 7672
34 8203
35 8760
36 9323
37 9912
38 10517
39 11140
40 11783
41 12450
42 13135
43 13836
44 14551
45 15282
46 16031
47 16810
48 17601
49 18408
50 19245
51 20120
52 21019
53 21928
54 22867
55 23816
56 24779
57 25752
58 26755
59 27774
60 28809
61 29862
62 30939
63 32038
64 33159
65 34308
66 35477
67 36668
68 37867
69 39090
70 40349
71 41632
72 42929
73 44238
74 45581
75 46930
76 48309
77 49696
78 51125
79 52576
80 54053
81 55544
82 57063
83 58602
84 60159
85 61748
86 63349
87 64970
88 66609
89 68264
90 69935
91 71650
92 73373
93 75106
94 76859
95 78648
96 80465
97 82314
98 84185
99 86078
100 87995
101 89914
102 91853
103 93832
104 95831
105 97842
106 99869
107 101902
108 103955
109 106050
110 108191
111 110370
112 112595
113 114838
114 117093
115 119372
116 121653
117 123964
118 126291
119 128626
120 130983
121 133378
122 135809
123 138248
124 140709
125 143188
126 145695
127 148210
128 150733
129 153262
130 155829
131 158426
132 161049
133 163702
134 166381
135 169080
136 171807
137 174550
138 177337
139 180126
140 182941
141 185786
142 188683
143 191600
144 194527
145 197468
146 200447
147 203452
148 206481
149 209548
150 212655
151 215782
152 218907
153 222054
154 225227
155 228432
156 231657
157 234910
158 238167
159 241448
160 244753
161 248080
162 251417
163 254778
164 258193
165 261642
166 265123
167 268622
168 272149
169 275694
170 279253
171 282830
172 286431
173 290082
174 293739
175 297414
176 301123
177 304838
178 308569
179 312318
180 316095
181 319904
182 323723
183 327572
184 331459
185 335414
186 339393
187 343384
188 347403
189 351464
190 355561
191 359664
192 363815
193 367974
194 372151
195 376340
196 380535
197 384748
198 388971
199 393206
200 397461
201 401740
202 406055
203 410404
204 414765
205 419138
206 423549
207 427966
208 432405
209 436888
210 441399
211 445934
212 450503
213 455112
214 459741
215 464404
216 469097
217 473818
218 478569
219 483318
220 488097
221 492896
222 497743
223 502602
224 507523
225 512450
226 517401
227 522384
228 527389
229 532430
230 537493
231 542572
232 547719
233 552880
234 558051
235 563230
236 568437
237 573670
238 578925
239 584212
240 589533
241 594904
242 600299
243 605698
244 611115
245 616576
246 622067
247 627570
248 633083
249 638616
250 644167
251 649748
252 655351
253 660980
254 666627
255 672298
256 678015
257 683746
258 689513
259 695296
260 701105
261 706920
262 712785
263 718666
264 724587
265 730518
266 736477
267 742476
268 748483
269 754520
270 760593
271 766688
272 772789
273 778902
274 785039
275 791236
276 797463
277 803700
278 809953
279 816240
280 822547
281 828888
282 835249
283 841628
284 848037
285 854448
286 860891
287 867356
288 873895
289 880454
290 887035
291 893630
292 900241
293 906866
294 913509
295 920164
296 926895
297 933634
298 940403
299 947194
300 954021
301 960878
302 967773
303 974684
304 981629
305 988602
306 995611
307 1002630
308 1009673
309 1016754
310 1023865
311 1031000
312 1038161
313 1045368
314 1052579
315 1059804
316 1067053
317 1074334
318 1081659
319 1089000
320 1096371
321 1103784
322 1111229
323 1118684
324 1126157
325 1133662
326 1141241
327 1148846
328 1156479
329 1164126
330 1171789
331 1179470
332 1187173
333 1194878
334 1202619
335 1210378
336 1218147
337 1225924
338 1233745
339 1241608
340 1249495
341 1257408
342 1265335
343 1273304
344 1281315
345 1289354
346 1297407
347 1305504
348 1313627
349 1321778
350 1329979
351 1338200
352 1346441
353 1354720
354 1363037
355 1371422
356 1379825
357 1388252
358 1396689
359 1405146
360 1413613
361 1422110
362 1430629
363 1439172
364 1447735
365 1456316
366 1464907
367 1473554
368 1482219
369 1490888
370 1499629
371 1508386
372 1517151
373 1525924
374 1534727
375 1543558
376 1552413
377 1561288
378 1570181
379 1579116
380 1588081
381 1597072
382 1606085
383 1615118
384 1624163
385 1633214
386 1642283
387 1651368
388 1660475
389 1669624
390 1678807
391 1688054
392 1697359
393 1706706
394 1716087
395 1725480
396 1734909
397 1744364
398 1753837
399 1763342
400 1772875
401 1782428
402 1792015
403 1801658
404 1811305
405 1820966
406 1830653
407 1840382
408 1850125
409 1859888
410 1869685
411 1879494
412 1889313
413 1899156
414 1909025
415 1918902
416 1928797
417 1938722
418 1948691
419 1958704
420 1968749
421 1978818
422 1988959
423 1999140
424 2009329
425 2019530
426 2029735
427 2039984
428 2050277
429 2060620
430 2070983
431 2081352
432 2091743
433 2102144
434 2112577
435 2123052
436 2133557
437 2144088
438 2154635
439 2165224
440 2175819
441 2186438
442 2197087
443 2207752
444 2218449
445 2229158
446 2239933
447 2250716
448 2261491
449 2272284
450 2283103
451 2293936
452 2304795
453 2315686
454 2326609
455 2337582
456 2348595
457 2359630
458 2370711
459 2381824
460 2392971
461 2404138
462 2415327
463 2426536
464 2437737
465 2449016
466 2460325
467 2471664
468 2483027
469 2494424
470 2505899
471 2517418
472 2528983
473 2540572
474 2552181
475 2563808
476 2575461
477 2587140
478 2598829
479 2610534
480 2622247
481 2633984
482 2645723
483 2657468
484 2669239
485 2681060
486 2692915
487 2704802
488 2716711
489 2728622
490 2740563
491 2752520
492 2764513
493 2776534
494 2788615
495 2800734
496 2812889
497 2825088
498 2837297
499 2849524
500 2861791
501 2874080
502 2886385
503 2898716
504 2911125
505 2923546
506 2936025
507 2948536
508 2961081
509 2973632
510 2986207
511 2998804
512 3011453
513 3024120
514 3036817
515 3049568
516 3062329
517 3075102
518 3087907
519 3100740
520 3113599
521 3126462
522 3139357
523 3152300
524 3165271
525 3178268
526 3191307
527 3204380
528 3217461
529 3230572
530 3243737
531 3256950
532 3270191
533 3283440
534 3296729
535 3310056
536 3323411
537 3336798
538 3350191
539 3363620
540 3377077
541 3390540
542 3404021
543 3417524
544 3431055
545 3444610
546 3458181
547 3471790
548 3485433
549 3499112
550 3512797
551 3526484
552 3540193
553 3553920
554 3567693
555 3581532
556 3595387
557 3609280
558 3623193
559 3637144
560 3651111
561 3665096
562 3679107
563 3693136
564 3707203
565 3721322
566 3735483
567 3749660
568 3763851
569 3778076
570 3792329
571 3806602
572 3820897
573 3835220
574 3849595
575 3863982
576 3878385
577 3892816
578 3907277
579 3921750
580 3936269
581 3950826
582 3965401
583 3979998
584 3994609
585 4009226
586 4023889
587 4038558
588 4053255
589 4067980
590 4082745
591 4097534
592 4112345
593 4127222
594 4142125
595 4157036
596 4171971
597 4186946
598 4201941
599 4216966
600 4232023
601 4247096
602 4262191
603 4277318
604 4292455
605 4307622
606 4322817
607 4338032
608 4353277
609 4368526
610 4383813
611 4399128
612 4414473
613 4429832
614 4445231
615 4460692
616 4476215
617 4491768
618 4507355
619 4522964
620 4538589
621 4554220
622 4569901
623 4585596
624 4601315
625 4617040
626 4632777
627 4648572
628 4664419
629 4680282
630 4696169
631 4712074
632 4728015
633 4743976
634 4759961
635 4775950
636 4791973
637 4808042
638 4824175
639 4840332
640 4856515
641 4872704
642 4888931
643 4905162
644 4921435
645 4937772
646 4954165
647 4970574
648 4987013
649 5003470
650 5019961
651 5036460
652 5052977
653 5069526
654 5086101
655 5102684
656 5119305
657 5135966
658 5152677
659 5169430
660 5186209
661 5203000
662 5219829
663 5236672
664 5253561
665 5270482
666 5287443
667 5304436
668 5321445
669 5338526
670 5355643
671 5372780
672 5389941
673 5407136
674 5424351
675 5441608
676 5458889
677 5476182
678 5493497
679 5510872
680 5528285
681 5545716
682 5563169
683 5580654
684 5598175
685 5615712
686 5633297
687 5650902
688 5668541
689 5686208
690 5703917
691 5721652
692 5739417
693 5757200
694 5774991
695 5792810
696 5810679
697 5828612
698 5846565
699 5864542
700 5882559
701 5900638
702 5918745
703 5936866
704 5955013
705 5973224
706 5991463
707 6009720
708 6027993
709 6046290
710 6064573
711 6082888
712 6101249
713 6119650
714 6138075
715 6156522
716 6174985
717 6193478
718 6211987
719 6230518
720 6249095
721 6267730
722 6286373
723 6305046
724 6323767
725 6342504
726 6361253
727 6380044
728 6398859
729 6417712
730 6436607
731 6455552
732 6474517
733 6493502
734 6512491
735 6531498
736 6550553
737 6569652
738 6588791
739 6607956
740 6627125
741 6646308
742 6665521
743 6684762
744 6704041
745 6723354
746 6742685
747 6762040
748 6781415
749 6800812
750 6820223
751 6839676
752 6859147
753 6878648
754 6898163
755 6917704
756 6937263
757 6956850
758 6976487
759 6996124
760 7015801
761 7035510
762 7055253
763 7075036
764 7094853
765 7114684
766 7134551
767 7154494
768 7174457
769 7194436
770 7214427
771 7234464
772 7254529
773 7274614
774 7294729
775 7314860
776 7335021
777 7355204
778 7375413
779 7395682
780 7415967
781 7436276
782 7456621
783 7476962
784 7497323
785 7517686
786 7538111
787 7558552
788 7579023
789 7599538
790 7620097
791 7640684
792 7661285
793 7681918
794 7702617
795 7723338
796 7744085
797 7764876
798 7785683
799 7806508
800 7827363
801 7848266
802 7869213
803 7890206
804 7911231
805 7932290
806 7953353
807 7974472
808 7995629
809 8016796
810 8037969
811 8059168
812 8080383
813 8101616
814 8122875
815 8144156
816 8165475
817 8186840
818 8208235
819 8229680
820 8251137
821 8272620
822 8294119
823 8315636
824 8337177
825 8358778
826 8380437
827 8402114
828 8423823
829 8445572
830 8467363
831 8489166
832 8511043
833 8532966
834 8554909
835 8576886
836 8598893
837 8620958
838 8643041
839 8665186
840 8687361
841 8709556
842 8731791
843 8754076
844 8776363
845 8798664
846 8820971
847 8843304
848 8865661
849 8888066
850 8910519
851 8933018
852 8955533
853 8978060
854 9000585
855 9023162
856 9045791
857 9068416
858 9091055
859 9113722
860 9136443
861 9159200
862 9181975
863 9204764
864 9227573
865 9250398
866 9273245
867 9296116
868 9319031
869 9341956
870 9364913
871 9387888
872 9410891
873 9433900
874 9456971
875 9480066
876 9503181
877 9526330
878 9549537
879 9572794
880 9596099
881 9619426
882 9642777
883 9666148
884 9689553
885 9712972
886 9736435
887 9759932
888 9783449
889 9807002
890 9830591
891 9854206
892 9877807
893 9901434
894 9925081
895 9948752
896 9972445
897 9996182
898 10019939
899 10043716
900 10067517
901 10091360
902 10115241
903 10139140
904 10163061
905 10187024
906 10211023
907 10235072
908 10259143
909 10283238
910 10307367
911 10331512
912 10355687
913 10379862
914 10404063
915 10428284
916 10452543
917 10476848
918 10501147
919 10525470
920 10549817
921 10574188
922 10598577
923 10622990
924 10647453
925 10671982
926 10696521
927 10721086
928 10745671
929 10770278
930 10794925
931 10819592
932 10844293
933 10869074
934 10893877
935 10918682
936 10943509
937 10968348
938 10993211
939 11018108
940 11043039
941 11068004
942 11092997
943 11118016
944 11143045
945 11168108
946 11193223
947 11218398
948 11243605
949 11268842
950 11294103
951 11319432
952 11344773
953 11370136
954 11395517
955 11420946
956 11446389
957 11471896
958 11497449
959 11523028
960 11548645
961 11574310
962 11600001
963 11625724
964 11651459
965 11677234
966 11703035
967 11728864
968 11754745
969 11780646
970 11806605
971 11832614
972 11858639
973 11884720
974 11910819
975 11936942
976 11963103
977 11989280
978 12015487
979 12041744
980 12068007
981 12094316
982 12120645
983 12146978
984 12173325
985 12199738
986 12226185
987 12252636
988 12279139
989 12305672
990 12332229
991 12358810
992 12385409
993 12412052
994 12438769
995 12465512
996 12492283
997 12519078
998 12545905
999 12572764
1000 12599633
