0 1
1 1
2 1
3 1
4 1
5 1
6 1
7 1
8 1
9 1
10 2
11 4
12 8
13 16
14 32
15 64
16 128
17 256
18 512
19 2
20 4
21 8
22 16
23 32
24 64
25 128
26 256
27 512
28 2
29 4
30 8
31 16
32 32
33 64
34 128
35 256
36 512
37 2
38 4
39 8
40 16
41 32
42 64
43 128
44 256
45 512
46 2
47 4
48 8
49 16
50 32
51 64
52 128
53 256
54 512
55 2
56 4
57 8
58 16
59 32
60 64
61 128
62 256
63 512
64 2
65 4
66 8
67 16
68 32
69 64
70 128
71 256
72 512
73 2
74 4
75 8
76 16
77 32
78 64
79 128
80 256
81 512
82 2
83 4
84 8
85 16
86 32
87 64
88 128
89 256
90 512
91 2
92 4
93 8
94 16
95 32
96 64
97 128
98 256
99 512
100 3
101 9
102 27
103 81
104 243
105 729
106 2187
107 6561
108 19683
109 3
110 9
111 27
112 81
113 243
114 729
115 2187
116 6561
117 19683
118 3
119 9
120 27
121 81
122 243
123 729
124 2187
125 6561
126 19683
127 3
128 9
129 27
130 81
131 243
132 729
133 2187
134 6561
135 19683
136 3
137 9
138 27
139 81
140 243
141 729
142 2187
143 6561
144 19683
145 3
146 9
147 27
148 81
149 243
150 729
151 2187
152 6561
153 19683
154 3
155 9
156 27
157 81
158 243
159 729
160 2187
161 6561
162 19683
163 3
164 9
165 27
166 81
167 243
168 729
169 2187
170 6561
171 19683
172 3
173 9
174 27
175 81
176 243
177 729
178 2187
179 6561
180 19683
181 3
182 9
183 27
184 81
185 243
186 729
187 2187
188 6561
189 19683
190 3
191 9
192 27
193 81
194 243
195 729
196 2187
197 6561
198 19683
199 3
200 9
201 27
202 81
203 243
204 729
205 2187
206 6561
207 19683
208 3
209 9
210 27
211 81
212 243
213 729
214 2187
215 6561
216 19683
217 3
218 9
219 27
220 81
221 243
222 729
223 2187
224 6561
225 19683
226 3
227 9
228 27
229 81
230 243
231 729
232 2187
233 6561
234 19683
235 3
236 9
237 27
238 81
239 243
240 729
241 2187
242 6561
243 19683
244 3
245 9
246 27
247 81
248 243
249 729
250 2187
251 6561
252 19683
253 3
254 9
255 27
256 81
257 243
258 729
259 2187
260 6561
261 19683
262 3
263 9
264 27
265 81
266 243
267 729
268 2187
269 6561
270 19683
271 3
272 9
273 27
274 81
275 243
276 729
277 2187
278 6561
279 19683
280 3
281 9
282 27
283 81
284 243
285 729
286 2187
287 6561
288 19683
289 3
290 9
291 27
292 81
293 243
294 729
295 2187
296 6561
297 19683
298 3
299 9
300 27
301 81
302 243
303 729
304 2187
305 6561
306 19683
307 3
308 9
309 27
310 81
311 243
312 729
313 2187
314 6561
315 19683
316 3
317 9
318 27
319 81
320 243
321 729
322 2187
323 6561
324 19683
325 3
326 9
327 27
328 81
329 243
330 729
331 2187
332 6561
333 19683
334 3
335 9
336 27
337 81
338 243
339 729
340 2187
341 6561
342 19683
343 3
344 9
345 27
346 81
347 243
348 729
349 2187
350 6561
351 19683
352 3
353 9
354 27
355 81
356 243
357 729
358 2187
359 6561
360 19683
361 3
362 9
363 27
364 81
365 243
366 729
367 2187
368 6561
369 19683
370 3
371 9
372 27
373 81
374 243
375 729
376 2187
377 6561
378 19683
379 3
380 9
381 27
382 81
383 243
384 729
385 2187
386 6561
387 19683
388 3
389 9
390 27
391 81
392 243
393 729
394 2187
395 6561
396 19683
397 3
398 9
399 27
400 81
401 243
402 729
403 2187
404 6561
405 19683
406 3
407 9
408 27
409 81
410 243
411 729
412 2187
413 6561
414 19683
415 3
416 9
417 27
418 81
419 243
420 729
421 2187
422 6561
423 19683
424 3
425 9
426 27
427 81
428 243
429 729
430 2187
431 6561
432 19683
433 3
434 9
435 27
436 81
437 243
438 729
439 2187
440 6561
441 19683
442 3
443 9
444 27
445 81
446 243
447 729
448 2187
449 6561
450 19683
451 3
452 9
453 27
454 81
455 243
456 729
457 2187
458 6561
459 19683
460 3
461 9
462 27
463 81
464 243
465 729
466 2187
467 6561
468 19683
469 3
470 9
471 27
472 81
473 243
474 729
475 2187
476 6561
477 19683
478 3
479 9
480 27
481 81
482 243
483 729
484 2187
485 6561
486 19683
487 3
488 9
489 27
490 81
491 243
492 729
493 2187
494 6561
495 19683
496 3
497 9
498 27
499 81
500 243
501 729
502 2187
503 6561
504 19683
505 3
506 9
507 27
508 81
509 243
510 729
511 2187
512 6561
513 19683
514 3
515 9
516 27
517 81
518 243
519 729
520 2187
521 6561
522 19683
523 3
524 9
525 27
526 81
527 243
528 729
529 2187
530 6561
531 19683
532 3
533 9
534 27
535 81
536 243
537 729
538 2187
539 6561
540 19683
541 3
542 9
543 27
544 81
545 243
546 729
547 2187
548 6561
549 19683
550 3
551 9
552 27
553 81
554 243
555 729
556 2187
557 6561
558 19683
559 3
560 9
561 27
562 81
563 243
564 729
565 2187
566 6561
567 19683
568 3
569 9
570 27
571 81
572 243
573 729
574 2187
575 6561
576 19683
577 3
578 9
579 27
580 81
581 243
582 729
583 2187
584 6561
585 19683
586 3
587 9
588 27
589 81
590 243
591 729
592 2187
593 6561
594 19683
595 3
596 9
597 27
598 81
599 243
600 729
601 2187
602 6561
603 19683
604 3
605 9
606 27
607 81
608 243
609 729
610 2187
611 6561
612 19683
613 3
614 9
615 27
616 81
617 243
618 729
619 2187
620 6561
621 19683
622 3
623 9
624 27
625 81
626 243
627 729
628 2187
629 6561
630 19683
631 3
632 9
633 27
634 81
635 243
636 729
637 2187
638 6561
639 19683
640 3
641 9
642 27
643 81
644 243
645 729
646 2187
647 6561
648 19683
649 3
650 9
651 27
652 81
653 243
654 729
655 2187
656 6561
657 19683
658 3
659 9
660 27
661 81
662 243
663 729
664 2187
665 6561
666 19683
667 3
668 9
669 27
670 81
671 243
672 729
673 2187
674 6561
675 19683
676 3
677 9
678 27
679 81
680 243
681 729
682 2187
683 6561
684 19683
685 3
686 9
687 27
688 81
689 243
690 729
691 2187
692 6561
693 19683
694 3
695 9
696 27
697 81
698 243
699 729
700 2187
701 6561
702 19683
703 3
704 9
705 27
706 81
707 243
708 729
709 2187
710 6561
711 19683
712 3
713 9
714 27
715 81
716 243
717 729
718 2187
719 6561
720 19683
721 3
722 9
723 27
724 81
725 243
726 729
727 2187
728 6561
729 19683
730 3
731 9
732 27
733 81
734 243
735 729
736 2187
737 6561
738 19683
739 3
740 9
741 27
742 81
743 243
744 729
745 2187
746 6561
747 19683
748 3
749 9
750 27
751 81
752 243
753 729
754 2187
755 6561
756 19683
757 3
758 9
759 27
760 81
761 243
762 729
763 2187
764 6561
765 19683
766 3
767 9
768 27
769 81
770 243
771 729
772 2187
773 6561
774 19683
775 3
776 9
777 27
778 81
779 243
780 729
781 2187
782 6561
783 19683
784 3
785 9
786 27
787 81
788 243
789 729
790 2187
791 6561
792 19683
793 3
794 9
795 27
796 81
797 243
798 729
799 2187
800 6561
801 19683
802 3
803 9
804 27
805 81
806 243
807 729
808 2187
809 6561
810 19683
811 3
812 9
813 27
814 81
815 243
816 729
817 2187
818 6561
819 19683
820 3
821 9
822 27
823 81
824 243
825 729
826 2187
827 6561
828 19683
829 3
830 9
831 27
832 81
833 243
834 729
835 2187
836 6561
837 19683
838 3
839 9
840 27
841 81
842 243
843 729
844 2187
845 6561
846 19683
847 3
848 9
849 27
850 81
851 243
852 729
853 2187
854 6561
855 19683
856 3
857 9
858 27
859 81
860 243
861 729
862 2187
863 6561
864 19683
865 3
866 9
867 27
868 81
869 243
870 729
871 2187
872 6561
873 19683
874 3
875 9
876 27
877 81
878 243
879 729
880 2187
881 6561
882 19683
883 3
884 9
885 27
886 81
887 243
888 729
889 2187
890 6561
891 19683
892 3
893 9
894 27
895 81
896 243
897 729
898 2187
899 6561
900 19683
901 3
902 9
903 27
904 81
905 243
906 729
907 2187
908 6561
909 19683
910 3
911 9
912 27
913 81
914 243
915 729
916 2187
917 6561
918 19683
919 3
920 9
921 27
922 81
923 243
924 729
925 2187
926 6561
927 19683
928 3
929 9
930 27
931 81
932 243
933 729
934 2187
935 6561
936 19683
937 3
938 9
939 27
940 81
941 243
942 729
943 2187
944 6561
945 19683
946 3
947 9
948 27
949 81
950 243
951 729
952 2187
953 6561
954 19683
955 3
956 9
957 27
958 81
959 243
960 729
961 2187
962 6561
963 19683
964 3
965 9
966 27
967 81
968 243
969 729
970 2187
971 6561
972 19683
973 3
974 9
975 27
976 81
977 243
978 729
979 2187
980 6561
981 19683
982 3
983 9
984 27
985 81
986 243
987 729
988 2187
989 6561
990 19683
991 3
992 9
993 27
994 81
995 243
996 729
997 2187
998 6561
999 19683
1000 4
1001 16
1002 64
1003 256
1004 1024
1005 4096
1006 16384
1007 65536
1008 262144
1009 4
1010 16
1011 64
1012 256
1013 1024
1014 4096
1015 16384
1016 65536
1017 262144
1018 4
1019 16
1020 64
1021 256
1022 1024
1023 4096
1024 16384
1025 65536
1026 262144
1027 4
1028 16
1029 64
1030 256
1031 1024
1032 4096
1033 16384
1034 65536
1035 262144
1036 4
1037 16
1038 64
1039 256
1040 1024
1041 4096
1042 16384
1043 65536
1044 262144
1045 4
1046 16
1047 64
1048 256
1049 1024
1050 4096
1051 16384
1052 65536
1053 262144
1054 4
1055 16
1056 64
1057 256
1058 1024
1059 4096
1060 16384
1061 65536
1062 262144
1063 4
1064 16
1065 64
1066 256
1067 1024
1068 4096
1069 16384
1070 65536
1071 262144
1072 4
1073 16
1074 64
1075 256
1076 1024
1077 4096
1078 16384
1079 65536
1080 262144
1081 4
1082 16
1083 64
1084 256
1085 1024
1086 4096
1087 16384
1088 65536
1089 262144
1090 4
1091 16
1092 64
1093 256
1094 1024
1095 4096
1096 16384
1097 65536
1098 262144
1099 4
1100 16
1101 64
1102 256
1103 1024
1104 4096
1105 16384
1106 65536
1107 262144
1108 4
1109 16
1110 64
1111 256
1112 1024
1113 4096
1114 16384
1115 65536
1116 262144
1117 4
1118 16
1119 64
1120 256
1121 1024
1122 4096
1123 16384
1124 65536
1125 262144
1126 4
1127 16
1128 64
1129 256
1130 1024
1131 4096
1132 16384
1133 65536
1134 262144
1135 4
1136 16
1137 64
1138 256
1139 1024
1140 4096
1141 16384
1142 65536
1143 262144
1144 4
1145 16
1146 64
1147 256
1148 1024
1149 4096
1150 16384
1151 65536
1152 262144
1153 4
1154 16
1155 64
1156 256
1157 1024
1158 4096
1159 16384
1160 65536
1161 262144
1162 4
1163 16
1164 64
1165 256
1166 1024
1167 4096
1168 16384
1169 65536
1170 262144
1171 4
1172 16
1173 64
1174 256
1175 1024
1176 4096
1177 16384
1178 65536
1179 262144
1180 4
1181 16
1182 64
1183 256
1184 1024
1185 4096
1186 16384
1187 65536
1188 262144
1189 4
1190 16
1191 64
1192 256
1193 1024
1194 4096
1195 16384
1196 65536
1197 262144
1198 4
1199 16
1200 64
1201 256
1202 1024
1203 4096
1204 16384
1205 65536
1206 262144
1207 4
1208 16
1209 64
1210 256
1211 1024
1212 4096
1213 16384
1214 65536
1215 262144
1216 4
1217 16
1218 64
1219 256
1220 1024
1221 4096
1222 16384
1223 65536
1224 262144
1225 4
1226 16
1227 64
1228 256
1229 1024
1230 4096
1231 16384
1232 65536
1233 262144
1234 4
1235 16
1236 64
1237 256
1238 1024
1239 4096
1240 16384
1241 65536
1242 262144
1243 4
1244 16
1245 64
1246 256
1247 1024
1248 4096
1249 16384
1250 65536
1251 262144
1252 4
1253 16
1254 64
1255 256
1256 1024
1257 4096
1258 16384
1259 65536
1260 262144
1261 4
1262 16
1263 64
1264 256
1265 1024
1266 4096
1267 16384
1268 65536
1269 262144
1270 4
1271 16
1272 64
1273 256
1274 1024
1275 4096
1276 16384
1277 65536
1278 262144
1279 4
1280 16
1281 64
1282 256
1283 1024
1284 4096
1285 16384
1286 65536
1287 262144
1288 4
1289 16
1290 64
1291 256
1292 1024
1293 4096
1294 16384
1295 65536
1296 262144
1297 4
1298 16
1299 64
1300 256
1301 1024
1302 4096
1303 16384
1304 65536
1305 262144
1306 4
1307 16
1308 64
1309 256
1310 1024
1311 4096
1312 16384
1313 65536
1314 262144
1315 4
1316 16
1317 64
1318 256
1319 1024
1320 4096
1321 16384
1322 65536
1323 262144
1324 4
1325 16
1326 64
1327 256
1328 1024
1329 4096
1330 16384
1331 65536
1332 262144
1333 4
1334 16
1335 64
1336 256
1337 1024
1338 4096
1339 16384
1340 65536
1341 262144
1342 4
1343 16
1344 64
1345 256
1346 1024
1347 4096
1348 16384
1349 65536
1350 262144
1351 4
1352 16
1353 64
1354 256
1355 1024
1356 4096
1357 16384
1358 65536
1359 262144
1360 4
1361 16
1362 64
1363 256
1364 1024
1365 4096
1366 16384
1367 65536
1368 262144
1369 4
1370 16
1371 64
1372 256
1373 1024
1374 4096
1375 16384
1376 65536
1377 262144
1378 4
1379 16
1380 64
1381 256
1382 1024
1383 4096
1384 16384
1385 65536
1386 262144
1387 4
1388 16
1389 64
1390 256
1391 1024
1392 4096
1393 16384
1394 65536
1395 262144
1396 4
1397 16
1398 64
1399 256
1400 1024
1401 4096
1402 16384
1403 65536
1404 262144
1405 4
1406 16
1407 64
1408 256
1409 1024
1410 4096
1411 16384
1412 65536
1413 262144
1414 4
1415 16
1416 64
1417 256
1418 1024
1419 4096
1420 16384
1421 65536
1422 262144
1423 4
1424 16
1425 64
1426 256
1427 1024
1428 4096
1429 16384
1430 65536
1431 262144
1432 4
1433 16
1434 64
1435 256
1436 1024
1437 4096
1438 16384
1439 65536
1440 262144
1441 4
1442 16
1443 64
1444 256
1445 1024
1446 4096
1447 16384
1448 65536
1449 262144
1450 4
1451 16
1452 64
1453 256
1454 1024
1455 4096
1456 16384
1457 65536
1458 262144
1459 4
1460 16
1461 64
1462 256
1463 1024
1464 4096
1465 16384
1466 65536
1467 262144
1468 4
1469 16
1470 64
1471 256
1472 1024
1473 4096
1474 16384
1475 65536
1476 262144
1477 4
1478 16
1479 64
1480 256
1481 1024
1482 4096
1483 16384
1484 65536
1485 262144
1486 4
1487 16
1488 64
1489 256
1490 1024
1491 4096
1492 16384
1493 65536
1494 262144
1495 4
1496 16
1497 64
1498 256
1499 1024
1500 4096
1501 16384
1502 65536
1503 262144
1504 4
1505 16
1506 64
1507 256
1508 1024
1509 4096
1510 16384
1511 65536
1512 262144
1513 4
1514 16
1515 64
1516 256
1517 1024
1518 4096
1519 16384
1520 65536
1521 262144
1522 4
1523 16
1524 64
1525 256
1526 1024
1527 4096
1528 16384
1529 65536
1530 262144
1531 4
1532 16
1533 64
1534 256
1535 1024
1536 4096
1537 16384
1538 65536
1539 262144
1540 4
1541 16
1542 64
1543 256
1544 1024
1545 4096
1546 16384
1547 65536
1548 262144
1549 4
1550 16
1551 64
1552 256
1553 1024
1554 4096
1555 16384
1556 65536
1557 262144
1558 4
1559 16
1560 64
1561 256
1562 1024
1563 4096
1564 16384
1565 65536
1566 262144
1567 4
1568 16
1569 64
1570 256
1571 1024
1572 4096
1573 16384
1574 65536
1575 262144
1576 4
1577 16
1578 64
1579 256
1580 1024
1581 4096
1582 16384
1583 65536
1584 262144
1585 4
1586 16
1587 64
1588 256
1589 1024
1590 4096
1591 16384
1592 65536
1593 262144
1594 4
1595 16
1596 64
1597 256
1598 1024
1599 4096
1600 16384
1601 65536
1602 262144
1603 4
1604 16
1605 64
1606 256
1607 1024
1608 4096
1609 16384
1610 65536
1611 262144
1612 4
1613 16
1614 64
1615 256
1616 1024
1617 4096
1618 16384
1619 65536
1620 262144
1621 4
1622 16
1623 64
1624 256
1625 1024
1626 4096
1627 16384
1628 65536
1629 262144
1630 4
1631 16
1632 64
1633 256
1634 1024
1635 4096
1636 16384
1637 65536
1638 262144
1639 4
1640 16
1641 64
1642 256
1643 1024
1644 4096
1645 16384
1646 65536
1647 262144
1648 4
1649 16
1650 64
1651 256
1652 1024
1653 4096
1654 16384
1655 65536
1656 262144
1657 4
1658 16
1659 64
1660 256
1661 1024
1662 4096
1663 16384
1664 65536
1665 262144
1666 4
1667 16
1668 64
1669 256
1670 1024
1671 4096
1672 16384
1673 65536
1674 262144
1675 4
1676 16
1677 64
1678 256
1679 1024
1680 4096
1681 16384
1682 65536
1683 262144
1684 4
1685 16
1686 64
1687 256
1688 1024
1689 4096
1690 16384
1691 65536
1692 262144
1693 4
1694 16
1695 64
1696 256
1697 1024
1698 4096
1699 16384
1700 65536
1701 262144
1702 4
1703 16
1704 64
1705 256
1706 1024
1707 4096
1708 16384
1709 65536
1710 262144
1711 4
1712 16
1713 64
1714 256
1715 1024
1716 4096
1717 16384
1718 65536
1719 262144
1720 4
1721 16
1722 64
1723 256
1724 1024
1725 4096
1726 16384
1727 65536
1728 262144
1729 4
1730 16
1731 64
1732 256
1733 1024
1734 4096
1735 16384
1736 65536
1737 262144
1738 4
1739 16
1740 64
1741 256
1742 1024
1743 4096
1744 16384
1745 65536
1746 262144
1747 4
1748 16
1749 64
1750 256
1751 1024
1752 4096
1753 16384
1754 65536
1755 262144
1756 4
1757 16
1758 64
1759 256
1760 1024
1761 4096
1762 16384
1763 65536
1764 262144
1765 4
1766 16
1767 64
1768 256
1769 1024
1770 4096
1771 16384
1772 65536
1773 262144
1774 4
1775 16
1776 64
1777 256
1778 1024
1779 4096
1780 16384
1781 65536
1782 262144
1783 4
1784 16
1785 64
1786 256
1787 1024
1788 4096
1789 16384
1790 65536
1791 262144
1792 4
1793 16
1794 64
1795 256
1796 1024
1797 4096
1798 16384
1799 65536
1800 262144
1801 4
1802 16
1803 64
1804 256
1805 1024
1806 4096
1807 16384
1808 65536
1809 262144
1810 4
1811 16
1812 64
1813 256
1814 1024
1815 4096
1816 16384
1817 65536
1818 262144
1819 4
1820 16
1821 64
1822 256
1823 1024
1824 4096
1825 16384
1826 65536
1827 262144
1828 4
1829 16
1830 64
1831 256
1832 1024
1833 4096
1834 16384
1835 65536
1836 262144
1837 4
1838 16
1839 64
1840 256
1841 1024
1842 4096
1843 16384
1844 65536
1845 262144
1846 4
1847 16
1848 64
1849 256
1850 1024
1851 4096
1852 16384
1853 65536
1854 262144
1855 4
1856 16
1857 64
1858 256
1859 1024
1860 4096
1861 16384
1862 65536
1863 262144
1864 4
1865 16
1866 64
1867 256
1868 1024
1869 4096
1870 16384
1871 65536
1872 262144
1873 4
1874 16
1875 64
1876 256
1877 1024
1878 4096
1879 16384
1880 65536
1881 262144
1882 4
1883 16
1884 64
1885 256
1886 1024
1887 4096
1888 16384
1889 65536
1890 262144
1891 4
1892 16
1893 64
1894 256
1895 1024
1896 4096
1897 16384
1898 65536
1899 262144
1900 4
1901 16
1902 64
1903 256
1904 1024
1905 4096
1906 16384
1907 65536
1908 262144
1909 4
1910 16
1911 64
1912 256
1913 1024
1914 4096
1915 16384
1916 65536
1917 262144
1918 4
1919 16
1920 64
1921 256
1922 1024
1923 4096
1924 16384
1925 65536
1926 262144
1927 4
1928 16
1929 64
1930 256
1931 1024
1932 4096
1933 16384
1934 65536
1935 262144
1936 4
1937 16
1938 64
1939 256
1940 1024
1941 4096
1942 16384
1943 65536
1944 262144
1945 4
1946 16
1947 64
1948 256
1949 1024
1950 4096
1951 16384
1952 65536
1953 262144
1954 4
1955 16
1956 64
1957 256
1958 1024
1959 4096
1960 16384
1961 65536
1962 262144
1963 4
1964 16
1965 64
1966 256
1967 1024
1968 4096
1969 16384
1970 65536
1971 262144
1972 4
1973 16
1974 64
1975 256
1976 1024
1977 4096
1978 16384
1979 65536
1980 262144
1981 4
1982 16
1983 64
1984 256
1985 1024
1986 4096
1987 16384
1988 65536
1989 262144
1990 4
1991 16
1992 64
1993 256
1994 1024
1995 4096
1996 16384
1997 65536
1998 262144
1999 4
2000 16
2001 64
2002 256
2003 1024
2004 4096
2005 16384
2006 65536
2007 262144
2008 4
2009 16
2010 64
2011 256
2012 1024
2013 4096
2014 16384
2015 65536
2016 262144
2017 4
2018 16
2019 64
2020 256
2021 1024
2022 4096
2023 16384
2024 65536
2025 262144
2026 4
2027 16
2028 64
2029 256
2030 1024
2031 4096
2032 16384
2033 65536
2034 262144
2035 4
2036 16
2037 64
2038 256
2039 1024
2040 4096
2041 16384
2042 65536
2043 262144
2044 4
2045 16
2046 64
2047 256
2048 1024
2049 4096
2050 16384
2051 65536
2052 262144
2053 4
2054 16
2055 64
2056 256
2057 1024
2058 4096
2059 16384
2060 65536
2061 262144
2062 4
2063 16
2064 64
2065 256
2066 1024
2067 4096
2068 16384
2069 65536
2070 262144
2071 4
2072 16
2073 64
2074 256
2075 1024
2076 4096
2077 16384
2078 65536
2079 262144
2080 4
2081 16
2082 64
2083 256
2084 1024
2085 4096
2086 16384
2087 65536
2088 262144
2089 4
2090 16
2091 64
2092 256
2093 1024
2094 4096
2095 16384
2096 65536
2097 262144
2098 4
2099 16
2100 64
2101 256
2102 1024
2103 4096
2104 16384
2105 65536
2106 262144
2107 4
2108 16
2109 64
2110 256
2111 1024
2112 4096
2113 16384
2114 65536
2115 262144
2116 4
2117 16
2118 64
2119 256
2120 1024
2121 4096
2122 16384
2123 65536
2124 262144
2125 4
2126 16
2127 64
2128 256
2129 1024
2130 4096
2131 16384
2132 65536
2133 262144
2134 4
2135 16
2136 64
2137 256
2138 1024
2139 4096
2140 16384
2141 65536
2142 262144
2143 4
2144 16
2145 64
2146 256
2147 1024
2148 4096
2149 16384
2150 65536
2151 262144
2152 4
2153 16
2154 64
2155 256
2156 1024
2157 4096
2158 16384
2159 65536
2160 262144
2161 4
2162 16
2163 64
2164 256
2165 1024
2166 4096
2167 16384
2168 65536
2169 262144
2170 4
2171 16
2172 64
2173 256
2174 1024
2175 4096
2176 16384
2177 65536
2178 262144
2179 4
2180 16
2181 64
2182 256
2183 1024
2184 4096
2185 16384
2186 65536
2187 262144
2188 4
2189 16
2190 64
2191 256
2192 1024
2193 4096
2194 16384
2195 65536
2196 262144
2197 4
2198 16
2199 64
2200 256
2201 1024
2202 4096
2203 16384
2204 65536
2205 262144
2206 4
2207 16
2208 64
2209 256
2210 1024
2211 4096
2212 16384
2213 65536
2214 262144
2215 4
2216 16
2217 64
2218 256
2219 1024
2220 4096
2221 16384
2222 65536
2223 262144
2224 4
2225 16
2226 64
2227 256
2228 1024
2229 4096
2230 16384
2231 65536
2232 262144
2233 4
2234 16
2235 64
2236 256
2237 1024
2238 4096
2239 16384
2240 65536
2241 262144
2242 4
2243 16
2244 64
2245 256
2246 1024
2247 4096
2248 16384
2249 65536
2250 262144
2251 4
2252 16
2253 64
2254 256
2255 1024
2256 4096
2257 16384
2258 65536
2259 262144
2260 4
2261 16
2262 64
2263 256
2264 1024
2265 4096
2266 16384
2267 65536
2268 262144
2269 4
2270 16
2271 64
2272 256
2273 1024
2274 4096
2275 16384
2276 65536
2277 262144
2278 4
2279 16
2280 64
2281 256
2282 1024
2283 4096
2284 16384
2285 65536
2286 262144
2287 4
2288 16
2289 64
2290 256
2291 1024
2292 4096
2293 16384
2294 65536
2295 262144
2296 4
2297 16
2298 64
2299 256
2300 1024
2301 4096
2302 16384
2303 65536
2304 262144
2305 4
2306 16
2307 64
2308 256
2309 1024
2310 4096
2311 16384
2312 65536
2313 262144
2314 4
2315 16
2316 64
2317 256
2318 1024
2319 4096
2320 16384
2321 65536
2322 262144
2323 4
2324 16
2325 64
2326 256
2327 1024
2328 4096
2329 16384
2330 65536
2331 262144
2332 4
2333 16
2334 64
2335 256
2336 1024
2337 4096
2338 16384
2339 65536
2340 262144
2341 4
2342 16
2343 64
2344 256
2345 1024
2346 4096
2347 16384
2348 65536
2349 262144
2350 4
2351 16
2352 64
2353 256
2354 1024
2355 4096
2356 16384
2357 65536
2358 262144
2359 4
2360 16
2361 64
2362 256
2363 1024
2364 4096
2365 16384
2366 65536
2367 262144
2368 4
2369 16
2370 64
2371 256
2372 1024
2373 4096
2374 16384
2375 65536
2376 262144
2377 4
2378 16
2379 64
2380 256
2381 1024
2382 4096
2383 16384
2384 65536
2385 262144
2386 4
2387 16
2388 64
2389 256
2390 1024
2391 4096
2392 16384
2393 65536
2394 262144
2395 4
2396 16
2397 64
2398 256
2399 1024
2400 4096
2401 16384
2402 65536
2403 262144
2404 4
2405 16
2406 64
2407 256
2408 1024
2409 4096
2410 16384
2411 65536
2412 262144
2413 4
2414 16
2415 64
2416 256
2417 1024
2418 4096
2419 16384
2420 65536
2421 262144
2422 4
2423 16
2424 64
2425 256
2426 1024
2427 4096
2428 16384
2429 65536
2430 262144
2431 4
2432 16
2433 64
2434 256
2435 1024
2436 4096
2437 16384
2438 65536
2439 262144
2440 4
2441 16
2442 64
2443 256
2444 1024
2445 4096
2446 16384
2447 65536
2448 262144
2449 4
2450 16
2451 64
2452 256
2453 1024
2454 4096
2455 16384
2456 65536
2457 262144
2458 4
2459 16
2460 64
2461 256
2462 1024
2463 4096
2464 16384
2465 65536
2466 262144
2467 4
2468 16
2469 64
2470 256
2471 1024
2472 4096
2473 16384
2474 65536
2475 262144
2476 4
2477 16
2478 64
2479 256
2480 1024
2481 4096
2482 16384
2483 65536
2484 262144
2485 4
2486 16
2487 64
2488 256
2489 1024
2490 4096
2491 16384
2492 65536
2493 262144
2494 4
2495 16
2496 64
2497 256
2498 1024
2499 4096
2500 16384
2501 65536
2502 262144
2503 4
2504 16
2505 64
2506 256
2507 1024
2508 4096
2509 16384
2510 65536
2511 262144
2512 4
2513 16
2514 64
2515 256
2516 1024
2517 4096
2518 16384
2519 65536
2520 262144
2521 4
2522 16
2523 64
2524 256
2525 1024
2526 4096
2527 16384
2528 65536
2529 262144
2530 4
2531 16
2532 64
2533 256
2534 1024
2535 4096
2536 16384
2537 65536
2538 262144
2539 4
2540 16
2541 64
2542 256
2543 1024
2544 4096
2545 16384
2546 65536
2547 262144
2548 4
2549 16
2550 64
2551 256
2552 1024
2553 4096
2554 16384
2555 65536
2556 262144
2557 4
2558 16
2559 64
2560 256
2561 1024
2562 4096
2563 16384
2564 65536
2565 262144
2566 4
2567 16
2568 64
2569 256
2570 1024
2571 4096
2572 16384
2573 65536
2574 262144
2575 4
2576 16
2577 64
2578 256
2579 1024
2580 4096
2581 16384
2582 65536
2583 262144
2584 4
2585 16
2586 64
2587 256
2588 1024
2589 4096
2590 16384
2591 65536
2592 262144
2593 4
2594 16
2595 64
2596 256
2597 1024
2598 4096
2599 16384
2600 65536
2601 262144
2602 4
2603 16
2604 64
2605 256
2606 1024
2607 4096
2608 16384
2609 65536
2610 262144
2611 4
2612 16
2613 64
2614 256
2615 1024
2616 4096
2617 16384
2618 65536
2619 262144
2620 4
2621 16
2622 64
2623 256
2624 1024
2625 4096
2626 16384
2627 65536
2628 262144
2629 4
2630 16
2631 64
2632 256
2633 1024
2634 4096
2635 16384
2636 65536
2637 262144
2638 4
2639 16
2640 64
2641 256
2642 1024
2643 4096
2644 16384
2645 65536
2646 262144
2647 4
2648 16
2649 64
2650 256
2651 1024
2652 4096
2653 16384
2654 65536
2655 262144
2656 4
2657 16
2658 64
2659 256
2660 1024
2661 4096
2662 16384
2663 65536
2664 262144
2665 4
2666 16
2667 64
2668 256
2669 1024
2670 4096
2671 16384
2672 65536
2673 262144
2674 4
2675 16
2676 64
2677 256
2678 1024
2679 4096
2680 16384
2681 65536
2682 262144
2683 4
2684 16
2685 64
2686 256
2687 1024
2688 4096
2689 16384
2690 65536
2691 262144
2692 4
2693 16
2694 64
2695 256
2696 1024
2697 4096
2698 16384
2699 65536
2700 262144
2701 4
2702 16
2703 64
2704 256
2705 1024
2706 4096
2707 16384
2708 65536
2709 262144
2710 4
2711 16
2712 64
2713 256
2714 1024
2715 4096
2716 16384
2717 65536
2718 262144
2719 4
2720 16
2721 64
2722 256
2723 1024
2724 4096
2725 16384
2726 65536
2727 262144
2728 4
2729 16
2730 64
2731 256
2732 1024
2733 4096
2734 16384
2735 65536
2736 262144
2737 4
2738 16
2739 64
2740 256
2741 1024
2742 4096
2743 16384
2744 65536
2745 262144
2746 4
2747 16
2748 64
2749 256
2750 1024
2751 4096
2752 16384
2753 65536
2754 262144
2755 4
2756 16
2757 64
2758 256
2759 1024
2760 4096
2761 16384
2762 65536
2763 262144
2764 4
2765 16
2766 64
2767 256
2768 1024
2769 4096
2770 16384
2771 65536
2772 262144
2773 4
2774 16
2775 64
2776 256
2777 1024
2778 4096
2779 16384
2780 65536
2781 262144
2782 4
2783 16
2784 64
2785 256
2786 1024
2787 4096
2788 16384
2789 65536
2790 262144
2791 4
2792 16
2793 64
2794 256
2795 1024
2796 4096
2797 16384
2798 65536
2799 262144
2800 4
2801 16
2802 64
2803 256
2804 1024
2805 4096
2806 16384
2807 65536
2808 262144
2809 4
2810 16
2811 64
2812 256
2813 1024
2814 4096
2815 16384
2816 65536
2817 262144
2818 4
2819 16
2820 64
2821 256
2822 1024
2823 4096
2824 16384
2825 65536
2826 262144
2827 4
2828 16
2829 64
2830 256
2831 1024
2832 4096
2833 16384
2834 65536
2835 262144
2836 4
2837 16
2838 64
2839 256
2840 1024
2841 4096
2842 16384
2843 65536
2844 262144
2845 4
2846 16
2847 64
2848 256
2849 1024
2850 4096
2851 16384
2852 65536
2853 262144
2854 4
2855 16
2856 64
2857 256
2858 1024
2859 4096
2860 16384
2861 65536
2862 262144
2863 4
2864 16
2865 64
2866 256
2867 1024
2868 4096
2869 16384
2870 65536
2871 262144
2872 4
2873 16
2874 64
2875 256
2876 1024
2877 4096
2878 16384
2879 65536
2880 262144
2881 4
2882 16
2883 64
2884 256
2885 1024
2886 4096
2887 16384
2888 65536
2889 262144
2890 4
2891 16
2892 64
2893 256
2894 1024
2895 4096
2896 16384
2897 65536
2898 262144
2899 4
2900 16
2901 64
2902 256
2903 1024
2904 4096
2905 16384
2906 65536
2907 262144
2908 4
2909 16
2910 64
2911 256
2912 1024
2913 4096
2914 16384
2915 65536
2916 262144
2917 4
2918 16
2919 64
2920 256
2921 1024
2922 4096
2923 16384
2924 65536
2925 262144
2926 4
2927 16
2928 64
2929 256
2930 1024
2931 4096
2932 16384
2933 65536
2934 262144
2935 4
2936 16
2937 64
2938 256
2939 1024
2940 4096
2941 16384
2942 65536
2943 262144
2944 4
2945 16
2946 64
2947 256
2948 1024
2949 4096
2950 16384
2951 65536
2952 262144
2953 4
2954 16
2955 64
2956 256
2957 1024
2958 4096
2959 16384
2960 65536
2961 262144
2962 4
2963 16
2964 64
2965 256
2966 1024
2967 4096
2968 16384
2969 65536
2970 262144
2971 4
2972 16
2973 64
2974 256
2975 1024
2976 4096
2977 16384
2978 65536
2979 262144
2980 4
2981 16
2982 64
2983 256
2984 1024
2985 4096
2986 16384
2987 65536
2988 262144
2989 4
2990 16
2991 64
2992 256
2993 1024
2994 4096
2995 16384
2996 65536
2997 262144
2998 4
2999 16
3000 64
3001 256
3002 1024
3003 4096
3004 16384
3005 65536
3006 262144
3007 4
3008 16
3009 64
3010 256
3011 1024
3012 4096
3013 16384
3014 65536
3015 262144
3016 4
3017 16
3018 64
3019 256
3020 1024
3021 4096
3022 16384
3023 65536
3024 262144
3025 4
3026 16
3027 64
3028 256
3029 1024
3030 4096
3031 16384
3032 65536
3033 262144
3034 4
3035 16
3036 64
3037 256
3038 1024
3039 4096
3040 16384
3041 65536
3042 262144
3043 4
3044 16
3045 64
3046 256
3047 1024
3048 4096
3049 16384
3050 65536
3051 262144
3052 4
3053 16
3054 64
3055 256
3056 1024
3057 4096
3058 16384
3059 65536
3060 262144
3061 4
3062 16
3063 64
3064 256
3065 1024
3066 4096
3067 16384
3068 65536
3069 262144
3070 4
3071 16
3072 64
3073 256
3074 1024
3075 4096
3076 16384
3077 65536
3078 262144
3079 4
3080 16
3081 64
3082 256
3083 1024
3084 4096
3085 16384
3086 65536
3087 262144
3088 4
3089 16
3090 64
3091 256
3092 1024
3093 4096
3094 16384
3095 65536
3096 262144
3097 4
3098 16
3099 64
3100 256
3101 1024
3102 4096
3103 16384
3104 65536
3105 262144
3106 4
3107 16
3108 64
3109 256
3110 1024
3111 4096
3112 16384
3113 65536
3114 262144
3115 4
3116 16
3117 64
3118 256
3119 1024
3120 4096
3121 16384
3122 65536
3123 262144
3124 4
3125 16
3126 64
3127 256
3128 1024
3129 4096
3130 16384
3131 65536
3132 262144
3133 4
3134 16
3135 64
3136 256
3137 1024
3138 4096
3139 16384
3140 65536
3141 262144
3142 4
3143 16
3144 64
3145 256
3146 1024
3147 4096
3148 16384
3149 65536
3150 262144
3151 4
3152 16
3153 64
3154 256
3155 1024
3156 4096
3157 16384
3158 65536
3159 262144
3160 4
3161 16
3162 64
3163 256
3164 1024
3165 4096
3166 16384
3167 65536
3168 262144
3169 4
3170 16
3171 64
3172 256
3173 1024
3174 4096
3175 16384
3176 65536
3177 262144
3178 4
3179 16
3180 64
3181 256
3182 1024
3183 4096
3184 16384
3185 65536
3186 262144
3187 4
3188 16
3189 64
3190 256
3191 1024
3192 4096
3193 16384
3194 65536
3195 262144
3196 4
3197 16
3198 64
3199 256
3200 1024
3201 4096
3202 16384
3203 65536
3204 262144
3205 4
3206 16
3207 64
3208 256
3209 1024
3210 4096
3211 16384
3212 65536
3213 262144
3214 4
3215 16
3216 64
3217 256
3218 1024
3219 4096
3220 16384
3221 65536
3222 262144
3223 4
3224 16
3225 64
3226 256
3227 1024
3228 4096
3229 16384
3230 65536
3231 262144
3232 4
3233 16
3234 64
3235 256
3236 1024
3237 4096
3238 16384
3239 65536
3240 262144
3241 4
3242 16
3243 64
3244 256
3245 1024
3246 4096
3247 16384
3248 65536
3249 262144
3250 4
3251 16
3252 64
3253 256
3254 1024
3255 4096
3256 16384
3257 65536
3258 262144
3259 4
3260 16
3261 64
3262 256
3263 1024
3264 4096
3265 16384
3266 65536
3267 262144
3268 4
3269 16
3270 64
3271 256
3272 1024
3273 4096
3274 16384
3275 65536
3276 262144
3277 4
3278 16
3279 64
3280 256
3281 1024
3282 4096
3283 16384
3284 65536
3285 262144
3286 4
3287 16
3288 64
3289 256
3290 1024
3291 4096
3292 16384
3293 65536
3294 262144
3295 4
3296 16
3297 64
3298 256
3299 1024
3300 4096
3301 16384
3302 65536
3303 262144
3304 4
3305 16
3306 64
3307 256
3308 1024
3309 4096
3310 16384
3311 65536
3312 262144
3313 4
3314 16
3315 64
3316 256
3317 1024
3318 4096
3319 16384
3320 65536
3321 262144
3322 4
3323 16
3324 64
3325 256
3326 1024
3327 4096
3328 16384
3329 65536
3330 262144
3331 4
3332 16
3333 64
3334 256
3335 1024
3336 4096
3337 16384
3338 65536
3339 262144
3340 4
3341 16
3342 64
3343 256
3344 1024
3345 4096
3346 16384
3347 65536
3348 262144
3349 4
3350 16
3351 64
3352 256
3353 1024
3354 4096
3355 16384
3356 65536
3357 262144
3358 4
3359 16
3360 64
3361 256
3362 1024
3363 4096
3364 16384
3365 65536
3366 262144
3367 4
3368 16
3369 64
3370 256
3371 1024
3372 4096
3373 16384
3374 65536
3375 262144
3376 4
3377 16
3378 64
3379 256
3380 1024
3381 4096
3382 16384
3383 65536
3384 262144
3385 4
3386 16
3387 64
3388 256
3389 1024
3390 4096
3391 16384
3392 65536
3393 262144
3394 4
3395 16
3396 64
3397 256
3398 1024
3399 4096
3400 16384
3401 65536
3402 262144
3403 4
3404 16
3405 64
3406 256
3407 1024
3408 4096
3409 16384
3410 65536
3411 262144
3412 4
3413 16
3414 64
3415 256
3416 1024
3417 4096
3418 16384
3419 65536
3420 262144
3421 4
3422 16
3423 64
3424 256
3425 1024
3426 4096
3427 16384
3428 65536
3429 262144
3430 4
3431 16
3432 64
3433 256
3434 1024
3435 4096
3436 16384
3437 65536
3438 262144
3439 4
3440 16
3441 64
3442 256
3443 1024
3444 4096
3445 16384
3446 65536
3447 262144
3448 4
3449 16
3450 64
3451 256
3452 1024
3453 4096
3454 16384
3455 65536
3456 262144
3457 4
3458 16
3459 64
3460 256
3461 1024
3462 4096
3463 16384
3464 65536
3465 262144
3466 4
3467 16
3468 64
3469 256
3470 1024
3471 4096
3472 16384
3473 65536
3474 262144
3475 4
3476 16
3477 64
3478 256
3479 1024
3480 4096
3481 16384
3482 65536
3483 262144
3484 4
3485 16
3486 64
3487 256
3488 1024
3489 4096
3490 16384
3491 65536
3492 262144
3493 4
3494 16
3495 64
3496 256
3497 1024
3498 4096
3499 16384
3500 65536
3501 262144
3502 4
3503 16
3504 64
3505 256
3506 1024
3507 4096
3508 16384
3509 65536
3510 262144
3511 4
3512 16
3513 64
3514 256
3515 1024
3516 4096
3517 16384
3518 65536
3519 262144
3520 4
3521 16
3522 64
3523 256
3524 1024
3525 4096
3526 16384
3527 65536
3528 262144
3529 4
3530 16
3531 64
3532 256
3533 1024
3534 4096
3535 16384
3536 65536
3537 262144
3538 4
3539 16
3540 64
3541 256
3542 1024
3543 4096
3544 16384
3545 65536
3546 262144
3547 4
3548 16
3549 64
3550 256
3551 1024
3552 4096
3553 16384
3554 65536
3555 262144
3556 4
3557 16
3558 64
3559 256
3560 1024
3561 4096
3562 16384
3563 65536
3564 262144
3565 4
3566 16
3567 64
3568 256
3569 1024
3570 4096
3571 16384
3572 65536
3573 262144
3574 4
3575 16
3576 64
3577 256
3578 1024
3579 4096
3580 16384
3581 65536
3582 262144
3583 4
3584 16
3585 64
3586 256
3587 1024
3588 4096
3589 16384
3590 65536
3591 262144
3592 4
3593 16
3594 64
3595 256
3596 1024
3597 4096
3598 16384
3599 65536
3600 262144
3601 4
3602 16
3603 64
3604 256
3605 1024
3606 4096
3607 16384
3608 65536
3609 262144
3610 4
3611 16
3612 64
3613 256
3614 1024
3615 4096
3616 16384
3617 65536
3618 262144
3619 4
3620 16
3621 64
3622 256
3623 1024
3624 4096
3625 16384
3626 65536
3627 262144
3628 4
3629 16
3630 64
3631 256
3632 1024
3633 4096
3634 16384
3635 65536
3636 262144
3637 4
3638 16
3639 64
3640 256
3641 1024
3642 4096
3643 16384
3644 65536
3645 262144
3646 4
3647 16
3648 64
3649 256
3650 1024
3651 4096
3652 16384
3653 65536
3654 262144
3655 4
3656 16
3657 64
3658 256
3659 1024
3660 4096
3661 16384
3662 65536
3663 262144
3664 4
3665 16
3666 64
3667 256
3668 1024
3669 4096
3670 16384
3671 65536
3672 262144
3673 4
3674 16
3675 64
3676 256
3677 1024
3678 4096
3679 16384
3680 65536
3681 262144
3682 4
3683 16
3684 64
3685 256
3686 1024
3687 4096
3688 16384
3689 65536
3690 262144
3691 4
3692 16
3693 64
3694 256
3695 1024
3696 4096
3697 16384
3698 65536
3699 262144
3700 4
3701 16
3702 64
3703 256
3704 1024
3705 4096
3706 16384
3707 65536
3708 262144
3709 4
3710 16
3711 64
3712 256
3713 1024
3714 4096
3715 16384
3716 65536
3717 262144
3718 4
3719 16
3720 64
3721 256
3722 1024
3723 4096
3724 16384
3725 65536
3726 262144
3727 4
3728 16
3729 64
3730 256
3731 1024
3732 4096
3733 16384
3734 65536
3735 262144
3736 4
3737 16
3738 64
3739 256
3740 1024
3741 4096
3742 16384
3743 65536
3744 262144
3745 4
3746 16
3747 64
3748 256
3749 1024
3750 4096
3751 16384
3752 65536
3753 262144
3754 4
3755 16
3756 64
3757 256
3758 1024
3759 4096
3760 16384
3761 65536
3762 262144
3763 4
3764 16
3765 64
3766 256
3767 1024
3768 4096
3769 16384
3770 65536
3771 262144
3772 4
3773 16
3774 64
3775 256
3776 1024
3777 4096
3778 16384
3779 65536
3780 262144
3781 4
3782 16
3783 64
3784 256
3785 1024
3786 4096
3787 16384
3788 65536
3789 262144
3790 4
3791 16
3792 64
3793 256
3794 1024
3795 4096
3796 16384
3797 65536
3798 262144
3799 4
3800 16
3801 64
3802 256
3803 1024
3804 4096
3805 16384
3806 65536
3807 262144
3808 4
3809 16
3810 64
3811 256
3812 1024
3813 4096
3814 16384
3815 65536
3816 262144
3817 4
3818 16
3819 64
3820 256
3821 1024
3822 4096
3823 16384
3824 65536
3825 262144
3826 4
3827 16
3828 64
3829 256
3830 1024
3831 4096
3832 16384
3833 65536
3834 262144
3835 4
3836 16
3837 64
3838 256
3839 1024
3840 4096
3841 16384
3842 65536
3843 262144
3844 4
3845 16
3846 64
3847 256
3848 1024
3849 4096
3850 16384
3851 65536
3852 262144
3853 4
3854 16
3855 64
3856 256
3857 1024
3858 4096
3859 16384
3860 65536
3861 262144
3862 4
3863 16
3864 64
3865 256
3866 1024
3867 4096
3868 16384
3869 65536
3870 262144
3871 4
3872 16
3873 64
3874 256
3875 1024
3876 4096
3877 16384
3878 65536
3879 262144
3880 4
3881 16
3882 64
3883 256
3884 1024
3885 4096
3886 16384
3887 65536
3888 262144
3889 4
3890 16
3891 64
3892 256
3893 1024
3894 4096
3895 16384
3896 65536
3897 262144
3898 4
3899 16
3900 64
3901 256
3902 1024
3903 4096
3904 16384
3905 65536
3906 262144
3907 4
3908 16
3909 64
3910 256
3911 1024
3912 4096
3913 16384
3914 65536
3915 262144
3916 4
3917 16
3918 64
3919 256
3920 1024
3921 4096
3922 16384
3923 65536
3924 262144
3925 4
3926 16
3927 64
3928 256
3929 1024
3930 4096
3931 16384
3932 65536
3933 262144
3934 4
3935 16
3936 64
3937 256
3938 1024
3939 4096
3940 16384
3941 65536
3942 262144
3943 4
3944 16
3945 64
3946 256
3947 1024
3948 4096
3949 16384
3950 65536
3951 262144
3952 4
3953 16
3954 64
3955 256
3956 1024
3957 4096
3958 16384
3959 65536
3960 262144
3961 4
3962 16
3963 64
3964 256
3965 1024
3966 4096
3967 16384
3968 65536
3969 262144
3970 4
3971 16
3972 64
3973 256
3974 1024
3975 4096
3976 16384
3977 65536
3978 262144
3979 4
3980 16
3981 64
3982 256
3983 1024
3984 4096
3985 16384
3986 65536
3987 262144
3988 4
3989 16
3990 64
3991 256
3992 1024
3993 4096
3994 16384
3995 65536
3996 262144
3997 4
3998 16
3999 64
4000 256
4001 1024
4002 4096
4003 16384
4004 65536
4005 262144
4006 4
4007 16
4008 64
4009 256
4010 1024
4011 4096
4012 16384
4013 65536
4014 262144
4015 4
4016 16
4017 64
4018 256
4019 1024
4020 4096
4021 16384
4022 65536
4023 262144
4024 4
4025 16
4026 64
4027 256
4028 1024
4029 4096
4030 16384
4031 65536
4032 262144
4033 4
4034 16
4035 64
4036 256
4037 1024
4038 4096
4039 16384
4040 65536
4041 262144
4042 4
4043 16
4044 64
4045 256
4046 1024
4047 4096
4048 16384
4049 65536
4050 262144
4051 4
4052 16
4053 64
4054 256
4055 1024
4056 4096
4057 16384
4058 65536
4059 262144
4060 4
4061 16
4062 64
4063 256
4064 1024
4065 4096
4066 16384
4067 65536
4068 262144
4069 4
4070 16
4071 64
4072 256
4073 1024
4074 4096
4075 16384
4076 65536
4077 262144
4078 4
4079 16
4080 64
4081 256
4082 1024
4083 4096
4084 16384
4085 65536
4086 262144
4087 4
4088 16
4089 64
4090 256
4091 1024
4092 4096
4093 16384
4094 65536
4095 262144
4096 4
4097 16
4098 64
4099 256
4100 1024
4101 4096
4102 16384
4103 65536
4104 262144
4105 4
4106 16
4107 64
4108 256
4109 1024
4110 4096
4111 16384
4112 65536
4113 262144
4114 4
4115 16
4116 64
4117 256
4118 1024
4119 4096
4120 16384
4121 65536
4122 262144
4123 4
4124 16
4125 64
4126 256
4127 1024
4128 4096
4129 16384
4130 65536
4131 262144
4132 4
4133 16
4134 64
4135 256
4136 1024
4137 4096
4138 16384
4139 65536
4140 262144
4141 4
4142 16
4143 64
4144 256
4145 1024
4146 4096
4147 16384
4148 65536
4149 262144
4150 4
4151 16
4152 64
4153 256
4154 1024
4155 4096
4156 16384
4157 65536
4158 262144
4159 4
4160 16
4161 64
4162 256
4163 1024
4164 4096
4165 16384
4166 65536
4167 262144
4168 4
4169 16
4170 64
4171 256
4172 1024
4173 4096
4174 16384
4175 65536
4176 262144
4177 4
4178 16
4179 64
4180 256
4181 1024
4182 4096
4183 16384
4184 65536
4185 262144
4186 4
4187 16
4188 64
4189 256
4190 1024
4191 4096
4192 16384
4193 65536
4194 262144
4195 4
4196 16
4197 64
4198 256
4199 1024
4200 4096
4201 16384
4202 65536
4203 262144
4204 4
4205 16
4206 64
4207 256
4208 1024
4209 4096
4210 16384
4211 65536
4212 262144
4213 4
4214 16
4215 64
4216 256
4217 1024
4218 4096
4219 16384
4220 65536
4221 262144
4222 4
4223 16
4224 64
4225 256
4226 1024
4227 4096
4228 16384
4229 65536
4230 262144
4231 4
4232 16
4233 64
4234 256
4235 1024
4236 4096
4237 16384
4238 65536
4239 262144
4240 4
4241 16
4242 64
4243 256
4244 1024
4245 4096
4246 16384
4247 65536
4248 262144
4249 4
4250 16
4251 64
4252 256
4253 1024
4254 4096
4255 16384
4256 65536
4257 262144
4258 4
4259 16
4260 64
4261 256
4262 1024
4263 4096
4264 16384
4265 65536
4266 262144
4267 4
4268 16
4269 64
4270 256
4271 1024
4272 4096
4273 16384
4274 65536
4275 262144
4276 4
4277 16
4278 64
4279 256
4280 1024
4281 4096
4282 16384
4283 65536
4284 262144
4285 4
4286 16
4287 64
4288 256
4289 1024
4290 4096
4291 16384
4292 65536
4293 262144
4294 4
4295 16
4296 64
4297 256
4298 1024
4299 4096
4300 16384
4301 65536
4302 262144
4303 4
4304 16
4305 64
4306 256
4307 1024
4308 4096
4309 16384
4310 65536
4311 262144
4312 4
4313 16
4314 64
4315 256
4316 1024
4317 4096
4318 16384
4319 65536
4320 262144
4321 4
4322 16
4323 64
4324 256
4325 1024
4326 4096
4327 16384
4328 65536
4329 262144
4330 4
4331 16
4332 64
4333 256
4334 1024
4335 4096
4336 16384
4337 65536
4338 262144
4339 4
4340 16
4341 64
4342 256
4343 1024
4344 4096
4345 16384
4346 65536
4347 262144
4348 4
4349 16
4350 64
4351 256
4352 1024
4353 4096
4354 16384
4355 65536
4356 262144
4357 4
4358 16
4359 64
4360 256
4361 1024
4362 4096
4363 16384
4364 65536
4365 262144
4366 4
4367 16
4368 64
4369 256
4370 1024
4371 4096
4372 16384
4373 65536
4374 262144
4375 4
4376 16
4377 64
4378 256
4379 1024
4380 4096
4381 16384
4382 65536
4383 262144
4384 4
4385 16
4386 64
4387 256
4388 1024
4389 4096
4390 16384
4391 65536
4392 262144
4393 4
4394 16
4395 64
4396 256
4397 1024
4398 4096
4399 16384
4400 65536
4401 262144
4402 4
4403 16
4404 64
4405 256
4406 1024
4407 4096
4408 16384
4409 65536
4410 262144
4411 4
4412 16
4413 64
4414 256
4415 1024
4416 4096
4417 16384
4418 65536
4419 262144
4420 4
4421 16
4422 64
4423 256
4424 1024
4425 4096
4426 16384
4427 65536
4428 262144
4429 4
4430 16
4431 64
4432 256
4433 1024
4434 4096
4435 16384
4436 65536
4437 262144
4438 4
4439 16
4440 64
4441 256
4442 1024
4443 4096
4444 16384
4445 65536
4446 262144
4447 4
4448 16
4449 64
4450 256
4451 1024
4452 4096
4453 16384
4454 65536
4455 262144
4456 4
4457 16
4458 64
4459 256
4460 1024
4461 4096
4462 16384
4463 65536
4464 262144
4465 4
4466 16
4467 64
4468 256
4469 1024
4470 4096
4471 16384
4472 65536
4473 262144
4474 4
4475 16
4476 64
4477 256
4478 1024
4479 4096
4480 16384
4481 65536
4482 262144
4483 4
4484 16
4485 64
4486 256
4487 1024
4488 4096
4489 16384
4490 65536
4491 262144
4492 4
4493 16
4494 64
4495 256
4496 1024
4497 4096
4498 16384
4499 65536
4500 262144
4501 4
4502 16
4503 64
4504 256
4505 1024
4506 4096
4507 16384
4508 65536
4509 262144
4510 4
4511 16
4512 64
4513 256
4514 1024
4515 4096
4516 16384
4517 65536
4518 262144
4519 4
4520 16
4521 64
4522 256
4523 1024
4524 4096
4525 16384
4526 65536
4527 262144
4528 4
4529 16
4530 64
4531 256
4532 1024
4533 4096
4534 16384
4535 65536
4536 262144
4537 4
4538 16
4539 64
4540 256
4541 1024
4542 4096
4543 16384
4544 65536
4545 262144
4546 4
4547 16
4548 64
4549 256
4550 1024
4551 4096
4552 16384
4553 65536
4554 262144
4555 4
4556 16
4557 64
4558 256
4559 1024
4560 4096
4561 16384
4562 65536
4563 262144
4564 4
4565 16
4566 64
4567 256
4568 1024
4569 4096
4570 16384
4571 65536
4572 262144
4573 4
4574 16
4575 64
4576 256
4577 1024
4578 4096
4579 16384
4580 65536
4581 262144
4582 4
4583 16
4584 64
4585 256
4586 1024
4587 4096
4588 16384
4589 65536
4590 262144
4591 4
4592 16
4593 64
4594 256
4595 1024
4596 4096
4597 16384
4598 65536
4599 262144
4600 4
4601 16
4602 64
4603 256
4604 1024
4605 4096
4606 16384
4607 65536
4608 262144
4609 4
4610 16
4611 64
4612 256
4613 1024
4614 4096
4615 16384
4616 65536
4617 262144
4618 4
4619 16
4620 64
4621 256
4622 1024
4623 4096
4624 16384
4625 65536
4626 262144
4627 4
4628 16
4629 64
4630 256
4631 1024
4632 4096
4633 16384
4634 65536
4635 262144
4636 4
4637 16
4638 64
4639 256
4640 1024
4641 4096
4642 16384
4643 65536
4644 262144
4645 4
4646 16
4647 64
4648 256
4649 1024
4650 4096
4651 16384
4652 65536
4653 262144
4654 4
4655 16
4656 64
4657 256
4658 1024
4659 4096
4660 16384
4661 65536
4662 262144
4663 4
4664 16
4665 64
4666 256
4667 1024
4668 4096
4669 16384
4670 65536
4671 262144
4672 4
4673 16
4674 64
4675 256
4676 1024
4677 4096
4678 16384
4679 65536
4680 262144
4681 4
4682 16
4683 64
4684 256
4685 1024
4686 4096
4687 16384
4688 65536
4689 262144
4690 4
4691 16
4692 64
4693 256
4694 1024
4695 4096
4696 16384
4697 65536
4698 262144
4699 4
4700 16
4701 64
4702 256
4703 1024
4704 4096
4705 16384
4706 65536
4707 262144
4708 4
4709 16
4710 64
4711 256
4712 1024
4713 4096
4714 16384
4715 65536
4716 262144
4717 4
4718 16
4719 64
4720 256
4721 1024
4722 4096
4723 16384
4724 65536
4725 262144
4726 4
4727 16
4728 64
4729 256
4730 1024
4731 4096
4732 16384
4733 65536
4734 262144
4735 4
4736 16
4737 64
4738 256
4739 1024
4740 4096
4741 16384
4742 65536
4743 262144
4744 4
4745 16
4746 64
4747 256
4748 1024
4749 4096
4750 16384
4751 65536
4752 262144
4753 4
4754 16
4755 64
4756 256
4757 1024
4758 4096
4759 16384
4760 65536
4761 262144
4762 4
4763 16
4764 64
4765 256
4766 1024
4767 4096
4768 16384
4769 65536
4770 262144
4771 4
4772 16
4773 64
4774 256
4775 1024
4776 4096
4777 16384
4778 65536
4779 262144
4780 4
4781 16
4782 64
4783 256
4784 1024
4785 4096
4786 16384
4787 65536
4788 262144
4789 4
4790 16
4791 64
4792 256
4793 1024
4794 4096
4795 16384
4796 65536
4797 262144
4798 4
4799 16
4800 64
4801 256
4802 1024
4803 4096
4804 16384
4805 65536
4806 262144
4807 4
4808 16
4809 64
4810 256
4811 1024
4812 4096
4813 16384
4814 65536
4815 262144
4816 4
4817 16
4818 64
4819 256
4820 1024
4821 4096
4822 16384
4823 65536
4824 262144
4825 4
4826 16
4827 64
4828 256
4829 1024
4830 4096
4831 16384
4832 65536
4833 262144
4834 4
4835 16
4836 64
4837 256
4838 1024
4839 4096
4840 16384
4841 65536
4842 262144
4843 4
4844 16
4845 64
4846 256
4847 1024
4848 4096
4849 16384
4850 65536
4851 262144
4852 4
4853 16
4854 64
4855 256
4856 1024
4857 4096
4858 16384
4859 65536
4860 262144
4861 4
4862 16
4863 64
4864 256
4865 1024
4866 4096
4867 16384
4868 65536
4869 262144
4870 4
4871 16
4872 64
4873 256
4874 1024
4875 4096
4876 16384
4877 65536
4878 262144
4879 4
4880 16
4881 64
4882 256
4883 1024
4884 4096
4885 16384
4886 65536
4887 262144
4888 4
4889 16
4890 64
4891 256
4892 1024
4893 4096
4894 16384
4895 65536
4896 262144
4897 4
4898 16
4899 64
4900 256
4901 1024
4902 4096
4903 16384
4904 65536
4905 262144
4906 4
4907 16
4908 64
4909 256
4910 1024
4911 4096
4912 16384
4913 65536
4914 262144
4915 4
4916 16
4917 64
4918 256
4919 1024
4920 4096
4921 16384
4922 65536
4923 262144
4924 4
4925 16
4926 64
4927 256
4928 1024
4929 4096
4930 16384
4931 65536
4932 262144
4933 4
4934 16
4935 64
4936 256
4937 1024
4938 4096
4939 16384
4940 65536
4941 262144
4942 4
4943 16
4944 64
4945 256
4946 1024
4947 4096
4948 16384
4949 65536
4950 262144
4951 4
4952 16
4953 64
4954 256
4955 1024
4956 4096
4957 16384
4958 65536
4959 262144
4960 4
4961 16
4962 64
4963 256
4964 1024
4965 4096
4966 16384
4967 65536
4968 262144
4969 4
4970 16
4971 64
4972 256
4973 1024
4974 4096
4975 16384
4976 65536
4977 262144
4978 4
4979 16
4980 64
4981 256
4982 1024
4983 4096
4984 16384
4985 65536
4986 262144
4987 4
4988 16
4989 64
4990 256
4991 1024
4992 4096
4993 16384
4994 65536
4995 262144
4996 4
4997 16
4998 64
4999 256
5000 1024
5001 4096
5002 16384
5003 65536
5004 262144
5005 4
5006 16
5007 64
5008 256
5009 1024
5010 4096
5011 16384
5012 65536
5013 262144
5014 4
5015 16
5016 64
5017 256
5018 1024
5019 4096
5020 16384
5021 65536
5022 262144
5023 4
5024 16
5025 64
5026 256
5027 1024
5028 4096
5029 16384
5030 65536
5031 262144
5032 4
5033 16
5034 64
5035 256
5036 1024
5037 4096
5038 16384
5039 65536
5040 262144
5041 4
5042 16
5043 64
5044 256
5045 1024
5046 4096
5047 16384
5048 65536
5049 262144
5050 4
5051 16
5052 64
5053 256
5054 1024
5055 4096
5056 16384
5057 65536
5058 262144
5059 4
5060 16
5061 64
5062 256
5063 1024
5064 4096
5065 16384
5066 65536
5067 262144
5068 4
5069 16
5070 64
5071 256
5072 1024
5073 4096
5074 16384
5075 65536
5076 262144
5077 4
5078 16
5079 64
5080 256
5081 1024
5082 4096
5083 16384
5084 65536
5085 262144
5086 4
5087 16
5088 64
5089 256
5090 1024
5091 4096
5092 16384
5093 65536
5094 262144
5095 4
5096 16
5097 64
5098 256
5099 1024
5100 4096
5101 16384
5102 65536
5103 262144
5104 4
5105 16
5106 64
5107 256
5108 1024
5109 4096
5110 16384
5111 65536
5112 262144
5113 4
5114 16
5115 64
5116 256
5117 1024
5118 4096
5119 16384
5120 65536
5121 262144
5122 4
5123 16
5124 64
5125 256
5126 1024
5127 4096
5128 16384
5129 65536
5130 262144
5131 4
5132 16
5133 64
5134 256
5135 1024
5136 4096
5137 16384
5138 65536
5139 262144
5140 4
5141 16
5142 64
5143 256
5144 1024
5145 4096
5146 16384
5147 65536
5148 262144
5149 4
5150 16
5151 64
5152 256
5153 1024
5154 4096
5155 16384
5156 65536
5157 262144
5158 4
5159 16
5160 64
5161 256
5162 1024
5163 4096
5164 16384
5165 65536
5166 262144
5167 4
5168 16
5169 64
5170 256
5171 1024
5172 4096
5173 16384
5174 65536
5175 262144
5176 4
5177 16
5178 64
5179 256
5180 1024
5181 4096
5182 16384
5183 65536
5184 262144
5185 4
5186 16
5187 64
5188 256
5189 1024
5190 4096
5191 16384
5192 65536
5193 262144
5194 4
5195 16
5196 64
5197 256
5198 1024
5199 4096
5200 16384
5201 65536
5202 262144
5203 4
5204 16
5205 64
5206 256
5207 1024
5208 4096
5209 16384
5210 65536
5211 262144
5212 4
5213 16
5214 64
5215 256
5216 1024
5217 4096
5218 16384
5219 65536
5220 262144
5221 4
5222 16
5223 64
5224 256
5225 1024
5226 4096
5227 16384
5228 65536
5229 262144
5230 4
5231 16
5232 64
5233 256
5234 1024
5235 4096
5236 16384
5237 65536
5238 262144
5239 4
5240 16
5241 64
5242 256
5243 1024
5244 4096
5245 16384
5246 65536
5247 262144
5248 4
5249 16
5250 64
5251 256
5252 1024
5253 4096
5254 16384
5255 65536
5256 262144
5257 4
5258 16
5259 64
5260 256
5261 1024
5262 4096
5263 16384
5264 65536
5265 262144
5266 4
5267 16
5268 64
5269 256
5270 1024
5271 4096
5272 16384
5273 65536
5274 262144
5275 4
5276 16
5277 64
5278 256
5279 1024
5280 4096
5281 16384
5282 65536
5283 262144
5284 4
5285 16
5286 64
5287 256
5288 1024
5289 4096
5290 16384
5291 65536
5292 262144
5293 4
5294 16
5295 64
5296 256
5297 1024
5298 4096
5299 16384
5300 65536
5301 262144
5302 4
5303 16
5304 64
5305 256
5306 1024
5307 4096
5308 16384
5309 65536
5310 262144
5311 4
5312 16
5313 64
5314 256
5315 1024
5316 4096
5317 16384
5318 65536
5319 262144
5320 4
5321 16
5322 64
5323 256
5324 1024
5325 4096
5326 16384
5327 65536
5328 262144
5329 4
5330 16
5331 64
5332 256
5333 1024
5334 4096
5335 16384
5336 65536
5337 262144
5338 4
5339 16
5340 64
5341 256
5342 1024
5343 4096
5344 16384
5345 65536
5346 262144
5347 4
5348 16
5349 64
5350 256
5351 1024
5352 4096
5353 16384
5354 65536
5355 262144
5356 4
5357 16
5358 64
5359 256
5360 1024
5361 4096
5362 16384
5363 65536
5364 262144
5365 4
5366 16
5367 64
5368 256
5369 1024
5370 4096
5371 16384
5372 65536
5373 262144
5374 4
5375 16
5376 64
5377 256
5378 1024
5379 4096
5380 16384
5381 65536
5382 262144
5383 4
5384 16
5385 64
5386 256
5387 1024
5388 4096
5389 16384
5390 65536
5391 262144
5392 4
5393 16
5394 64
5395 256
5396 1024
5397 4096
5398 16384
5399 65536
5400 262144
5401 4
5402 16
5403 64
5404 256
5405 1024
5406 4096
5407 16384
5408 65536
5409 262144
5410 4
5411 16
5412 64
5413 256
5414 1024
5415 4096
5416 16384
5417 65536
5418 262144
5419 4
5420 16
5421 64
5422 256
5423 1024
5424 4096
5425 16384
5426 65536
5427 262144
5428 4
5429 16
5430 64
5431 256
5432 1024
5433 4096
5434 16384
5435 65536
5436 262144
5437 4
5438 16
5439 64
5440 256
5441 1024
5442 4096
5443 16384
5444 65536
5445 262144
5446 4
5447 16
5448 64
5449 256
5450 1024
5451 4096
5452 16384
5453 65536
5454 262144
5455 4
5456 16
5457 64
5458 256
5459 1024
5460 4096
5461 16384
5462 65536
5463 262144
5464 4
5465 16
5466 64
5467 256
5468 1024
5469 4096
5470 16384
5471 65536
5472 262144
5473 4
5474 16
5475 64
5476 256
5477 1024
5478 4096
5479 16384
5480 65536
5481 262144
5482 4
5483 16
5484 64
5485 256
5486 1024
5487 4096
5488 16384
5489 65536
5490 262144
5491 4
5492 16
5493 64
5494 256
5495 1024
5496 4096
5497 16384
5498 65536
5499 262144
5500 4
5501 16
5502 64
5503 256
5504 1024
5505 4096
5506 16384
5507 65536
5508 262144
5509 4
5510 16
5511 64
5512 256
5513 1024
5514 4096
5515 16384
5516 65536
5517 262144
5518 4
5519 16
5520 64
5521 256
5522 1024
5523 4096
5524 16384
5525 65536
5526 262144
5527 4
5528 16
5529 64
5530 256
5531 1024
5532 4096
5533 16384
5534 65536
5535 262144
5536 4
5537 16
5538 64
5539 256
5540 1024
5541 4096
5542 16384
5543 65536
5544 262144
5545 4
5546 16
5547 64
5548 256
5549 1024
5550 4096
5551 16384
5552 65536
5553 262144
5554 4
5555 16
5556 64
5557 256
5558 1024
5559 4096
5560 16384
5561 65536
5562 262144
5563 4
5564 16
5565 64
5566 256
5567 1024
5568 4096
5569 16384
5570 65536
5571 262144
5572 4
5573 16
5574 64
5575 256
5576 1024
5577 4096
5578 16384
5579 65536
5580 262144
5581 4
5582 16
5583 64
5584 256
5585 1024
5586 4096
5587 16384
5588 65536
5589 262144
5590 4
5591 16
5592 64
5593 256
5594 1024
5595 4096
5596 16384
5597 65536
5598 262144
5599 4
5600 16
5601 64
5602 256
5603 1024
5604 4096
5605 16384
5606 65536
5607 262144
5608 4
5609 16
5610 64
5611 256
5612 1024
5613 4096
5614 16384
5615 65536
5616 262144
5617 4
5618 16
5619 64
5620 256
5621 1024
5622 4096
5623 16384
5624 65536
5625 262144
5626 4
5627 16
5628 64
5629 256
5630 1024
5631 4096
5632 16384
5633 65536
5634 262144
5635 4
5636 16
5637 64
5638 256
5639 1024
5640 4096
5641 16384
5642 65536
5643 262144
5644 4
5645 16
5646 64
5647 256
5648 1024
5649 4096
5650 16384
5651 65536
5652 262144
5653 4
5654 16
5655 64
5656 256
5657 1024
5658 4096
5659 16384
5660 65536
5661 262144
5662 4
5663 16
5664 64
5665 256
5666 1024
5667 4096
5668 16384
5669 65536
5670 262144
5671 4
5672 16
5673 64
5674 256
5675 1024
5676 4096
5677 16384
5678 65536
5679 262144
5680 4
5681 16
5682 64
5683 256
5684 1024
5685 4096
5686 16384
5687 65536
5688 262144
5689 4
5690 16
5691 64
5692 256
5693 1024
5694 4096
5695 16384
5696 65536
5697 262144
5698 4
5699 16
5700 64
5701 256
5702 1024
5703 4096
5704 16384
5705 65536
5706 262144
5707 4
5708 16
5709 64
5710 256
5711 1024
5712 4096
5713 16384
5714 65536
5715 262144
5716 4
5717 16
5718 64
5719 256
5720 1024
5721 4096
5722 16384
5723 65536
5724 262144
5725 4
5726 16
5727 64
5728 256
5729 1024
5730 4096
5731 16384
5732 65536
5733 262144
5734 4
5735 16
5736 64
5737 256
5738 1024
5739 4096
5740 16384
5741 65536
5742 262144
5743 4
5744 16
5745 64
5746 256
5747 1024
5748 4096
5749 16384
5750 65536
5751 262144
5752 4
5753 16
5754 64
5755 256
5756 1024
5757 4096
5758 16384
5759 65536
5760 262144
5761 4
5762 16
5763 64
5764 256
5765 1024
5766 4096
5767 16384
5768 65536
5769 262144
5770 4
5771 16
5772 64
5773 256
5774 1024
5775 4096
5776 16384
5777 65536
5778 262144
5779 4
5780 16
5781 64
5782 256
5783 1024
5784 4096
5785 16384
5786 65536
5787 262144
5788 4
5789 16
5790 64
5791 256
5792 1024
5793 4096
5794 16384
5795 65536
5796 262144
5797 4
5798 16
5799 64
5800 256
5801 1024
5802 4096
5803 16384
5804 65536
5805 262144
5806 4
5807 16
5808 64
5809 256
5810 1024
5811 4096
5812 16384
5813 65536
5814 262144
5815 4
5816 16
5817 64
5818 256
5819 1024
5820 4096
5821 16384
5822 65536
5823 262144
5824 4
5825 16
5826 64
5827 256
5828 1024
5829 4096
5830 16384
5831 65536
5832 262144
5833 4
5834 16
5835 64
5836 256
5837 1024
5838 4096
5839 16384
5840 65536
5841 262144
5842 4
5843 16
5844 64
5845 256
5846 1024
5847 4096
5848 16384
5849 65536
5850 262144
5851 4
5852 16
5853 64
5854 256
5855 1024
5856 4096
5857 16384
5858 65536
5859 262144
5860 4
5861 16
5862 64
5863 256
5864 1024
5865 4096
5866 16384
5867 65536
5868 262144
5869 4
5870 16
5871 64
5872 256
5873 1024
5874 4096
5875 16384
5876 65536
5877 262144
5878 4
5879 16
5880 64
5881 256
5882 1024
5883 4096
5884 16384
5885 65536
5886 262144
5887 4
5888 16
5889 64
5890 256
5891 1024
5892 4096
5893 16384
5894 65536
5895 262144
5896 4
5897 16
5898 64
5899 256
5900 1024
5901 4096
5902 16384
5903 65536
5904 262144
5905 4
5906 16
5907 64
5908 256
5909 1024
5910 4096
5911 16384
5912 65536
5913 262144
5914 4
5915 16
5916 64
5917 256
5918 1024
5919 4096
5920 16384
5921 65536
5922 262144
5923 4
5924 16
5925 64
5926 256
5927 1024
5928 4096
5929 16384
5930 65536
5931 262144
5932 4
5933 16
5934 64
5935 256
5936 1024
5937 4096
5938 16384
5939 65536
5940 262144
5941 4
5942 16
5943 64
5944 256
5945 1024
5946 4096
5947 16384
5948 65536
5949 262144
5950 4
5951 16
5952 64
5953 256
5954 1024
5955 4096
5956 16384
5957 65536
5958 262144
5959 4
5960 16
5961 64
5962 256
5963 1024
5964 4096
5965 16384
5966 65536
5967 262144
5968 4
5969 16
5970 64
5971 256
5972 1024
5973 4096
5974 16384
5975 65536
5976 262144
5977 4
5978 16
5979 64
5980 256
5981 1024
5982 4096
5983 16384
5984 65536
5985 262144
5986 4
5987 16
5988 64
5989 256
5990 1024
5991 4096
5992 16384
5993 65536
5994 262144
5995 4
5996 16
5997 64
5998 256
5999 1024
6000 4096
6001 16384
6002 65536
6003 262144
6004 4
6005 16
6006 64
6007 256
6008 1024
6009 4096
6010 16384
6011 65536
6012 262144
6013 4
6014 16
6015 64
6016 256
6017 1024
6018 4096
6019 16384
6020 65536
6021 262144
6022 4
6023 16
6024 64
6025 256
6026 1024
6027 4096
6028 16384
6029 65536
6030 262144
6031 4
6032 16
6033 64
6034 256
6035 1024
6036 4096
6037 16384
6038 65536
6039 262144
6040 4
6041 16
6042 64
6043 256
6044 1024
6045 4096
6046 16384
6047 65536
6048 262144
6049 4
6050 16
6051 64
6052 256
6053 1024
6054 4096
6055 16384
6056 65536
6057 262144
6058 4
6059 16
6060 64
6061 256
6062 1024
6063 4096
6064 16384
6065 65536
6066 262144
6067 4
6068 16
6069 64
6070 256
6071 1024
6072 4096
6073 16384
6074 65536
6075 262144
6076 4
6077 16
6078 64
6079 256
6080 1024
6081 4096
6082 16384
6083 65536
6084 262144
6085 4
6086 16
6087 64
6088 256
6089 1024
6090 4096
6091 16384
6092 65536
6093 262144
6094 4
6095 16
6096 64
6097 256
6098 1024
6099 4096
6100 16384
6101 65536
6102 262144
6103 4
6104 16
6105 64
6106 256
6107 1024
6108 4096
6109 16384
6110 65536
6111 262144
6112 4
6113 16
6114 64
6115 256
6116 1024
6117 4096
6118 16384
6119 65536
6120 262144
6121 4
6122 16
6123 64
6124 256
6125 1024
6126 4096
6127 16384
6128 65536
6129 262144
6130 4
6131 16
6132 64
6133 256
6134 1024
6135 4096
6136 16384
6137 65536
6138 262144
6139 4
6140 16
6141 64
6142 256
6143 1024
6144 4096
6145 16384
6146 65536
6147 262144
6148 4
6149 16
6150 64
6151 256
6152 1024
6153 4096
6154 16384
6155 65536
6156 262144
6157 4
6158 16
6159 64
6160 256
6161 1024
6162 4096
6163 16384
6164 65536
6165 262144
6166 4
6167 16
6168 64
6169 256
6170 1024
6171 4096
6172 16384
6173 65536
6174 262144
6175 4
6176 16
6177 64
6178 256
6179 1024
6180 4096
6181 16384
6182 65536
6183 262144
6184 4
6185 16
6186 64
6187 256
6188 1024
6189 4096
6190 16384
6191 65536
6192 262144
6193 4
6194 16
6195 64
6196 256
6197 1024
6198 4096
6199 16384
6200 65536
6201 262144
6202 4
6203 16
6204 64
6205 256
6206 1024
6207 4096
6208 16384
6209 65536
6210 262144
6211 4
6212 16
6213 64
6214 256
6215 1024
6216 4096
6217 16384
6218 65536
6219 262144
6220 4
6221 16
6222 64
6223 256
6224 1024
6225 4096
6226 16384
6227 65536
6228 262144
6229 4
6230 16
6231 64
6232 256
6233 1024
6234 4096
6235 16384
6236 65536
6237 262144
6238 4
6239 16
6240 64
6241 256
6242 1024
6243 4096
6244 16384
6245 65536
6246 262144
6247 4
6248 16
6249 64
6250 256
6251 1024
6252 4096
6253 16384
6254 65536
6255 262144
6256 4
6257 16
6258 64
6259 256
6260 1024
6261 4096
6262 16384
6263 65536
6264 262144
6265 4
6266 16
6267 64
6268 256
6269 1024
6270 4096
6271 16384
6272 65536
6273 262144
6274 4
6275 16
6276 64
6277 256
6278 1024
6279 4096
6280 16384
6281 65536
6282 262144
6283 4
6284 16
6285 64
6286 256
6287 1024
6288 4096
6289 16384
6290 65536
6291 262144
6292 4
6293 16
6294 64
6295 256
6296 1024
6297 4096
6298 16384
6299 65536
6300 262144
6301 4
6302 16
6303 64
6304 256
6305 1024
6306 4096
6307 16384
6308 65536
6309 262144
6310 4
6311 16
6312 64
6313 256
6314 1024
6315 4096
6316 16384
6317 65536
6318 262144
6319 4
6320 16
6321 64
6322 256
6323 1024
6324 4096
6325 16384
6326 65536
6327 262144
6328 4
6329 16
6330 64
6331 256
6332 1024
6333 4096
6334 16384
6335 65536
6336 262144
6337 4
6338 16
6339 64
6340 256
6341 1024
6342 4096
6343 16384
6344 65536
6345 262144
6346 4
6347 16
6348 64
6349 256
6350 1024
6351 4096
6352 16384
6353 65536
6354 262144
6355 4
6356 16
6357 64
6358 256
6359 1024
6360 4096
6361 16384
6362 65536
6363 262144
6364 4
6365 16
6366 64
6367 256
6368 1024
6369 4096
6370 16384
6371 65536
6372 262144
6373 4
6374 16
6375 64
6376 256
6377 1024
6378 4096
6379 16384
6380 65536
6381 262144
6382 4
6383 16
6384 64
6385 256
6386 1024
6387 4096
6388 16384
6389 65536
6390 262144
6391 4
6392 16
6393 64
6394 256
6395 1024
6396 4096
6397 16384
6398 65536
6399 262144
6400 4
6401 16
6402 64
6403 256
6404 1024
6405 4096
6406 16384
6407 65536
6408 262144
6409 4
6410 16
6411 64
6412 256
6413 1024
6414 4096
6415 16384
6416 65536
6417 262144
6418 4
6419 16
6420 64
6421 256
6422 1024
6423 4096
6424 16384
6425 65536
6426 262144
6427 4
6428 16
6429 64
6430 256
6431 1024
6432 4096
6433 16384
6434 65536
6435 262144
6436 4
6437 16
6438 64
6439 256
6440 1024
6441 4096
6442 16384
6443 65536
6444 262144
6445 4
6446 16
6447 64
6448 256
6449 1024
6450 4096
6451 16384
6452 65536
6453 262144
6454 4
6455 16
6456 64
6457 256
6458 1024
6459 4096
6460 16384
6461 65536
6462 262144
6463 4
6464 16
6465 64
6466 256
6467 1024
6468 4096
6469 16384
6470 65536
6471 262144
6472 4
6473 16
6474 64
6475 256
6476 1024
6477 4096
6478 16384
6479 65536
6480 262144
6481 4
6482 16
6483 64
6484 256
6485 1024
6486 4096
6487 16384
6488 65536
6489 262144
6490 4
6491 16
6492 64
6493 256
6494 1024
6495 4096
6496 16384
6497 65536
6498 262144
6499 4
6500 16
6501 64
6502 256
6503 1024
6504 4096
6505 16384
6506 65536
6507 262144
6508 4
6509 16
6510 64
6511 256
6512 1024
6513 4096
6514 16384
6515 65536
6516 262144
6517 4
6518 16
6519 64
6520 256
6521 1024
6522 4096
6523 16384
6524 65536
6525 262144
6526 4
6527 16
6528 64
6529 256
6530 1024
6531 4096
6532 16384
6533 65536
6534 262144
6535 4
6536 16
6537 64
6538 256
6539 1024
6540 4096
6541 16384
6542 65536
6543 262144
6544 4
6545 16
6546 64
6547 256
6548 1024
6549 4096
6550 16384
6551 65536
6552 262144
6553 4
6554 16
6555 64
6556 256
6557 1024
6558 4096
6559 16384
6560 65536
6561 262144
6562 4
6563 16
6564 64
6565 256
6566 1024
6567 4096
6568 16384
6569 65536
6570 262144
6571 4
6572 16
6573 64
6574 256
6575 1024
6576 4096
6577 16384
6578 65536
6579 262144
6580 4
6581 16
6582 64
6583 256
6584 1024
6585 4096
6586 16384
6587 65536
6588 262144
6589 4
6590 16
6591 64
6592 256
6593 1024
6594 4096
6595 16384
6596 65536
6597 262144
6598 4
6599 16
6600 64
6601 256
6602 1024
6603 4096
6604 16384
6605 65536
6606 262144
6607 4
6608 16
6609 64
6610 256
6611 1024
6612 4096
6613 16384
6614 65536
6615 262144
6616 4
6617 16
6618 64
6619 256
6620 1024
6621 4096
6622 16384
6623 65536
6624 262144
6625 4
6626 16
6627 64
6628 256
6629 1024
6630 4096
6631 16384
6632 65536
6633 262144
6634 4
6635 16
6636 64
6637 256
6638 1024
6639 4096
6640 16384
6641 65536
6642 262144
6643 4
6644 16
6645 64
6646 256
6647 1024
6648 4096
6649 16384
6650 65536
6651 262144
6652 4
6653 16
6654 64
6655 256
6656 1024
6657 4096
6658 16384
6659 65536
6660 262144
6661 4
6662 16
6663 64
6664 256
6665 1024
6666 4096
6667 16384
6668 65536
6669 262144
6670 4
6671 16
6672 64
6673 256
6674 1024
6675 4096
6676 16384
6677 65536
6678 262144
6679 4
6680 16
6681 64
6682 256
6683 1024
6684 4096
6685 16384
6686 65536
6687 262144
6688 4
6689 16
6690 64
6691 256
6692 1024
6693 4096
6694 16384
6695 65536
6696 262144
6697 4
6698 16
6699 64
6700 256
6701 1024
6702 4096
6703 16384
6704 65536
6705 262144
6706 4
6707 16
6708 64
6709 256
6710 1024
6711 4096
6712 16384
6713 65536
6714 262144
6715 4
6716 16
6717 64
6718 256
6719 1024
6720 4096
6721 16384
6722 65536
6723 262144
6724 4
6725 16
6726 64
6727 256
6728 1024
6729 4096
6730 16384
6731 65536
6732 262144
6733 4
6734 16
6735 64
6736 256
6737 1024
6738 4096
6739 16384
6740 65536
6741 262144
6742 4
6743 16
6744 64
6745 256
6746 1024
6747 4096
6748 16384
6749 65536
6750 262144
6751 4
6752 16
6753 64
6754 256
6755 1024
6756 4096
6757 16384
6758 65536
6759 262144
6760 4
6761 16
6762 64
6763 256
6764 1024
6765 4096
6766 16384
6767 65536
6768 262144
6769 4
6770 16
6771 64
6772 256
6773 1024
6774 4096
6775 16384
6776 65536
6777 262144
6778 4
6779 16
6780 64
6781 256
6782 1024
6783 4096
6784 16384
6785 65536
6786 262144
6787 4
6788 16
6789 64
6790 256
6791 1024
6792 4096
6793 16384
6794 65536
6795 262144
6796 4
6797 16
6798 64
6799 256
6800 1024
6801 4096
6802 16384
6803 65536
6804 262144
6805 4
6806 16
6807 64
6808 256
6809 1024
6810 4096
6811 16384
6812 65536
6813 262144
6814 4
6815 16
6816 64
6817 256
6818 1024
6819 4096
6820 16384
6821 65536
6822 262144
6823 4
6824 16
6825 64
6826 256
6827 1024
6828 4096
6829 16384
6830 65536
6831 262144
6832 4
6833 16
6834 64
6835 256
6836 1024
6837 4096
6838 16384
6839 65536
6840 262144
6841 4
6842 16
6843 64
6844 256
6845 1024
6846 4096
6847 16384
6848 65536
6849 262144
6850 4
6851 16
6852 64
6853 256
6854 1024
6855 4096
6856 16384
6857 65536
6858 262144
6859 4
6860 16
6861 64
6862 256
6863 1024
6864 4096
6865 16384
6866 65536
6867 262144
6868 4
6869 16
6870 64
6871 256
6872 1024
6873 4096
6874 16384
6875 65536
6876 262144
6877 4
6878 16
6879 64
6880 256
6881 1024
6882 4096
6883 16384
6884 65536
6885 262144
6886 4
6887 16
6888 64
6889 256
6890 1024
6891 4096
6892 16384
6893 65536
6894 262144
6895 4
6896 16
6897 64
6898 256
6899 1024
6900 4096
6901 16384
6902 65536
6903 262144
6904 4
6905 16
6906 64
6907 256
6908 1024
6909 4096
6910 16384
6911 65536
6912 262144
6913 4
6914 16
6915 64
6916 256
6917 1024
6918 4096
6919 16384
6920 65536
6921 262144
6922 4
6923 16
6924 64
6925 256
6926 1024
6927 4096
6928 16384
6929 65536
6930 262144
6931 4
6932 16
6933 64
6934 256
6935 1024
6936 4096
6937 16384
6938 65536
6939 262144
6940 4
6941 16
6942 64
6943 256
6944 1024
6945 4096
6946 16384
6947 65536
6948 262144
6949 4
6950 16
6951 64
6952 256
6953 1024
6954 4096
6955 16384
6956 65536
6957 262144
6958 4
6959 16
6960 64
6961 256
6962 1024
6963 4096
6964 16384
6965 65536
6966 262144
6967 4
6968 16
6969 64
6970 256
6971 1024
6972 4096
6973 16384
6974 65536
6975 262144
6976 4
6977 16
6978 64
6979 256
6980 1024
6981 4096
6982 16384
6983 65536
6984 262144
6985 4
6986 16
6987 64
6988 256
6989 1024
6990 4096
6991 16384
6992 65536
6993 262144
6994 4
6995 16
6996 64
6997 256
6998 1024
6999 4096
7000 16384
7001 65536
7002 262144
7003 4
7004 16
7005 64
7006 256
7007 1024
7008 4096
7009 16384
7010 65536
7011 262144
7012 4
7013 16
7014 64
7015 256
7016 1024
7017 4096
7018 16384
7019 65536
7020 262144
7021 4
7022 16
7023 64
7024 256
7025 1024
7026 4096
7027 16384
7028 65536
7029 262144
7030 4
7031 16
7032 64
7033 256
7034 1024
7035 4096
7036 16384
7037 65536
7038 262144
7039 4
7040 16
7041 64
7042 256
7043 1024
7044 4096
7045 16384
7046 65536
7047 262144
7048 4
7049 16
7050 64
7051 256
7052 1024
7053 4096
7054 16384
7055 65536
7056 262144
7057 4
7058 16
7059 64
7060 256
7061 1024
7062 4096
7063 16384
7064 65536
7065 262144
7066 4
7067 16
7068 64
7069 256
7070 1024
7071 4096
7072 16384
7073 65536
7074 262144
7075 4
7076 16
7077 64
7078 256
7079 1024
7080 4096
7081 16384
7082 65536
7083 262144
7084 4
7085 16
7086 64
7087 256
7088 1024
7089 4096
7090 16384
7091 65536
7092 262144
7093 4
7094 16
7095 64
7096 256
7097 1024
7098 4096
7099 16384
7100 65536
7101 262144
7102 4
7103 16
7104 64
7105 256
7106 1024
7107 4096
7108 16384
7109 65536
7110 262144
7111 4
7112 16
7113 64
7114 256
7115 1024
7116 4096
7117 16384
7118 65536
7119 262144
7120 4
7121 16
7122 64
7123 256
7124 1024
7125 4096
7126 16384
7127 65536
7128 262144
7129 4
7130 16
7131 64
7132 256
7133 1024
7134 4096
7135 16384
7136 65536
7137 262144
7138 4
7139 16
7140 64
7141 256
7142 1024
7143 4096
7144 16384
7145 65536
7146 262144
7147 4
7148 16
7149 64
7150 256
7151 1024
7152 4096
7153 16384
7154 65536
7155 262144
7156 4
7157 16
7158 64
7159 256
7160 1024
7161 4096
7162 16384
7163 65536
7164 262144
7165 4
7166 16
7167 64
7168 256
7169 1024
7170 4096
7171 16384
7172 65536
7173 262144
7174 4
7175 16
7176 64
7177 256
7178 1024
7179 4096
7180 16384
7181 65536
7182 262144
7183 4
7184 16
7185 64
7186 256
7187 1024
7188 4096
7189 16384
7190 65536
7191 262144
7192 4
7193 16
7194 64
7195 256
7196 1024
7197 4096
7198 16384
7199 65536
7200 262144
7201 4
7202 16
7203 64
7204 256
7205 1024
7206 4096
7207 16384
7208 65536
7209 262144
7210 4
7211 16
7212 64
7213 256
7214 1024
7215 4096
7216 16384
7217 65536
7218 262144
7219 4
7220 16
7221 64
7222 256
7223 1024
7224 4096
7225 16384
7226 65536
7227 262144
7228 4
7229 16
7230 64
7231 256
7232 1024
7233 4096
7234 16384
7235 65536
7236 262144
7237 4
7238 16
7239 64
7240 256
7241 1024
7242 4096
7243 16384
7244 65536
7245 262144
7246 4
7247 16
7248 64
7249 256
7250 1024
7251 4096
7252 16384
7253 65536
7254 262144
7255 4
7256 16
7257 64
7258 256
7259 1024
7260 4096
7261 16384
7262 65536
7263 262144
7264 4
7265 16
7266 64
7267 256
7268 1024
7269 4096
7270 16384
7271 65536
7272 262144
7273 4
7274 16
7275 64
7276 256
7277 1024
7278 4096
7279 16384
7280 65536
7281 262144
7282 4
7283 16
7284 64
7285 256
7286 1024
7287 4096
7288 16384
7289 65536
7290 262144
7291 4
7292 16
7293 64
7294 256
7295 1024
7296 4096
7297 16384
7298 65536
7299 262144
7300 4
7301 16
7302 64
7303 256
7304 1024
7305 4096
7306 16384
7307 65536
7308 262144
7309 4
7310 16
7311 64
7312 256
7313 1024
7314 4096
7315 16384
7316 65536
7317 262144
7318 4
7319 16
7320 64
7321 256
7322 1024
7323 4096
7324 16384
7325 65536
7326 262144
7327 4
7328 16
7329 64
7330 256
7331 1024
7332 4096
7333 16384
7334 65536
7335 262144
7336 4
7337 16
7338 64
7339 256
7340 1024
7341 4096
7342 16384
7343 65536
7344 262144
7345 4
7346 16
7347 64
7348 256
7349 1024
7350 4096
7351 16384
7352 65536
7353 262144
7354 4
7355 16
7356 64
7357 256
7358 1024
7359 4096
7360 16384
7361 65536
7362 262144
7363 4
7364 16
7365 64
7366 256
7367 1024
7368 4096
7369 16384
7370 65536
7371 262144
7372 4
7373 16
7374 64
7375 256
7376 1024
7377 4096
7378 16384
7379 65536
7380 262144
7381 4
7382 16
7383 64
7384 256
7385 1024
7386 4096
7387 16384
7388 65536
7389 262144
7390 4
7391 16
7392 64
7393 256
7394 1024
7395 4096
7396 16384
7397 65536
7398 262144
7399 4
7400 16
7401 64
7402 256
7403 1024
7404 4096
7405 16384
7406 65536
7407 262144
7408 4
7409 16
7410 64
7411 256
7412 1024
7413 4096
7414 16384
7415 65536
7416 262144
7417 4
7418 16
7419 64
7420 256
7421 1024
7422 4096
7423 16384
7424 65536
7425 262144
7426 4
7427 16
7428 64
7429 256
7430 1024
7431 4096
7432 16384
7433 65536
7434 262144
7435 4
7436 16
7437 64
7438 256
7439 1024
7440 4096
7441 16384
7442 65536
7443 262144
7444 4
7445 16
7446 64
7447 256
7448 1024
7449 4096
7450 16384
7451 65536
7452 262144
7453 4
7454 16
7455 64
7456 256
7457 1024
7458 4096
7459 16384
7460 65536
7461 262144
7462 4
7463 16
7464 64
7465 256
7466 1024
7467 4096
7468 16384
7469 65536
7470 262144
7471 4
7472 16
7473 64
7474 256
7475 1024
7476 4096
7477 16384
7478 65536
7479 262144
7480 4
7481 16
7482 64
7483 256
7484 1024
7485 4096
7486 16384
7487 65536
7488 262144
7489 4
7490 16
7491 64
7492 256
7493 1024
7494 4096
7495 16384
7496 65536
7497 262144
7498 4
7499 16
7500 64
7501 256
7502 1024
7503 4096
7504 16384
7505 65536
7506 262144
7507 4
7508 16
7509 64
7510 256
7511 1024
7512 4096
7513 16384
7514 65536
7515 262144
7516 4
7517 16
7518 64
7519 256
7520 1024
7521 4096
7522 16384
7523 65536
7524 262144
7525 4
7526 16
7527 64
7528 256
7529 1024
7530 4096
7531 16384
7532 65536
7533 262144
7534 4
7535 16
7536 64
7537 256
7538 1024
7539 4096
7540 16384
7541 65536
7542 262144
7543 4
7544 16
7545 64
7546 256
7547 1024
7548 4096
7549 16384
7550 65536
7551 262144
7552 4
7553 16
7554 64
7555 256
7556 1024
7557 4096
7558 16384
7559 65536
7560 262144
7561 4
7562 16
7563 64
7564 256
7565 1024
7566 4096
7567 16384
7568 65536
7569 262144
7570 4
7571 16
7572 64
7573 256
7574 1024
7575 4096
7576 16384
7577 65536
7578 262144
7579 4
7580 16
7581 64
7582 256
7583 1024
7584 4096
7585 16384
7586 65536
7587 262144
7588 4
7589 16
7590 64
7591 256
7592 1024
7593 4096
7594 16384
7595 65536
7596 262144
7597 4
7598 16
7599 64
7600 256
7601 1024
7602 4096
7603 16384
7604 65536
7605 262144
7606 4
7607 16
7608 64
7609 256
7610 1024
7611 4096
7612 16384
7613 65536
7614 262144
7615 4
7616 16
7617 64
7618 256
7619 1024
7620 4096
7621 16384
7622 65536
7623 262144
7624 4
7625 16
7626 64
7627 256
7628 1024
7629 4096
7630 16384
7631 65536
7632 262144
7633 4
7634 16
7635 64
7636 256
7637 1024
7638 4096
7639 16384
7640 65536
7641 262144
7642 4
7643 16
7644 64
7645 256
7646 1024
7647 4096
7648 16384
7649 65536
7650 262144
7651 4
7652 16
7653 64
7654 256
7655 1024
7656 4096
7657 16384
7658 65536
7659 262144
7660 4
7661 16
7662 64
7663 256
7664 1024
7665 4096
7666 16384
7667 65536
7668 262144
7669 4
7670 16
7671 64
7672 256
7673 1024
7674 4096
7675 16384
7676 65536
7677 262144
7678 4
7679 16
7680 64
7681 256
7682 1024
7683 4096
7684 16384
7685 65536
7686 262144
7687 4
7688 16
7689 64
7690 256
7691 1024
7692 4096
7693 16384
7694 65536
7695 262144
7696 4
7697 16
7698 64
7699 256
7700 1024
7701 4096
7702 16384
7703 65536
7704 262144
7705 4
7706 16
7707 64
7708 256
7709 1024
7710 4096
7711 16384
7712 65536
7713 262144
7714 4
7715 16
7716 64
7717 256
7718 1024
7719 4096
7720 16384
7721 65536
7722 262144
7723 4
7724 16
7725 64
7726 256
7727 1024
7728 4096
7729 16384
7730 65536
7731 262144
7732 4
7733 16
7734 64
7735 256
7736 1024
7737 4096
7738 16384
7739 65536
7740 262144
7741 4
7742 16
7743 64
7744 256
7745 1024
7746 4096
7747 16384
7748 65536
7749 262144
7750 4
7751 16
7752 64
7753 256
7754 1024
7755 4096
7756 16384
7757 65536
7758 262144
7759 4
7760 16
7761 64
7762 256
7763 1024
7764 4096
7765 16384
7766 65536
7767 262144
7768 4
7769 16
7770 64
7771 256
7772 1024
7773 4096
7774 16384
7775 65536
7776 262144
7777 4
7778 16
7779 64
7780 256
7781 1024
7782 4096
7783 16384
7784 65536
7785 262144
7786 4
7787 16
7788 64
7789 256
7790 1024
7791 4096
7792 16384
7793 65536
7794 262144
7795 4
7796 16
7797 64
7798 256
7799 1024
7800 4096
7801 16384
7802 65536
7803 262144
7804 4
7805 16
7806 64
7807 256
7808 1024
7809 4096
7810 16384
7811 65536
7812 262144
7813 4
7814 16
7815 64
7816 256
7817 1024
7818 4096
7819 16384
7820 65536
7821 262144
7822 4
7823 16
7824 64
7825 256
7826 1024
7827 4096
7828 16384
7829 65536
7830 262144
7831 4
7832 16
7833 64
7834 256
7835 1024
7836 4096
7837 16384
7838 65536
7839 262144
7840 4
7841 16
7842 64
7843 256
7844 1024
7845 4096
7846 16384
7847 65536
7848 262144
7849 4
7850 16
7851 64
7852 256
7853 1024
7854 4096
7855 16384
7856 65536
7857 262144
7858 4
7859 16
7860 64
7861 256
7862 1024
7863 4096
7864 16384
7865 65536
7866 262144
7867 4
7868 16
7869 64
7870 256
7871 1024
7872 4096
7873 16384
7874 65536
7875 262144
7876 4
7877 16
7878 64
7879 256
7880 1024
7881 4096
7882 16384
7883 65536
7884 262144
7885 4
7886 16
7887 64
7888 256
7889 1024
7890 4096
7891 16384
7892 65536
7893 262144
7894 4
7895 16
7896 64
7897 256
7898 1024
7899 4096
7900 16384
7901 65536
7902 262144
7903 4
7904 16
7905 64
7906 256
7907 1024
7908 4096
7909 16384
7910 65536
7911 262144
7912 4
7913 16
7914 64
7915 256
7916 1024
7917 4096
7918 16384
7919 65536
7920 262144
7921 4
7922 16
7923 64
7924 256
7925 1024
7926 4096
7927 16384
7928 65536
7929 262144
7930 4
7931 16
7932 64
7933 256
7934 1024
7935 4096
7936 16384
7937 65536
7938 262144
7939 4
7940 16
7941 64
7942 256
7943 1024
7944 4096
7945 16384
7946 65536
7947 262144
7948 4
7949 16
7950 64
7951 256
7952 1024
7953 4096
7954 16384
7955 65536
7956 262144
7957 4
7958 16
7959 64
7960 256
7961 1024
7962 4096
7963 16384
7964 65536
7965 262144
7966 4
7967 16
7968 64
7969 256
7970 1024
7971 4096
7972 16384
7973 65536
7974 262144
7975 4
7976 16
7977 64
7978 256
7979 1024
7980 4096
7981 16384
7982 65536
7983 262144
7984 4
7985 16
7986 64
7987 256
7988 1024
7989 4096
7990 16384
7991 65536
7992 262144
7993 4
7994 16
7995 64
7996 256
7997 1024
7998 4096
7999 16384
8000 65536
8001 262144
8002 4
8003 16
8004 64
8005 256
8006 1024
8007 4096
8008 16384
8009 65536
8010 262144
8011 4
8012 16
8013 64
8014 256
8015 1024
8016 4096
8017 16384
8018 65536
8019 262144
8020 4
8021 16
8022 64
8023 256
8024 1024
8025 4096
8026 16384
8027 65536
8028 262144
8029 4
8030 16
8031 64
8032 256
8033 1024
8034 4096
8035 16384
8036 65536
8037 262144
8038 4
8039 16
8040 64
8041 256
8042 1024
8043 4096
8044 16384
8045 65536
8046 262144
8047 4
8048 16
8049 64
8050 256
8051 1024
8052 4096
8053 16384
8054 65536
8055 262144
8056 4
8057 16
8058 64
8059 256
8060 1024
8061 4096
8062 16384
8063 65536
8064 262144
8065 4
8066 16
8067 64
8068 256
8069 1024
8070 4096
8071 16384
8072 65536
8073 262144
8074 4
8075 16
8076 64
8077 256
8078 1024
8079 4096
8080 16384
8081 65536
8082 262144
8083 4
8084 16
8085 64
8086 256
8087 1024
8088 4096
8089 16384
8090 65536
8091 262144
8092 4
8093 16
8094 64
8095 256
8096 1024
8097 4096
8098 16384
8099 65536
8100 262144
8101 4
8102 16
8103 64
8104 256
8105 1024
8106 4096
8107 16384
8108 65536
8109 262144
8110 4
8111 16
8112 64
8113 256
8114 1024
8115 4096
8116 16384
8117 65536
8118 262144
8119 4
8120 16
8121 64
8122 256
8123 1024
8124 4096
8125 16384
8126 65536
8127 262144
8128 4
8129 16
8130 64
8131 256
8132 1024
8133 4096
8134 16384
8135 65536
8136 262144
8137 4
8138 16
8139 64
8140 256
8141 1024
8142 4096
8143 16384
8144 65536
8145 262144
8146 4
8147 16
8148 64
8149 256
8150 1024
8151 4096
8152 16384
8153 65536
8154 262144
8155 4
8156 16
8157 64
8158 256
8159 1024
8160 4096
8161 16384
8162 65536
8163 262144
8164 4
8165 16
8166 64
8167 256
8168 1024
8169 4096
8170 16384
8171 65536
8172 262144
8173 4
8174 16
8175 64
8176 256
8177 1024
8178 4096
8179 16384
8180 65536
8181 262144
8182 4
8183 16
8184 64
8185 256
8186 1024
8187 4096
8188 16384
8189 65536
8190 262144
8191 4
8192 16
8193 64
8194 256
8195 1024
8196 4096
8197 16384
8198 65536
8199 262144
8200 4
8201 16
8202 64
8203 256
8204 1024
8205 4096
8206 16384
8207 65536
8208 262144
8209 4
8210 16
8211 64
8212 256
8213 1024
8214 4096
8215 16384
8216 65536
8217 262144
8218 4
8219 16
8220 64
8221 256
8222 1024
8223 4096
8224 16384
8225 65536
8226 262144
8227 4
8228 16
8229 64
8230 256
8231 1024
8232 4096
8233 16384
8234 65536
8235 262144
8236 4
8237 16
8238 64
8239 256
8240 1024
8241 4096
8242 16384
8243 65536
8244 262144
8245 4
8246 16
8247 64
8248 256
8249 1024
8250 4096
8251 16384
8252 65536
8253 262144
8254 4
8255 16
8256 64
8257 256
8258 1024
8259 4096
8260 16384
8261 65536
8262 262144
8263 4
8264 16
8265 64
8266 256
8267 1024
8268 4096
8269 16384
8270 65536
8271 262144
8272 4
8273 16
8274 64
8275 256
8276 1024
8277 4096
8278 16384
8279 65536
8280 262144
8281 4
8282 16
8283 64
8284 256
8285 1024
8286 4096
8287 16384
8288 65536
8289 262144
8290 4
8291 16
8292 64
8293 256
8294 1024
8295 4096
8296 16384
8297 65536
8298 262144
8299 4
8300 16
8301 64
8302 256
8303 1024
8304 4096
8305 16384
8306 65536
8307 262144
8308 4
8309 16
8310 64
8311 256
8312 1024
8313 4096
8314 16384
8315 65536
8316 262144
8317 4
8318 16
8319 64
8320 256
8321 1024
8322 4096
8323 16384
8324 65536
8325 262144
8326 4
8327 16
8328 64
8329 256
8330 1024
8331 4096
8332 16384
8333 65536
8334 262144
8335 4
8336 16
8337 64
8338 256
8339 1024
8340 4096
8341 16384
8342 65536
8343 262144
8344 4
8345 16
8346 64
8347 256
8348 1024
8349 4096
8350 16384
8351 65536
8352 262144
8353 4
8354 16
8355 64
8356 256
8357 1024
8358 4096
8359 16384
8360 65536
8361 262144
8362 4
8363 16
8364 64
8365 256
8366 1024
8367 4096
8368 16384
8369 65536
8370 262144
8371 4
8372 16
8373 64
8374 256
8375 1024
8376 4096
8377 16384
8378 65536
8379 262144
8380 4
8381 16
8382 64
8383 256
8384 1024
8385 4096
8386 16384
8387 65536
8388 262144
8389 4
8390 16
8391 64
8392 256
8393 1024
8394 4096
8395 16384
8396 65536
8397 262144
8398 4
8399 16
8400 64
8401 256
8402 1024
8403 4096
8404 16384
8405 65536
8406 262144
8407 4
8408 16
8409 64
8410 256
8411 1024
8412 4096
8413 16384
8414 65536
8415 262144
8416 4
8417 16
8418 64
8419 256
8420 1024
8421 4096
8422 16384
8423 65536
8424 262144
8425 4
8426 16
8427 64
8428 256
8429 1024
8430 4096
8431 16384
8432 65536
8433 262144
8434 4
8435 16
8436 64
8437 256
8438 1024
8439 4096
8440 16384
8441 65536
8442 262144
8443 4
8444 16
8445 64
8446 256
8447 1024
8448 4096
8449 16384
8450 65536
8451 262144
8452 4
8453 16
8454 64
8455 256
8456 1024
8457 4096
8458 16384
8459 65536
8460 262144
8461 4
8462 16
8463 64
8464 256
8465 1024
8466 4096
8467 16384
8468 65536
8469 262144
8470 4
8471 16
8472 64
8473 256
8474 1024
8475 4096
8476 16384
8477 65536
8478 262144
8479 4
8480 16
8481 64
8482 256
8483 1024
8484 4096
8485 16384
8486 65536
8487 262144
8488 4
8489 16
8490 64
8491 256
8492 1024
8493 4096
8494 16384
8495 65536
8496 262144
8497 4
8498 16
8499 64
8500 256
8501 1024
8502 4096
8503 16384
8504 65536
8505 262144
8506 4
8507 16
8508 64
8509 256
8510 1024
8511 4096
8512 16384
8513 65536
8514 262144
8515 4
8516 16
8517 64
8518 256
8519 1024
8520 4096
8521 16384
8522 65536
8523 262144
8524 4
8525 16
8526 64
8527 256
8528 1024
8529 4096
8530 16384
8531 65536
8532 262144
8533 4
8534 16
8535 64
8536 256
8537 1024
8538 4096
8539 16384
8540 65536
8541 262144
8542 4
8543 16
8544 64
8545 256
8546 1024
8547 4096
8548 16384
8549 65536
8550 262144
8551 4
8552 16
8553 64
8554 256
8555 1024
8556 4096
8557 16384
8558 65536
8559 262144
8560 4
8561 16
8562 64
8563 256
8564 1024
8565 4096
8566 16384
8567 65536
8568 262144
8569 4
8570 16
8571 64
8572 256
8573 1024
8574 4096
8575 16384
8576 65536
8577 262144
8578 4
8579 16
8580 64
8581 256
8582 1024
8583 4096
8584 16384
8585 65536
8586 262144
8587 4
8588 16
8589 64
8590 256
8591 1024
8592 4096
8593 16384
8594 65536
8595 262144
8596 4
8597 16
8598 64
8599 256
8600 1024
8601 4096
8602 16384
8603 65536
8604 262144
8605 4
8606 16
8607 64
8608 256
8609 1024
8610 4096
8611 16384
8612 65536
8613 262144
8614 4
8615 16
8616 64
8617 256
8618 1024
8619 4096
8620 16384
8621 65536
8622 262144
8623 4
8624 16
8625 64
8626 256
8627 1024
8628 4096
8629 16384
8630 65536
8631 262144
8632 4
8633 16
8634 64
8635 256
8636 1024
8637 4096
8638 16384
8639 65536
8640 262144
8641 4
8642 16
8643 64
8644 256
8645 1024
8646 4096
8647 16384
8648 65536
8649 262144
8650 4
8651 16
8652 64
8653 256
8654 1024
8655 4096
8656 16384
8657 65536
8658 262144
8659 4
8660 16
8661 64
8662 256
8663 1024
8664 4096
8665 16384
8666 65536
8667 262144
8668 4
8669 16
8670 64
8671 256
8672 1024
8673 4096
8674 16384
8675 65536
8676 262144
8677 4
8678 16
8679 64
8680 256
8681 1024
8682 4096
8683 16384
8684 65536
8685 262144
8686 4
8687 16
8688 64
8689 256
8690 1024
8691 4096
8692 16384
8693 65536
8694 262144
8695 4
8696 16
8697 64
8698 256
8699 1024
8700 4096
8701 16384
8702 65536
8703 262144
8704 4
8705 16
8706 64
8707 256
8708 1024
8709 4096
8710 16384
8711 65536
8712 262144
8713 4
8714 16
8715 64
8716 256
8717 1024
8718 4096
8719 16384
8720 65536
8721 262144
8722 4
8723 16
8724 64
8725 256
8726 1024
8727 4096
8728 16384
8729 65536
8730 262144
8731 4
8732 16
8733 64
8734 256
8735 1024
8736 4096
8737 16384
8738 65536
8739 262144
8740 4
8741 16
8742 64
8743 256
8744 1024
8745 4096
8746 16384
8747 65536
8748 262144
8749 4
8750 16
8751 64
8752 256
8753 1024
8754 4096
8755 16384
8756 65536
8757 262144
8758 4
8759 16
8760 64
8761 256
8762 1024
8763 4096
8764 16384
8765 65536
8766 262144
8767 4
8768 16
8769 64
8770 256
8771 1024
8772 4096
8773 16384
8774 65536
8775 262144
8776 4
8777 16
8778 64
8779 256
8780 1024
8781 4096
8782 16384
8783 65536
8784 262144
8785 4
8786 16
8787 64
8788 256
8789 1024
8790 4096
8791 16384
8792 65536
8793 262144
8794 4
8795 16
8796 64
8797 256
8798 1024
8799 4096
8800 16384
8801 65536
8802 262144
8803 4
8804 16
8805 64
8806 256
8807 1024
8808 4096
8809 16384
8810 65536
8811 262144
8812 4
8813 16
8814 64
8815 256
8816 1024
8817 4096
8818 16384
8819 65536
8820 262144
8821 4
8822 16
8823 64
8824 256
8825 1024
8826 4096
8827 16384
8828 65536
8829 262144
8830 4
8831 16
8832 64
8833 256
8834 1024
8835 4096
8836 16384
8837 65536
8838 262144
8839 4
8840 16
8841 64
8842 256
8843 1024
8844 4096
8845 16384
8846 65536
8847 262144
8848 4
8849 16
8850 64
8851 256
8852 1024
8853 4096
8854 16384
8855 65536
8856 262144
8857 4
8858 16
8859 64
8860 256
8861 1024
8862 4096
8863 16384
8864 65536
8865 262144
8866 4
8867 16
8868 64
8869 256
8870 1024
8871 4096
8872 16384
8873 65536
8874 262144
8875 4
8876 16
8877 64
8878 256
8879 1024
8880 4096
8881 16384
8882 65536
8883 262144
8884 4
8885 16
8886 64
8887 256
8888 1024
8889 4096
8890 16384
8891 65536
8892 262144
8893 4
8894 16
8895 64
8896 256
8897 1024
8898 4096
8899 16384
8900 65536
8901 262144
8902 4
8903 16
8904 64
8905 256
8906 1024
8907 4096
8908 16384
8909 65536
8910 262144
8911 4
8912 16
8913 64
8914 256
8915 1024
8916 4096
8917 16384
8918 65536
8919 262144
8920 4
8921 16
8922 64
8923 256
8924 1024
8925 4096
8926 16384
8927 65536
8928 262144
8929 4
8930 16
8931 64
8932 256
8933 1024
8934 4096
8935 16384
8936 65536
8937 262144
8938 4
8939 16
8940 64
8941 256
8942 1024
8943 4096
8944 16384
8945 65536
8946 262144
8947 4
8948 16
8949 64
8950 256
8951 1024
8952 4096
8953 16384
8954 65536
8955 262144
8956 4
8957 16
8958 64
8959 256
8960 1024
8961 4096
8962 16384
8963 65536
8964 262144
8965 4
8966 16
8967 64
8968 256
8969 1024
8970 4096
8971 16384
8972 65536
8973 262144
8974 4
8975 16
8976 64
8977 256
8978 1024
8979 4096
8980 16384
8981 65536
8982 262144
8983 4
8984 16
8985 64
8986 256
8987 1024
8988 4096
8989 16384
8990 65536
8991 262144
8992 4
8993 16
8994 64
8995 256
8996 1024
8997 4096
8998 16384
8999 65536
9000 262144
9001 4
9002 16
9003 64
9004 256
9005 1024
9006 4096
9007 16384
9008 65536
9009 262144
9010 4
9011 16
9012 64
9013 256
9014 1024
9015 4096
9016 16384
9017 65536
9018 262144
9019 4
9020 16
9021 64
9022 256
9023 1024
9024 4096
9025 16384
9026 65536
9027 262144
9028 4
9029 16
9030 64
9031 256
9032 1024
9033 4096
9034 16384
9035 65536
9036 262144
9037 4
9038 16
9039 64
9040 256
9041 1024
9042 4096
9043 16384
9044 65536
9045 262144
9046 4
9047 16
9048 64
9049 256
9050 1024
9051 4096
9052 16384
9053 65536
9054 262144
9055 4
9056 16
9057 64
9058 256
9059 1024
9060 4096
9061 16384
9062 65536
9063 262144
9064 4
9065 16
9066 64
9067 256
9068 1024
9069 4096
9070 16384
9071 65536
9072 262144
9073 4
9074 16
9075 64
9076 256
9077 1024
9078 4096
9079 16384
9080 65536
9081 262144
9082 4
9083 16
9084 64
9085 256
9086 1024
9087 4096
9088 16384
9089 65536
9090 262144
9091 4
9092 16
9093 64
9094 256
9095 1024
9096 4096
9097 16384
9098 65536
9099 262144
9100 4
9101 16
9102 64
9103 256
9104 1024
9105 4096
9106 16384
9107 65536
9108 262144
9109 4
9110 16
9111 64
9112 256
9113 1024
9114 4096
9115 16384
9116 65536
9117 262144
9118 4
9119 16
9120 64
9121 256
9122 1024
9123 4096
9124 16384
9125 65536
9126 262144
9127 4
9128 16
9129 64
9130 256
9131 1024
9132 4096
9133 16384
9134 65536
9135 262144
9136 4
9137 16
9138 64
9139 256
9140 1024
9141 4096
9142 16384
9143 65536
9144 262144
9145 4
9146 16
9147 64
9148 256
9149 1024
9150 4096
9151 16384
9152 65536
9153 262144
9154 4
9155 16
9156 64
9157 256
9158 1024
9159 4096
9160 16384
9161 65536
9162 262144
9163 4
9164 16
9165 64
9166 256
9167 1024
9168 4096
9169 16384
9170 65536
9171 262144
9172 4
9173 16
9174 64
9175 256
9176 1024
9177 4096
9178 16384
9179 65536
9180 262144
9181 4
9182 16
9183 64
9184 256
9185 1024
9186 4096
9187 16384
9188 65536
9189 262144
9190 4
9191 16
9192 64
9193 256
9194 1024
9195 4096
9196 16384
9197 65536
9198 262144
9199 4
9200 16
9201 64
9202 256
9203 1024
9204 4096
9205 16384
9206 65536
9207 262144
9208 4
9209 16
9210 64
9211 256
9212 1024
9213 4096
9214 16384
9215 65536
9216 262144
9217 4
9218 16
9219 64
9220 256
9221 1024
9222 4096
9223 16384
9224 65536
9225 262144
9226 4
9227 16
9228 64
9229 256
9230 1024
9231 4096
9232 16384
9233 65536
9234 262144
9235 4
9236 16
9237 64
9238 256
9239 1024
9240 4096
9241 16384
9242 65536
9243 262144
9244 4
9245 16
9246 64
9247 256
9248 1024
9249 4096
9250 16384
9251 65536
9252 262144
9253 4
9254 16
9255 64
9256 256
9257 1024
9258 4096
9259 16384
9260 65536
9261 262144
9262 4
9263 16
9264 64
9265 256
9266 1024
9267 4096
9268 16384
9269 65536
9270 262144
9271 4
9272 16
9273 64
9274 256
9275 1024
9276 4096
9277 16384
9278 65536
9279 262144
9280 4
9281 16
9282 64
9283 256
9284 1024
9285 4096
9286 16384
9287 65536
9288 262144
9289 4
9290 16
9291 64
9292 256
9293 1024
9294 4096
9295 16384
9296 65536
9297 262144
9298 4
9299 16
9300 64
9301 256
9302 1024
9303 4096
9304 16384
9305 65536
9306 262144
9307 4
9308 16
9309 64
9310 256
9311 1024
9312 4096
9313 16384
9314 65536
9315 262144
9316 4
9317 16
9318 64
9319 256
9320 1024
9321 4096
9322 16384
9323 65536
9324 262144
9325 4
9326 16
9327 64
9328 256
9329 1024
9330 4096
9331 16384
9332 65536
9333 262144
9334 4
9335 16
9336 64
9337 256
9338 1024
9339 4096
9340 16384
9341 65536
9342 262144
9343 4
9344 16
9345 64
9346 256
9347 1024
9348 4096
9349 16384
9350 65536
9351 262144
9352 4
9353 16
9354 64
9355 256
9356 1024
9357 4096
9358 16384
9359 65536
9360 262144
9361 4
9362 16
9363 64
9364 256
9365 1024
9366 4096
9367 16384
9368 65536
9369 262144
9370 4
9371 16
9372 64
9373 256
9374 1024
9375 4096
9376 16384
9377 65536
9378 262144
9379 4
9380 16
9381 64
9382 256
9383 1024
9384 4096
9385 16384
9386 65536
9387 262144
9388 4
9389 16
9390 64
9391 256
9392 1024
9393 4096
9394 16384
9395 65536
9396 262144
9397 4
9398 16
9399 64
9400 256
9401 1024
9402 4096
9403 16384
9404 65536
9405 262144
9406 4
9407 16
9408 64
9409 256
9410 1024
9411 4096
9412 16384
9413 65536
9414 262144
9415 4
9416 16
9417 64
9418 256
9419 1024
9420 4096
9421 16384
9422 65536
9423 262144
9424 4
9425 16
9426 64
9427 256
9428 1024
9429 4096
9430 16384
9431 65536
9432 262144
9433 4
9434 16
9435 64
9436 256
9437 1024
9438 4096
9439 16384
9440 65536
9441 262144
9442 4
9443 16
9444 64
9445 256
9446 1024
9447 4096
9448 16384
9449 65536
9450 262144
9451 4
9452 16
9453 64
9454 256
9455 1024
9456 4096
9457 16384
9458 65536
9459 262144
9460 4
9461 16
9462 64
9463 256
9464 1024
9465 4096
9466 16384
9467 65536
9468 262144
9469 4
9470 16
9471 64
9472 256
9473 1024
9474 4096
9475 16384
9476 65536
9477 262144
9478 4
9479 16
9480 64
9481 256
9482 1024
9483 4096
9484 16384
9485 65536
9486 262144
9487 4
9488 16
9489 64
9490 256
9491 1024
9492 4096
9493 16384
9494 65536
9495 262144
9496 4
9497 16
9498 64
9499 256
9500 1024
9501 4096
9502 16384
9503 65536
9504 262144
9505 4
9506 16
9507 64
9508 256
9509 1024
9510 4096
9511 16384
9512 65536
9513 262144
9514 4
9515 16
9516 64
9517 256
9518 1024
9519 4096
9520 16384
9521 65536
9522 262144
9523 4
9524 16
9525 64
9526 256
9527 1024
9528 4096
9529 16384
9530 65536
9531 262144
9532 4
9533 16
9534 64
9535 256
9536 1024
9537 4096
9538 16384
9539 65536
9540 262144
9541 4
9542 16
9543 64
9544 256
9545 1024
9546 4096
9547 16384
9548 65536
9549 262144
9550 4
9551 16
9552 64
9553 256
9554 1024
9555 4096
9556 16384
9557 65536
9558 262144
9559 4
9560 16
9561 64
9562 256
9563 1024
9564 4096
9565 16384
9566 65536
9567 262144
9568 4
9569 16
9570 64
9571 256
9572 1024
9573 4096
9574 16384
9575 65536
9576 262144
9577 4
9578 16
9579 64
9580 256
9581 1024
9582 4096
9583 16384
9584 65536
9585 262144
9586 4
9587 16
9588 64
9589 256
9590 1024
9591 4096
9592 16384
9593 65536
9594 262144
9595 4
9596 16
9597 64
9598 256
9599 1024
9600 4096
9601 16384
9602 65536
9603 262144
9604 4
9605 16
9606 64
9607 256
9608 1024
9609 4096
9610 16384
9611 65536
9612 262144
9613 4
9614 16
9615 64
9616 256
9617 1024
9618 4096
9619 16384
9620 65536
9621 262144
9622 4
9623 16
9624 64
9625 256
9626 1024
9627 4096
9628 16384
9629 65536
9630 262144
9631 4
9632 16
9633 64
9634 256
9635 1024
9636 4096
9637 16384
9638 65536
9639 262144
9640 4
9641 16
9642 64
9643 256
9644 1024
9645 4096
9646 16384
9647 65536
9648 262144
9649 4
9650 16
9651 64
9652 256
9653 1024
9654 4096
9655 16384
9656 65536
9657 262144
9658 4
9659 16
9660 64
9661 256
9662 1024
9663 4096
9664 16384
9665 65536
9666 262144
9667 4
9668 16
9669 64
9670 256
9671 1024
9672 4096
9673 16384
9674 65536
9675 262144
9676 4
9677 16
9678 64
9679 256
9680 1024
9681 4096
9682 16384
9683 65536
9684 262144
9685 4
9686 16
9687 64
9688 256
9689 1024
9690 4096
9691 16384
9692 65536
9693 262144
9694 4
9695 16
9696 64
9697 256
9698 1024
9699 4096
9700 16384
9701 65536
9702 262144
9703 4
9704 16
9705 64
9706 256
9707 1024
9708 4096
9709 16384
9710 65536
9711 262144
9712 4
9713 16
9714 64
9715 256
9716 1024
9717 4096
9718 16384
9719 65536
9720 262144
9721 4
9722 16
9723 64
9724 256
9725 1024
9726 4096
9727 16384
9728 65536
9729 262144
9730 4
9731 16
9732 64
9733 256
9734 1024
9735 4096
9736 16384
9737 65536
9738 262144
9739 4
9740 16
9741 64
9742 256
9743 1024
9744 4096
9745 16384
9746 65536
9747 262144
9748 4
9749 16
9750 64
9751 256
9752 1024
9753 4096
9754 16384
9755 65536
9756 262144
9757 4
9758 16
9759 64
9760 256
9761 1024
9762 4096
9763 16384
9764 65536
9765 262144
9766 4
9767 16
9768 64
9769 256
9770 1024
9771 4096
9772 16384
9773 65536
9774 262144
9775 4
9776 16
9777 64
9778 256
9779 1024
9780 4096
9781 16384
9782 65536
9783 262144
9784 4
9785 16
9786 64
9787 256
9788 1024
9789 4096
9790 16384
9791 65536
9792 262144
9793 4
9794 16
9795 64
9796 256
9797 1024
9798 4096
9799 16384
9800 65536
9801 262144
9802 4
9803 16
9804 64
9805 256
9806 1024
9807 4096
9808 16384
9809 65536
9810 262144
9811 4
9812 16
9813 64
9814 256
9815 1024
9816 4096
9817 16384
9818 65536
9819 262144
9820 4
9821 16
9822 64
9823 256
9824 1024
9825 4096
9826 16384
9827 65536
9828 262144
9829 4
9830 16
9831 64
9832 256
9833 1024
9834 4096
9835 16384
9836 65536
9837 262144
9838 4
9839 16
9840 64
9841 256
9842 1024
9843 4096
9844 16384
9845 65536
9846 262144
9847 4
9848 16
9849 64
9850 256
9851 1024
9852 4096
9853 16384
9854 65536
9855 262144
9856 4
9857 16
9858 64
9859 256
9860 1024
9861 4096
9862 16384
9863 65536
9864 262144
9865 4
9866 16
9867 64
9868 256
9869 1024
9870 4096
9871 16384
9872 65536
9873 262144
9874 4
9875 16
9876 64
9877 256
9878 1024
9879 4096
9880 16384
9881 65536
9882 262144
9883 4
9884 16
9885 64
9886 256
9887 1024
9888 4096
9889 16384
9890 65536
9891 262144
9892 4
9893 16
9894 64
9895 256
9896 1024
9897 4096
9898 16384
9899 65536
9900 262144
9901 4
9902 16
9903 64
9904 256
9905 1024
9906 4096
9907 16384
9908 65536
9909 262144
9910 4
9911 16
9912 64
9913 256
9914 1024
9915 4096
9916 16384
9917 65536
9918 262144
9919 4
9920 16
9921 64
9922 256
9923 1024
9924 4096
9925 16384
9926 65536
9927 262144
9928 4
9929 16
9930 64
9931 256
9932 1024
9933 4096
9934 16384
9935 65536
9936 262144
9937 4
9938 16
9939 64
9940 256
9941 1024
9942 4096
9943 16384
9944 65536
9945 262144
9946 4
9947 16
9948 64
9949 256
9950 1024
9951 4096
9952 16384
9953 65536
9954 262144
9955 4
9956 16
9957 64
9958 256
9959 1024
9960 4096
9961 16384
9962 65536
9963 262144
9964 4
9965 16
9966 64
9967 256
9968 1024
9969 4096
9970 16384
9971 65536
9972 262144
9973 4
9974 16
9975 64
9976 256
9977 1024
9978 4096
9979 16384
9980 65536
9981 262144
9982 4
9983 16
9984 64
9985 256
9986 1024
9987 4096
9988 16384
9989 65536
9990 262144
9991 4
9992 16
9993 64
9994 256
9995 1024
9996 4096
9997 16384
9998 65536
9999 262144
10000 5
