0 1
1 5
2 41
3 441
4 5341
5 68845
6 922621
7 12701245
8 178338145
9 2542242545
10 36677022081
11 534311328705
12 7846771001041
13 116019251361041
14 1725360846921041
15 25786805857871441
16 387084441100423541
17 5832802431123111941
18 88190883144429201941
19 1337478556236019641941
20 20339144063959110234341
21 310060683460625915547941
22 4737293132588203791786341
23 72526674678776069193546341
24 1112434617981060754419156341
25 17092076037941288141469969845
26 263027267359341000767027164661
27 4053600394502341235418276329205
28 62556068300663441795724545322805
29 966596583055086346530255189604405
30 14953107835766846930445371512912181
31 231576659849670951541259722559855925
32 3590087901815238885917518157346261081
33 55710234815697789933629885051644008681
34 865285804007458245480968345219473036281
35 13451046734364916298904244782310196302905
36 209268395036624009037505283422354443176521
37 3258240342743676471284415246644548136644745
38 50766459749536391430117846114026375077804745
39 791532358139737593247141939770060173721164745
40 12349332287772851844597260361038327517054189145
41 192791272414656522524212077641088540579773934745
42 3011531693126905065181505674562326449398541117145
43 47068642649635278717315515923899143953380353757145
44 736052677421973874116080647281813135043542212997145
45 11516186088645073161333105053180157280080919175051545
46 180269087370948447825688831150050077629900425078213145
47 2823173285090535387566771085585229690315439413863083545
48 44233260758040660615280776895094771364772018187792693545
49 693341987177012302876940219896636258436761938527490653545
50 10872405391388758008167378941269609242104879073326498183081
51 170559642279299589134146256906245691374205552494448644755625
52 2676657121782030369334604713016351098681093192028006119590121
53 42021227732700658851655793005809390779077584791682646432940521
54 659930677560419969543144523820881422741847725154434329488562921
55 10367543468837290224519114918285503983733149593121181762723405545
56 162928126633789226973956527201702104205638545403348599013854140201
57 2561261258592264179702262242741186952754127310070377088862654818345
58 40275833993611088495792444273668282222734821617705872663476672616745
59 633524654642473698163081731054893225803045909669670594204288266575145
60 9967965264874188604272507942287033699181696262896195507248102691069481
61 156880671499115024874466659147500437268906845224561931870456366049329705
62 2469723889623807649153100700337587411885318685641878191432347954339776041
63 38890157533562655978055753150420841610304502365682761593452560669923776041
64 612547554255329926189843723235765379663334789060389215100468196304351838541
65 9650401034820469943793974951818220724269703547296233089950406366806143448541
66 152073361163358916079794430428129989474306337394941152039720644148239794338541
67 2396956178462282127217876013783424155140956385183750215352249702839066125898541
68 37788815473681032579632700284242105962472009257978771996382389923116150808148541
69 595881491056088700919371273468227822275680605241587059169795287881007856249148541
70 9398255846099107933565974516315401720143030224016522337926946799264212461004708541
71 148259596494867420065481958702821780822305916771022662609278606547575651260564548541
72 2339290117271613727770381619682658930714380659826368775579085774906542172874915758541
73 36917197191267553768675253357045072949465269361450427342056995862913501164762124758541
74 582712663927555551098049521708151285170931999787596725050618835959146062783235973758541
75 9199391886691878984846983304223997697635844271567773760021485617809072534244027384708941
76 145258188949191420960546040904739104380885473571332189670250525432878444747386343839750541
77 2294018776188895774550790088380170463698268217560662742574653691586333620417785052489484941
78 36234829498367657835698464802776776911824580133631449418135657022839956628623787008643244941
79 572435466249519272029083521066299899706162322430845883493382041327964490215721843228629804941
80 9044740652315684246043438275690129941808445111815769700903571942339122823725363067789554944541
81 142933247116587022329522230895476320169720819556959260187774190704180448940416971165240395086941
82 2259104412047714435500223028703387853879062804466547242784838717702016376123272019077894393744541
83 35711135165567786331898730341997271729760517610193667478642049777371682869113969466847965587504541
84 564590775576520895809595992507787026499861364025683268531828988123815746827740704796133405226264541
85 8927404012823431212649740770205847198673619301450069978942941594968266354840107867558608943785502941
86 141181066462978598640839396500151210905830382875396252671820899267622987949696586075420992514910808541
87 2232987045308635359617606846013447440469310249174582566221903813885080069525841142176947364770273086941
88 35322634825343882417940697311584055410707724973044717304068644134215463914189801385260235149026714086941
89 558825008414902905314142743111791896390179657751293651126566069962080933157708150308656939096997950086941
90 8842054416900364955989308051499179270623888397577404312166882129690790809716508850483745231046107269926941
91 139921334045637098317742280237505312716956713914033489986042884753901521043235586130249989661692053618086941
92 2214455358377756410015164437863762119420283743082557995247117294906166712343008922152032484811929339654726941
93 35051050101245964731367585917692014731015320197374499811669950772746969659381853840799508908221281225238726941
94 554862223285201771335882220018241659626835523805402980290841550540340920883918462242874476337013325628582726941
95 8784524236494768693316986816009702652568040396085684576389008294162822264569978158079115988369758197930788166941
96 139091078014228367165883252773633178556859748271804848164608288230834585241571342638895924408711149554899866576941
97 2202557470475403331351076510571706025388175223524292094204604019280292125524417054423759479238893522455629466616941
98 34881986697187680721247775231009740178141515892610434339381962483734945590437040207534728522311648511855980587616941
99 552484667590760488893679560004595973188734066867639143407064078450277398940011162011058286360332482460897191343616941
100 8751518174017311199468268003532111338569724311332483906522775868206696476978605081027592851937717700547289586202959341
101 138640412475806969177283755781967616985764072656249332558473710881616788496128583680061810275285209199776125639418248941
102 2196537930846606667603965199788714542097348809659585901608164630130988753900646641383868448413972935917085277856622735341
103 34804000730180326085600491803383224685490448469407052887870116136005192485119374655335220684356418676437366971485812495341
104 551518931754089550694229622142666199957032951176699661206782231548432616922616148571681926290087874865621372256366416055341
105 8740407785107514980219682335920523666745694379115837411403027170625164526892428967234698868716919888579815126396545878768941
106 138529485976687384523794862211358043167955375914636788560027812123503477579140928967126538417946178728939238454297909303287341
107 2195792369538146761350578803435473624354218644876135620829032220727621281707872589896497791281596189848955546241373446802448941
108 34807924328601404543867069778430241367953333736695505827150955673308329613618236453565971784293332048567321056343419647385008941
109 551825913326271548713859172638973501456612110122077990010466519500788499512221762748097361686466425172442117287366146198763568941
110 8749082035745199741949228179347904178187905853665657931800879001064350955216989936173558515768490795193651737795161514175843607341
111 138726254757135629702442258828376678849799988550983079549197368250977817037215718077809123235034833545361949465324171681327394992941
112 2199834297570281258371242616336524617511980237420529654680418673706636858743757411877361099613987626473652535464141182715217541311341
113 34886370335604738914055483543221946935555014178691042730416366230662620565030443369619492450286549343756042986146296773157911145311341
114 553293423430057668596958915590460767072963292405754221640726505246478220565414143190024012723849624976210428191809822602619763629311341
115 8775836870334014140582180505001198299572268401972610982392506921164326501735961319683584223738116921533198077211152267373223621811071341
116 139204832372784079925838841989111295050968053167607879594305632597083560191254857837184436310519424059338613635867850304056990707553311341
117 2208270428642054770674848673331313951939426160886673727405585252677433995656311873846711431398333108975495587925856448364843032439706271341
118 35033363089937795620032524035547097268993462069759242370145578650820884957609133967821468197765615714403467120578720662069786771209642271341
119 555830659804102181685302283916995676644915541856628335822320619729930975228614872036169215619581559973787333519160382979587754390154218271341
120 8819292433584597708472600604524835760681594741719336526678345764585444160331425639870083571308900602207194509228433475545961040046191197631341
121 139944249276134959211466405333497982382069304490295514228504394924711955000835859000039902488812169311163829212423649782996962147672250564671341
122 2220782082276875699977465108757613901448536080341860877602631343824553486476500004521315806079150926095678831251922259763828503239908525642431341
123 35244059476914845946386103398937416411056485903989216535354490715286775160566457129226077816260943212695060944391165848659172082871472386186431341
124 559364020603207230640232256740659469300929381531174836026453134938371760101917704325145127108451621051701747557427615410291850659807497247770431341
125 8878330218309768291351440027195727373614531788387145548107760537300097750847189685738054432750720860525942663191315080183613502998651779473196244845
126 140927508707025075266878474732773891404771313152542603051719362365516550041838089182083405696234874137451276985653029408272310257596668565687369002861
127 2237110995813275452648367708899641695105016689391175296795578255396034720962300978601531502670469400047976101747622617709253001079114296805202028081005
128 35514535617171656992988049703943728349306299792398277569914334241555566963174971726770382212081992849103610069068685234718840261984676742184704153705105
129 563833895947944986085685761642088522393736453670294100666415918071818398539619822455886281618589224935318517324062703572767329894951804668359990709884705
130 8952044785971283610669651492890062706842119684979910599870302958289063606818790717546968801876083103178012527637022169640135550739701605476824936857833521
131 142140859899141809907571773648555408413690977933343615638566879863280371999846096945505626773430360937749554670059750865631089591218741563724815286265075825
132 2257048378852973796461847000321010940368931720858290611465381280217124221916582952887120046707874310326977974883383378315814354059973267475583227700899957121
133 35841621959842933942490221197409187712726166425342298250549114959870848991073199089129954042953298324315008006989359236236357007080107041495653782693886454721
134 569192182444403697776354504587077050026064305175166406199455394819268127910299309077237637883082510294284416106522197938686249007782338410646201743240782072321
135 9039706291025649553860251000687983757264574276769355108595243008954982037347692021252702133983074808205715162771058986163207869872048821615716775345026003204865
136 143573232815315285565248106227795831829562024714452921824133529810369550640935831764954754049657714589977641085303551690314828189485499252641579231203310697234961
137 2280426383932323604024990332712130811632483157149876981442089303058305270915179630999516047080360517785817561609662686166891334300726555712533209679849930114650705
138 36222774536258253888317787198470969889052334163331129766278868414983350187054580453749715119848035269242527074244541817607995781824903177174264894762584774357890705
139 575400339130185339398074427271512730371708045121000265924395161459628404039434909780140693776106182571043026881699982193643294814811300980214937833992057754832930705
140 9140731115774242127799088023174705317663627064846698883819074828171509146268646586330263177364226681370931334129075274910166501350871340038682085234514793728946724305
141 145215794433432582868995694742376353098993986245282469432097692837977216160435093584383524366761456741375554970477347592839725157614406724394725428304315257539016490705
142 2307111399679998512569788203279202532261653604654709255276391729296483319921112850701441178680912370900413504268532650443595611533629142966745678672326780908418738276305
143 36655973551599861124912078096360273763615172604176581362509563642121982518505112229024685928383471518549268202637067439245521744037281536978180208917468308121036548836305
144 582427853681130563963650904524445681991886392988361975575605462038635011740759248956090146342783566895225293019365046223741249677716553150081546493979594553293898516046305
145 9254658664677284443972080016933505635501221108366730262866351246576121758693793779958465284372959141868896307281992873298151274457517065758501285945998399998826855350927905
146 147061597547387981894336836194060847711523734344049898762785218535076574980448328799626719940693713104027919605982234386619246284474084378236187898169005430198334514899550305
147 2336998734137110905753166759476064677575831520686807885259066367658215157725490686503083611789549357862672926995517526843855154566192310526396106075360533133580727603814295905
148 37139642874334451564777029811633914073839780590533139838297573855320949847898483962460595666783461426000196989828663769738478039558253784329101891205034144964634920182851135905
149 590251022895534797890048132188606435562970303270065610491975103152062928008426309534090014316206098175397586307147522729153241349727120149387049659414282309642885318490001375905
150 9381132886944482737770148011940378949989593922483022483186983955891268188369199311121510753281011991159019986726280555587933553295043888487617376490645392562158487782322452683681
151 149105300733038729885014028404096923238321952419796843038959186414910563095425274872162150439426422931066773699348336063686412574839299759407665767567592863285050658972302527405985
152 2370008369601125076204493497746808172297793126464098185041190858083903368864454229370704409605860639167561053581986544883460176509907960987471849066802958226788860794841568573143521
153 37672585665761359578553090641683877494995440350261976324177010629455265794711593106251714902827705735566361580914622603742779991975713798185245466292890337087900730227835455352541921
154 598851976386929506249467735981357489671573371400308563731060444198687773346350485332117519924866106560408755053772375329570412524921696990975423514857826982438032722501446660458212321
155 9519887465327259298097226529184666736578018729916770284804381921097566283820944960856428517520578664172359068674073076768030047384978374823366514504248664166150990517178103721801732065
156 151342943600402479185886029658280208102462026212012545124372548680981923353448369725351314118844529072585483046923432732229774679748479679331370904968560163713471994931859390314537855201
157 2406081551494789142691388281880173362725252456495341031514514741759664316595256017378854409169533173246681850936105389985819236303022423336493070305252244418515125852127187552301436349665
158 38253932595930058600524021029311249835637667204911182893725996733144420039943816158128549106558506209326590856512788567118877132404505688739772932986416892741331037401591445984147294884065
159 608217890288150428451106423965366222927919720233440043760269189460055969089993016740984618161725708681164568161428783312093182724958906520528102527696682205871578754769435101782218332938465
160 9670733874462843718508155784149099053684750032457834639172816351191813178915314376195987187399674097858774631993546992881363543881822716371092510010089074163597694062123987954542766286603121
161 153771765397219615648722024558145783535612847282087685880391021218596927897886177876771261248870672897172091029867902524261663267498103543624980417327429371176221689646417877928123974063087025
162 2445178032389704184877083968670674376023812276935590619906462366381149620096561870324800184821376058316095881073128630802477680622346901352887420820087800632726297720024987798222858591669060081
163 38883099964126868944521139875462173127435768279367183439584099587623142636542061514996869897997766789600498805280951947357344906804123297694992169593705808762686293310184413870883680449417700081
164 618340350743235032327028464988089801025967749746352279902301242721202124084415474885779104038425828137832194266705452157930723495202571882535105001481599918121474569404794358921976634112000140081
165 9833551705245559618212938529636894513072248771743477543626226501111905158927282859520025540122036302098375363918136023660986454887207930673599002600949375314427017532527905479182818125005162437681
166 156390057905075605191481365383024569510387184909212927539105537755944800383258737864297594676971571377957145898129252999193906905901796276515920338773875625887025593898144276134850992690797839820081
167 2487273835163916570959226725251833905489053462416165466611672549228161791818002287511080177633134660054769251856483665176019180797766931216041779372354085601109498043194545541958134467813775960549681
168 39559755680809243581062007764265032279951329963722535746858105778036204856410419359380436097737358388336407374188729116783759594986339035607806168550860188842229391838870372080651159977405076924109681
169 629214836487236769677538005078041150229505796540784006473696406308479906799997298591218380496087077879561134787815812719408243485463835667191894949001651076975102221008872535054332503641670958249069681
170 10008280793768268980962398639997967136510578302215867920300545449250918754005387990383889440454944948281088733279364335168848840465057522919548305570203774212631555978939089638320551700214833497729447281
171 159197045689441564225367840244474409612588604639537359330813159048291954504067292170452092788230459059037906992599600132705650188898303109238929418862362603300182337337426634521860681572206066800737933681
172 2532359430926200286806365108947158154997675640950994382445388399355698500604531457243578655208787714280296548338025022164129006305964678174799890559710009180277097139398635553938249640375599334359640775281
173 40283791540626518634255755320091791493159322805503257695781927271698785693575595942903492329853022710800101391284900742340568574862725718260120937008223642622714503576678249524807399404360214078747814215281
174 640840296877778801881452693612298708604363679185021486430824774289793485894190327565815970286021300118113244651212283301559079872306382750316326761003345599178461058168619197948427884796304126980985306055281
175 10194914798960454426605284109896915160661415344345080232965610577999305659495506236320410285719719567087993820938874666726260976302012161710182831325043162667644940874769827290545377924466398564258429060321905
176 162192788343780666157183893913316469849437347963067239018067902133114957686852908260400313986100280025372634430341805103232807766337676117499763568514385815386154597368195116316376581674130048456693649614222001
177 2580438250956248573021197426294727595670712229087437564793268061524274111630736020880474075702174365779324663757430414221001557354202472295735119447147830689158157506620227653610232174644456295632978931366073265
178 41055300569569588803110492391370770662408013945246858131113126676253580054791684041072974494875035956126730861957953323458068426033745577757433228853129384813273378645174374921942280035278892010869862233067506865
179 653218807032532866976032754992909625606086721404165367760263235672681321155246684100436163649166354807371894565270389796646163098027639557094902389701160731096393233691844268520974915444910076739339702739736588465
180 10393495952273664997124723387875493473013031844368718014613904618088558321250029506649916062586724313432967936941395096599233179075959127205365564478498090106443895707552321127402076777695363992664021371176775836081
181 165378100554693564308269989035186773296940322875761345283697680888387939479255242072502090283085670099708881595071360349823486713371006213901166175457907098759984614232135966892335268779202205026481113610410424599985
182 2631525469695650901867779771559104178334867531173741674062818573940082077362263194564927539487399833523424721085244937387875251471313773943259812559728616633993459670296121284945647885232113077648754320623039172815281
183 41874558495919669689692521122659333660992200067289890773958113264950497619117912449042920966612098023630569480985913789953726290305190596869451178625537124243235863366330573672016336568314803036154812788090860246120881
184 666355285725254129343913526302047189141809007954452934974784831913048543330782213304003513677623259947938369642406186365951116480463039770204256105851161188678638759327481844650532875797488294035826659305668052181666481
185 10604110762747712491474331207673048479441122069017886946536948961975129244823366332364607079974072150381910539433979099057887495815111150950971575164547225263195967462552179370752013138527480020318522734534866361152982705
186 168754486715210215835443902265782192727109956505118259334723772065903311674484687957017229980726705024497110380141793560363334968124083364042889087311383270503182051407580574814171350037870616937566363004002097768844153521
187 2685647009336978711101896183056616031845634051132955339033433430520697454287238843502362509692335622539184249118777444358151730561349511032579637813037272159312587395934201939983033933865685115054158175049037007376858669745
188 42742008597576701962216071373890818004009786473840016150784343991883919082277115838020716964133825439821085435755336791736942261378158674215918285340787738998246791399335755751308441454325894915602565097732721272160362669745
189 680257264741013182011218798699337954657711398375738825939238773282888462825685556514810190971615643556946511236317196032362917945649289891604539951528368837103101580548515167486687500884407825291812024800888776351179946669745
190 10826886506591357717270919713464385284970659125267777267692522172483906043750553349008407624313299392716172360257758306634330316645304642711207753774558877037976170474529377204171627498180407665864565819950034361681423942829745
191 172324087501765597796526800252726909395116521901329309818154227883557496467766861413607853584820100709752699151716480716227509183742223112122289919478890622433873821714260296214859116870454701995228510191830752797264170986669745
192 2742838726909438569040663720871637542988127206011321730423045411591421418528154037378020627944714000275157547080567232836541508189338997565186768196931442640704146235202203957104479030990413899139333071386146150648522589076279745
193 43658249334034711855589263152667178756370930358010422543240570253074213423403548185658520343856042976954492142291596010310679606136084616862937826499211184154098989424469078142759279081507845453992875296200492828036133426557279745
194 694934700733603747337903769295784025603764813371269358629420597671932357304600583597904472299677472407105120582100350285315907450900261963722846238750686857096986891392086304193490892299272241940214595507510928318063244439278279745
195 11061988365662906681535859154866601580559135203530307409122185665816472337869662158416205032026894253240748591576477786776894193599230053448713058031024774989156499339901415036682406967904829242933409275228295297421168303274881639745
196 176089636361087392508599334509036963785799866213307889270574124064713329560773366721077242919537996780378217093147845640615813390250917564071035899452792253926827295116718854223650126517535520607868914880225508451612318292846505679745
197 2803145752751132630623894931404216769731557362023984561271335847765011786230128852922570158551293751807702278274749658999122059982913081941211095219172503182262452200363818925339935247672000789037658283860226495279582008286337475439745
198 44624024291650919211272705818616789897237609120401785576363555819231093482162808144279363563453313104744977724235307043884433469494199093260798663361124130321693722054580611966449861380528387229886335591798666855429971854346375079439745
199 710399822441945756532499789490512594351983833870904736530902047017210707129722581930946654970559433475148861036515046330709417277141912732620297365644890096011309944923018735692244093634598962271498333453152637383744185459828708023439745
200 11309617106574454596170167084255460990851989206521386766022250280738165954360238936592068600900829580384015723756339723750891841993274278642587452655872672646386569174610840509219260850542627923991465500605693983591559297480467996725214145