
1 0
2 1
3 1
4 1
5 2
6 2
7 1
8 1
9 3
10 3
11 2
12 2
13 1
14 2
15 4
16 4
17 4
18 5
19 3
20 2
21 4
22 1
23 2
24 1
25 4
26 4
27 4
28 2
29 3
30 4
31 4
32 4
33 3
34 2
35 5
36 4
37 4
38 4
39 3
40 5
41 4
42 5
43 3
44 4
45 7
46 6
47 5
48 2
49 5
50 3
51 5
52 7
53 1
54 3
55 5
56 5
57 4
58 6
59 5
60 4
61 4
62 5
63 3
64 1
65 4
66 7
67 6
68 5
69 5
70 4
71 5
72 7
73 4
74 5
75 3
76 5
77 6
78 8
79 3
80 4
81 4
82 6
83 3
84 5
85 2
86 2
87 3
88 6
89 6
90 4
91 5
92 6
93 5
94 5
95 8
96 6
97 4
98 7
99 5
100 4
101 5
102 8
103 1
104 7
105 8
106 7
107 5
108 6
109 5
110 4
111 5
112 8
113 4
114 3
115 6
116 5
117 5
118 8
119 4
120 4
121 3
122 4
123 5
124 2
125 7
126 7
127 8
128 5
129 4
130 4
131 2
132 5
133 4
134 7
135 7
136 4
137 10
138 5
139 5
140 3
141 5
142 4
143 2
144 4
145 6
146 8
147 3
148 8
149 9
150 6
151 6
152 7
153 5
154 2
155 5
156 7
157 8
158 8
159 4
160 7
161 6
162 9
163 2
164 2
165 5
166 7
167 4
168 4
169 5
170 5
171 5
172 8
173 3
174 8
175 4
176 5
177 10
178 4
179 6
180 5
181 7
182 5
183 3
184 9
185 6
186 10
187 9
188 7
189 3
190 4
191 4
192 7
193 4
194 4
195 9
196 10
197 6
198 7
199 7
200 2
201 3
202 6
203 5
204 3
205 5
206 7
207 2
208 4
209 7
210 4
211 14
212 2
213 9
214 2
215 4
216 5
217 6
218 7
219 5
220 4
221 9
222 5
223 5
224 8
225 7
226 9
227 3
228 10
229 5
230 9
231 8
232 5
233 6
234 3
235 5
236 6
237 4
238 6
239 8
240 10
241 5
242 7
243 9
244 4
245 4
246 4
247 5
248 8
249 11
250 11
251 5
252 7
253 4
254 3
255 11
256 8
257 5
258 9
259 7
260 5
261 7
262 4
263 4
264 4
265 7
266 6
267 3
268 5
269 9
270 7
271 5
272 9
273 7
274 3
275 5
276 8
277 6
278 3
279 9
280 4
281 9
282 7
283 9
284 5
285 7
286 7
287 3
288 6
289 8
290 7
291 7
292 5
293 7
294 4
295 4
296 7
297 7
298 2
299 7
300 5
301 4
302 7
303 6
304 9
305 9
306 7
307 6
308 12
309 4
310 7
311 6
312 5
313 5
314 7
315 9
316 10
317 5
318 7
319 11
320 10
321 4
322 10
323 6
324 5
325 7
326 9
327 2
328 5
329 10
330 12
331 6
332 6
333 9
334 4
335 5
336 10
337 5
338 4
339 8
340 8
341 7
342 7
343 6
344 6
345 3
346 11
347 8
348 8
349 4
350 5
351 5
352 5
353 7
354 7
355 3
356 10
357 6
358 6
359 5
360 4
361 9
362 6
363 7
364 9
365 4
366 7
367 7
368 9
369 4
370 5
371 8
372 4
373 6
374 6
375 11
376 4
377 6
378 12
379 6
380 5
381 3
382 8
383 6
384 6
385 10
386 6
387 6
388 4
389 8
390 5
391 3
392 6
393 7
394 9
395 14
396 6
397 7
398 4
399 8
400 5
401 5
402 9
403 7
404 8
405 7
406 3
407 7
408 5
409 10
410 4
411 5
412 6
413 8
414 2
415 5
416 6
417 7
418 9
419 7
420 7
421 4
422 7
423 7
424 6
425 4
426 7
427 9
428 6
429 7
430 7
431 9
432 6
433 10
434 9
435 13
436 8
437 12
438 10
439 6
440 7
441 9
442 10
443 5
444 8
445 8
446 8
447 7
448 8
449 4
450 9
451 8
452 10
453 5
454 2
455 6
456 8
457 10
458 7
459 11
460 3
461 9
462 8
463 8
464 9
465 7
466 9
467 6
468 5
469 3
470 6
471 3
472 5
473 8
474 6
475 5
476 2
477 6
478 9
479 8
480 6
481 4
482 3
483 6
484 11
485 10
486 10
487 3
488 4
489 10
490 6
491 7
492 4
493 1
494 11
495 11
496 9
497 7
498 10
499 6
500 5
501 7
502 7
503 2
504 4
505 5
506 7
507 8
508 9
509 6
510 7
511 5
512 7
513 8
514 6
515 4
516 5
517 4
518 10
519 12
520 8
521 7
522 11
523 9
524 4
525 6
526 7
527 4
528 5
529 9
530 8
531 6
532 7
533 7
534 9
535 6
536 11
537 6
538 8
539 6
540 7
541 8
542 9
543 7
544 8
545 8
546 10
547 4
548 6
549 9
550 6
551 8
552 8
553 5
554 6
555 8
556 8
557 10
558 8
559 9
560 12
561 10
562 10
563 5
564 8
565 5
566 5
567 8
568 12
569 8
570 6
571 5
572 6
573 8
574 7
575 16
576 8
577 4
578 5
579 6
580 8
581 9
582 9
583 9
584 7
585 7
586 7
587 12
588 11
589 13
590 7
591 11
592 4
593 8
594 6
595 10
596 7
597 6
598 9
599 3
600 10
601 6
602 9
603 7
604 12
605 9
606 10
607 8
608 3
609 9
610 9
611 8
612 11
613 9
614 7
615 9
616 9
617 10
618 11
619 10
620 7
621 7
622 7
623 4
624 7
625 9
626 8
627 7
628 6
629 7
630 6
631 7
632 6
633 6
634 7
635 9
636 3
637 9
638 7
639 8
640 7
641 8
642 10
643 6
644 6
645 10
646 6
647 4
648 6
649 9
650 7
651 6
652 10
653 6
654 9
655 6
656 10
657 10
658 9
659 11
660 11
661 11
662 4
663 10
664 5
665 4
666 5
667 4
668 12
669 8
670 7
671 10
672 11
673 7
674 7
675 11
676 7
677 8
678 9
679 10
680 4
681 8
682 9
683 9
684 6
685 5
686 4
687 4
688 13
689 4
690 6
691 4
692 5
693 7
694 9
695 4
696 10
697 3
698 8
699 14
700 9
701 10
702 7
703 6
704 6
705 7
706 7
707 13
708 9
709 6
710 6
711 6
712 7
713 6
714 11
715 10
716 10
717 6
718 7
719 11
720 6
721 2
722 10
723 11
724 4
725 7
726 7
727 6
728 9
729 8
730 7
731 5
732 12
733 6
734 9
735 5
736 8
737 9
738 6
739 8
740 6
741 6
742 10
743 9
744 8
745 5
746 10
747 6
748 8
749 9
750 7
751 9
752 8
753 7
754 8
755 9
756 9
757 6
758 9
759 3
760 11
761 7
762 6
763 5
764 7
765 8
766 8
767 9
768 9
769 6
770 6
771 7
772 6
773 7
774 5
775 12
776 5
777 6
778 3
779 4
780 12
781 6
782 8
783 6
784 9
785 6
786 10
787 7
788 4
789 6
790 10
791 5
792 9
793 6
794 10
795 8
796 11
797 11
798 5
799 5
800 9
801 6
802 5
803 2
804 6
805 7
806 5
807 4
808 6
809 8
810 7
811 11
812 11
813 7
814 2
815 6
816 10
817 8
818 7
819 8
820 9
821 12
822 13
823 8
824 7
825 9
826 9
827 6
828 4
829 9
830 9
831 9
832 10
833 11
834 9
835 8
836 11
837 7
838 11
839 10
840 2
841 6
842 5
843 6
844 4
845 9
846 8
847 9
848 9
849 9
850 11
851 5
852 8
853 8
854 5
855 8
856 10
857 10
858 11
859 11
860 10
861 7
862 10
863 9
864 10
865 6
866 8
867 8
868 5
869 9
870 4
871 6
872 9
873 9
874 8
875 11
876 13
877 5
878 7
879 7
880 10
881 6
882 12
883 11
884 8
885 10
886 5
887 7
888 10
889 9
890 4
891 8
892 7
893 5
894 2
895 6
896 6
897 7
898 11
899 6
900 8
901 5
902 9
903 8
904 5
905 4
906 7
907 7
908 5
909 14
910 10
911 4
912 12
913 8
914 8
915 7
916 5
917 6
918 4
919 12
920 9
921 6
922 9
923 7
924 7
925 6
926 11
927 4
928 9
929 11
930 11
931 6
932 10
933 9
934 9
935 7
936 6
937 8
938 5
939 9
940 7
941 7
942 8
943 7
944 11
945 8
946 6
947 8
948 9
949 5
950 11
951 10
952 5
953 4
954 8
955 6
956 5
957 6
958 4
959 9
960 6
961 6
962 2
963 7
964 7
965 9
966 10
967 6
968 7
969 7
970 9
971 9
972 9
973 8
974 3
975 15
976 12
977 4
978 9
979 8
980 5
981 9
982 11
983 7
984 10
985 4
986 11
987 4
988 2
989 12
990 6
991 9
992 12
993 12
994 11
995 9
996 10
997 10
998 7
999 2
1000 7
1001 12
1002 9
1003 12
1004 8
1005 4
1006 6
1007 5
1008 7
1009 9
1010 4
1011 7
1012 10
1013 10
1014 9
1015 5
1016 8
1017 8
1018 6
1019 7
1020 11
1021 11
1022 15
1023 11
1024 12
1025 6
1026 10
1027 6
1028 11
1029 6
1030 13
1031 9
1032 12
1033 12
1034 9
1035 8
1036 9
1037 9
1038 11
1039 13
1040 7
1041 7
1042 7
1043 8
1044 7
1045 9
1046 7
1047 6
1048 10
1049 15
1050 4
1051 7
1052 10
1053 7
1054 7
1055 11
1056 11
1057 4
1058 14
1059 8
1060 9
1061 11
1062 12
1063 5
1064 6
1065 6
1066 8
1067 9
1068 8
1069 12
1070 5
1071 5
1072 9
1073 9
1074 6
1075 7
1076 10
1077 5
1078 6
1079 8
1080 9
1081 9
1082 8
1083 14
1084 5
1085 9
1086 10
1087 6
1088 7
1089 7
1090 9
1091 9
1092 12
1093 8
1094 6
1095 10
1096 12
1097 13
1098 6
1099 9
1100 11
1101 12
1102 14
1103 5
1104 10
1105 13
1106 6
1107 11
1108 7
1109 8
1110 8
1111 10
1112 4
1113 8
1114 6
1115 6
1116 10
1117 8
1118 7
1119 10
1120 8
1121 7
1122 10
1123 7
1124 10
1125 11
1126 9
1127 9
1128 7
1129 5
1130 9
1131 7
1132 7
1133 5
1134 11
1135 3
1136 5
1137 7
1138 8
1139 9
1140 10
1141 10
1142 10
1143 7
1144 8
1145 9
1146 9
1147 9
1148 6
1149 8
1150 7
1151 11
1152 8
1153 1
1154 9
1155 4
1156 3
1157 7
1158 8
1159 8
1160 7
1161 5
1162 8
1163 4
1164 8
1165 8
1166 7
1167 3
1168 9
1169 8
1170 9
1171 5
1172 7
1173 5
1174 8
1175 8
1176 6
1177 9
1178 11
1179 7
1180 8
1181 9
1182 9
1183 2
1184 6
1185 10
1186 9
1187 3
1188 10
1189 13
1190 4
1191 9
1192 11
1193 8
1194 7
1195 10
1196 11
1197 8
1198 8
1199 10
1200 9
1201 8
1202 3
1203 6
1204 9
1205 6
1206 6
1207 7
1208 9
1209 7
1210 11
1211 15
1212 8
1213 5
1214 10
1215 8
1216 9
1217 4
1218 8
1219 11
1220 7
1221 8
1222 10
1223 11
1224 7
1225 9
1226 5
1227 6
1228 11
1229 11
1230 4
1231 5
1232 8
1233 6
1234 8
1235 8
1236 5
1237 8
1238 7
1239 15
1240 8
1241 9
1242 5
1243 11
1244 15
1245 8
1246 11
1247 5
1248 9
1249 11
1250 13
1251 9
1252 11
1253 8
1254 9
1255 5
1256 9
1257 11
1258 9
1259 6
1260 13
1261 8
1262 10
1263 6
1264 3
1265 9
1266 6
1267 6
1268 5
1269 10
1270 10
1271 9
1272 11
1273 10
1274 8
1275 6
1276 11
1277 9
1278 9
1279 8
1280 11
1281 6
1282 6
1283 7
1284 6
1285 10
1286 10
1287 10
1288 9
1289 6
1290 9
1291 5
1292 12
1293 9
1294 10
1295 9
1296 8
1297 10
1298 9
1299 11
1300 8
1301 9
1302 10
1303 15
1304 6
1305 16
1306 13
1307 9
1308 14
1309 5
1310 6
1311 6
1312 12
1313 9
1314 7
1315 9
1316 8
1317 10
1318 8
1319 14
1320 13
1321 8
1322 6
1323 16
1324 8
1325 7
1326 10
1327 5
1328 9
1329 8
1330 11
1331 8
1332 6
1333 9
1334 7
1335 9
1336 3
1337 10
1338 10
1339 8
1340 7
1341 9
1342 2
1343 8
1344 6
1345 7
1346 5
1347 8
1348 7
1349 12
1350 10
1351 10
1352 10
1353 6
1354 11
1355 5
1356 8
1357 6
1358 11
1359 13
1360 9
1361 8
1362 9
1363 10
1364 6
1365 12
1366 11
1367 8
1368 6
1369 15
1370 8
1371 9
1372 9
1373 9
1374 6
1375 9
1376 9
1377 11
1378 6
1379 7
1380 7
1381 8
1382 11
1383 5
1384 4
1385 10
1386 9
1387 11
1388 8
1389 8
1390 10
1391 8
1392 4
1393 7
1394 5
1395 8
1396 8
1397 11
1398 6
1399 9
1400 6
1401 7
1402 9
1403 9
1404 8
1405 4
1406 6
1407 8
1408 6
1409 6
1410 8
1411 11
1412 6
1413 13
1414 7
1415 10
1416 2
1417 6
1418 11
1419 6
1420 6
1421 15
1422 10
1423 5
1424 9
1425 12
1426 7
1427 11
1428 19
1429 7
1430 9
1431 10
1432 8
1433 7
1434 6
1435 10
1436 6
1437 7
1438 6
1439 8
1440 8
1441 8
1442 11
1443 5
1444 11
1445 8
1446 10
1447 9
1448 7
1449 11
1450 14
1451 4
1452 7
1453 7
1454 9
1455 5
1456 6
1457 9
1458 14
1459 5
1460 9
1461 7
1462 16
1463 6
1464 10
1465 10
1466 9
1467 9
1468 5
1469 12
1470 11
1471 8
1472 10
1473 11
1474 10
1475 11
1476 11
1477 6
1478 9
1479 12
1480 12
1481 11
1482 10
1483 5
1484 9
1485 15
1486 5
1487 7
1488 7
1489 9
1490 11
1491 7
1492 10
1493 11
1494 9
1495 10
1496 12
1497 9
1498 8
1499 7
1500 11
1501 4
1502 7
1503 5
1504 12
1505 3
1506 11
1507 7
1508 9
1509 9
1510 8
1511 9
1512 9
1513 11
1514 4
1515 8
1516 9
1517 15
1518 3
1519 7
1520 14
1521 9
1522 8
1523 9
1524 8
1525 7
1526 11
1527 5
1528 7
1529 11
1530 6
1531 6
1532 6
1533 10
1534 7
1535 8
1536 6
1537 11
1538 7
1539 12
1540 9
1541 8
1542 7
1543 6
1544 5
1545 12
1546 10
1547 11
1548 13
1549 5
1550 11
1551 13
1552 9
1553 12
1554 6
1555 11
1556 7
1557 8
1558 13
1559 6
1560 7
1561 10
1562 6
1563 12
1564 10
1565 9
1566 13
1567 6
1568 9
1569 11
1570 10
1571 5
1572 7
1573 7
1574 10
1575 6
1576 8
1577 9
1578 10
1579 10
1580 8
1581 15
1582 6
1583 8
1584 12
1585 11
1586 10
1587 5
1588 8
1589 10
1590 8
1591 4
1592 11
1593 10
1594 4
1595 6
1596 7
1597 8
1598 10
1599 13
1600 8
1601 10
1602 15
1603 7
1604 8
1605 11
1606 7
1607 11
1608 10
1609 9
1610 12
1611 8
1612 10
1613 9
1614 10
1615 5
1616 6
1617 9
1618 11
1619 14
1620 7
1621 6
1622 7
1623 7
1624 8
1625 7
1626 9
1627 6
1628 14
1629 9
1630 6
1631 8
1632 10
1633 11
1634 8
1635 10
1636 11
1637 9
1638 12
1639 9
1640 10
1641 9
1642 11
1643 8
1644 10
1645 9
1646 8
1647 10
1648 8
1649 6
1650 9
1651 7
1652 8
1653 10
1654 12
1655 7
1656 8
1657 9
1658 6
1659 10
1660 7
1661 7
1662 14
1663 8
1664 7
1665 10
1666 8
1667 9
1668 16
1669 12
1670 9
1671 9
1672 15
1673 7
1674 7
1675 7
1676 7
1677 10
1678 4
1679 8
1680 8
1681 7
1682 7
1683 11
1684 8
1685 9
1686 7
1687 4
1688 12
1689 7
1690 6
1691 9
1692 9
1693 10
1694 9
1695 13
1696 11
1697 7
1698 13
1699 12
1700 6
1701 9
1702 9
1703 10
1704 11
1705 7
1706 5
1707 11
1708 12
1709 10
1710 9
1711 11
1712 5
1713 9
1714 13
1715 11
1716 12
1717 8
1718 8
1719 13
1720 12
1721 6
1722 6
1723 8
1724 8
1725 8
1726 12
1727 10
1728 7
1729 8
1730 8
1731 12
1732 10
1733 10
1734 9
1735 7
1736 9
1737 8
1738 9
1739 11
1740 8
1741 10
1742 8
1743 6
1744 8
1745 7
1746 10
1747 5
1748 5
1749 10
1750 12
1751 13
1752 8
1753 13
1754 7
1755 11
1756 6
1757 5
1758 8
1759 12
1760 9
1761 9
1762 8
1763 11
1764 8
1765 9
1766 10
1767 10
1768 10
1769 7
1770 7
1771 6
1772 13
1773 9
1774 12
1775 12
1776 8
1777 10
1778 6
1779 9
1780 12
1781 13
1782 10
1783 13
1784 12
1785 13
1786 9
1787 8
1788 6
1789 7
1790 9
1791 10
1792 8
1793 8
1794 10
1795 13
1796 14
1797 8
1798 8
1799 10
1800 7
1801 8
1802 10
1803 8
1804 7
1805 11
1806 10
1807 4
1808 8
1809 11
1810 8
1811 9
1812 7
1813 11
1814 9
1815 9
1816 8
1817 7
1818 12
1819 12
1820 11
1821 8
1822 6
1823 10
1824 8
1825 8
1826 11
1827 7
1828 9
1829 8
1830 11
1831 9
1832 7
1833 5
1834 6
1835 4
1836 6
1837 7
1838 8
1839 16
1840 7
1841 6
1842 7
1843 7
1844 10
1845 6
1846 7
1847 7
1848 5
1849 10
1850 11
1851 5
1852 11
1853 4
1854 8
1855 9
1856 11
1857 9
1858 7
1859 12
1860 6
1861 12
1862 6
1863 7
1864 10
1865 13
1866 9
1867 11
1868 11
1869 7
1870 7
1871 7
1872 7
1873 3
1874 8
1875 7
1876 8
1877 4
1878 12
1879 7
1880 9
1881 6
1882 11
1883 10
1884 7
1885 6
1886 11
1887 9
1888 9
1889 14
1890 10
1891 10
1892 13
1893 8
1894 8
1895 12
1896 7
1897 8
1898 10
1899 6
1900 4
1901 10
1902 9
1903 8
1904 8
1905 7
1906 13
1907 6
1908 8
1909 8
1910 6
1911 10
1912 8
1913 12
1914 13
1915 6
1916 13
1917 5
1918 10
1919 5
1920 8
1921 10
1922 6
1923 16
1924 9
1925 7
1926 5
1927 12
1928 10
1929 9
1930 11
1931 10
1932 10
1933 5
1934 9
1935 5
1936 11
1937 3
1938 8
1939 8
1940 9
1941 10
1942 8
1943 8
1944 5
1945 9
1946 5
1947 12
1948 13
1949 6
1950 12
1951 7
1952 8
1953 8
1954 9
1955 9
1956 8
1957 8
1958 5
1959 13
1960 8
1961 6
1962 11
1963 7
1964 12
1965 7
1966 14
1967 7
1968 7
1969 7
1970 9
1971 11
1972 6
1973 12
1974 12
1975 8
1976 13
1977 9
1978 12
1979 9
1980 7
1981 10
1982 9
1983 10
1984 6
1985 17
1986 5
1987 11
1988 6
1989 9
1990 10
1991 12
1992 9
1993 3
1994 13
1995 8
1996 12
1997 10
1998 11
1999 6
2000 8
2001 11
2002 9
2003 9
2004 5
2005 11
2006 11
2007 13
2008 5
2009 10
2010 15
2011 9
2012 10
2013 8
2014 9
2015 13
2016 10
2017 10
2018 15
2019 8
2020 10
2021 8
2022 8
2023 8
2024 2
2025 8
2026 12
2027 11
2028 10
2029 9
2030 8
2031 8
2032 11
2033 7
2034 6
2035 7
2036 8
2037 7
2038 9
2039 3
2040 7
2041 8
2042 9
2043 7
2044 10
2045 7
2046 12
2047 8
2048 5
2049 4
2050 9
2051 10
2052 10
2053 9
2054 11
2055 12
2056 7
2057 12
2058 7
2059 6
2060 9
2061 8
2062 8
2063 10
2064 8
2065 6
2066 9
2067 10
2068 15
2069 10
2070 8
2071 6
2072 8
2073 7
2074 8
2075 11
2076 10
2077 13
2078 5
2079 8
2080 9
2081 10
2082 13
2083 7
2084 9
2085 13
2086 12
2087 10
2088 15
2089 8
2090 12
2091 12
2092 12
2093 4
2094 11
2095 11
2096 8
2097 7
2098 9
2099 8
2100 8
2101 12
2102 11
2103 6
2104 11
2105 7
2106 8
2107 5
2108 8
2109 8
2110 12
2111 9
2112 8
2113 5
2114 9
2115 12
2116 10
2117 7
2118 11
2119 9
2120 7
2121 5
2122 13
2123 5
2124 8
2125 10
2126 6
2127 7
2128 13
2129 9
2130 11
2131 7
2132 10
2133 9
2134 8
2135 11
2136 6
2137 11
2138 12
2139 5
2140 9
2141 6
2142 7
2143 9
2144 15
2145 4
2146 11
2147 5
2148 6
2149 14
2150 8
2151 7
2152 11
2153 12
2154 10
2155 8
2156 7
2157 12
2158 10
2159 8
2160 14
2161 5
2162 9
2163 9
2164 8
2165 4
2166 8
2167 4
2168 10
2169 10
2170 5
2171 8
2172 5
2173 10
2174 9
2175 11
2176 10
2177 9
2178 8
2179 16
2180 8
2181 11
2182 7
2183 8
2184 12
2185 9
2186 13
2187 8
2188 6
2189 8
2190 19
2191 5
2192 5
2193 11
2194 10
2195 9
2196 8
2197 8
2198 11
2199 11
2200 8
2201 7
2202 6
2203 10
2204 7
2205 8
2206 8
2207 9
2208 6
2209 8
2210 10
2211 10
2212 10
2213 10
2214 8
2215 10
2216 10
2217 13
2218 5
2219 12
2220 11
2221 9
2222 4
2223 11
2224 11
2225 7
2226 6
2227 6
2228 5
2229 7
2230 7
2231 6
2232 9
2233 10
2234 7
2235 5
2236 5
2237 7
2238 8
2239 13
2240 8
2241 10
2242 14
2243 8
2244 8
2245 8
2246 9
2247 4
2248 11
2249 6
2250 14
2251 7
2252 4
2253 5
2254 7
2255 10
2256 6
2257 9
2258 6
2259 6
2260 7
2261 4
2262 15
2263 6
2264 5
2265 13
2266 6
2267 10
2268 7
2269 10
2270 6
2271 7
2272 15
2273 6
2274 11
2275 7
2276 6
2277 11
2278 5
2279 5
2280 7
2281 5
2282 10
2283 10
2284 11
2285 12
2286 10
2287 8
2288 10
2289 14
2290 6
2291 12
2292 10
2293 11
2294 5
2295 13
2296 12
2297 9
2298 9
2299 12
2300 12
2301 10
2302 5
2303 10
2304 11
2305 8
2306 12
2307 6
2308 6
2309 7
2310 14
2311 6
2312 6
2313 8
2314 11
2315 5
2316 9
2317 10
2318 12
2319 9
2320 13
2321 16
2322 12
2323 8
2324 12
2325 5
2326 10
2327 6
2328 10
2329 9
2330 11
2331 11
2332 4
2333 12
2334 10
2335 6
2336 12
2337 7
2338 11
2339 7
2340 7
2341 5
2342 3
2343 8
2344 11
2345 9
2346 11
2347 12
2348 12
2349 6
2350 10
2351 10
2352 12
2353 9
2354 14
2355 9
2356 9
2357 11
2358 15
2359 10
2360 6
2361 12
2362 12
2363 13
2364 11
2365 9
2366 7
2367 9
2368 7
2369 7
2370 10
2371 9
2372 12
2373 9
2374 7
2375 8
2376 8
2377 14
2378 6
2379 9
2380 10
2381 13
2382 10
2383 10
2384 13
2385 8
2386 7
2387 11
2388 13
2389 6
2390 9
2391 11
2392 12
2393 9
2394 13
2395 4
2396 9
2397 10
2398 9
2399 11
2400 6
2401 7
2402 8
2403 11
2404 12
2405 6
2406 5
2407 7
2408 6
2409 10
2410 11
2411 11
2412 10
2413 6
2414 8
2415 10
2416 11
2417 4
2418 12
2419 10
2420 6
2421 6
2422 8
2423 8
2424 6
2425 4
2426 8
2427 9
2428 6
2429 8
2430 7
2431 11
2432 5
2433 9
2434 10
2435 9
2436 12
2437 7
2438 12
2439 8
2440 5
2441 10
2442 9
2443 12
2444 10
2445 12
2446 13
2447 7
2448 10
2449 12
2450 10
2451 6
2452 9
2453 9
2454 9
2455 10
2456 7
2457 8
2458 6
2459 7
2460 6
2461 4
2462 7
2463 11
2464 4
2465 11
2466 5
2467 6
2468 7
2469 12
2470 9
2471 13
2472 13
2473 8
2474 4
2475 7
2476 8
2477 12
2478 7
2479 8
2480 10
2481 8
2482 9
2483 11
2484 7
2485 7
2486 6
2487 7
2488 10
2489 3
2490 4
2491 15
2492 7
2493 13
2494 11
2495 12
2496 11
2497 10
2498 7
2499 11
2500 7
2501 12
2502 5
2503 10
2504 8
2505 7
2506 12
2507 7
2508 7
2509 7
2510 8
2511 11
2512 13
2513 4
2514 10
2515 9
2516 13
2517 7
2518 10
2519 9
2520 9
2521 10
2522 6
2523 7
2524 9
2525 6
2526 10
2527 9
2528 12
2529 11
2530 13
2531 9
2532 8
2533 9
2534 10
2535 6
2536 7
2537 7
2538 9
2539 10
2540 8
2541 11
2542 11
2543 12
2544 6
2545 10
2546 9
2547 9
2548 8
2549 12
2550 6
2551 8
2552 12
2553 5
2554 9
2555 11
2556 6
2557 8
2558 10
2559 9
2560 10
2561 7
2562 10
2563 5
2564 14
2565 8
2566 12
2567 11
2568 11
2569 11
2570 5
2571 11
2572 10
2573 8
2574 10
2575 12
2576 11
2577 7
2578 8
2579 9
2580 9
2581 7
2582 9
2583 8
2584 8
2585 11
2586 14
2587 11
2588 3
2589 10
2590 15
2591 7
2592 14
2593 8
2594 9
2595 16
2596 2
2597 11
2598 3
2599 11
2600 9
2601 11
2602 5
2603 14
2604 12
2605 11
2606 10
2607 10
2608 12
2609 15
2610 11
2611 7
2612 8
2613 8
2614 11
2615 7
2616 7
2617 9
2618 8
2619 7
2620 9
2621 14
2622 11
2623 10
2624 9
2625 10
2626 11
2627 5
2628 13
2629 4
2630 7
2631 17
2632 11
2633 3
2634 9
2635 12
2636 10
2637 9
2638 6
2639 6
2640 11
2641 10
2642 9
2643 5
2644 8
2645 7
2646 6
2647 11
2648 9
2649 15
2650 8
2651 8
2652 7
2653 14
2654 12
2655 10
2656 15
2657 6
2658 6
2659 9
2660 6
2661 8
2662 7
2663 6
2664 9
2665 12
2666 7
2667 10
2668 7
2669 6
2670 7
2671 8
2672 12
2673 8
2674 10
2675 6
2676 13
2677 11
2678 9
2679 16
2680 8
2681 10
2682 14
2683 8
2684 12
2685 11
2686 8
2687 8
2688 12
2689 9
2690 6
2691 10
2692 14
2693 5
2694 11
2695 8
2696 10
2697 14
2698 11
2699 11
2700 6
2701 7
2702 11
2703 7
2704 14
2705 8
2706 7
2707 7
2708 9
2709 11
2710 6
2711 9
2712 12
2713 16
2714 13
2715 9
2716 5
2717 9
2718 10
2719 11
2720 8
2721 9
2722 16
2723 4
2724 11
2725 9
2726 10
2727 10
2728 10
2729 12
2730 7
2731 13
2732 5
2733 5
2734 5
2735 5
2736 9
2737 5
2738 11
2739 12
2740 10
2741 7
2742 11
2743 6
2744 5
2745 13
2746 5
2747 9
2748 12
2749 7
2750 16
2751 9
2752 14
2753 10
2754 4
2755 10
2756 11
2757 8
2758 9
2759 8
2760 12
2761 7
2762 12
2763 8
2764 11
2765 7
2766 11
2767 12
2768 13
2769 12
2770 12
2771 12
2772 8
2773 7
2774 7
2775 10
2776 10
2777 7
2778 9
2779 13
2780 10
2781 6
2782 4
2783 3
2784 15
2785 7
2786 10
2787 11
2788 10
2789 6
2790 11
2791 9
2792 11
2793 12
2794 9
2795 14
2796 13
2797 7
2798 10
2799 11
2800 11
2801 9
2802 10
2803 7
2804 7
2805 7
2806 8
2807 6
2808 3
2809 13
2810 7
2811 13
2812 12
2813 4
2814 15
2815 13
2816 10
2817 11
2818 9
2819 5
2820 11
2821 8
2822 7
2823 11
2824 12
2825 12
2826 8
2827 14
2828 6
2829 8
2830 9
2831 8
2832 9
2833 3
2834 7
2835 10
2836 6
2837 5
2838 10
2839 11
2840 11
2841 12
2842 9
2843 7
2844 10
2845 6
2846 6
2847 10
2848 11
2849 11
2850 13
2851 11
2852 6
2853 6
2854 5
2855 6
2856 9
2857 12
2858 8
2859 11
2860 6
2861 9
2862 7
2863 8
2864 7
2865 10
2866 3
2867 13
2868 9
2869 8
2870 13
2871 4
2872 12
2873 5
2874 7
2875 8
2876 10
2877 9
2878 10
2879 10
2880 13
2881 7
2882 11
2883 6
2884 4
2885 10
2886 11
2887 12
2888 10
2889 17
2890 10
2891 4
2892 7
2893 16
2894 11
2895 9
2896 7
2897 13
2898 9
2899 10
2900 8
2901 6
2902 8
2903 7
2904 9
2905 8
2906 12
2907 9
2908 9
2909 8
2910 12
2911 7
2912 9
2913 10
2914 13
2915 11
2916 10
2917 15
2918 10
2919 8
2920 9
2921 9
2922 11
2923 8
2924 10
2925 10
2926 11
2927 10
2928 7
2929 10
2930 13
2931 3
2932 14
2933 6
2934 11
2935 13
2936 8
2937 10
2938 14
2939 9
2940 10
2941 9
2942 6
2943 10
2944 11
2945 5
2946 8
2947 4
2948 9
2949 10
2950 6
2951 10
2952 12
2953 12
2954 7
2955 8
2956 5
2957 9
2958 8
2959 10
2960 8
2961 9
2962 10
2963 5
2964 9
2965 13
2966 12
2967 10
2968 8
2969 7
2970 10
2971 10
2972 8
2973 4
2974 11
2975 5
2976 8
2977 6
2978 7
2979 8
2980 9
2981 9
2982 7
2983 9
2984 8
2985 8
2986 8
2987 9
2988 5
2989 11
2990 6
2991 8
2992 11
2993 10
2994 10
2995 7
2996 11
2997 8
2998 11
2999 8
3000 7
3001 11
3002 8
3003 9
3004 9
3005 14
3006 8
3007 6
3008 7
3009 8
3010 10
3011 10
3012 8
3013 8
3014 14
3015 7
3016 9
3017 12
3018 13
3019 10
3020 7
3021 11
3022 10
3023 9
3024 12
3025 11
3026 11
3027 7
3028 8
3029 13
3030 9
3031 9
3032 9
3033 9
3034 11
3035 7
3036 13
3037 12
3038 10
3039 9
3040 10
3041 8
3042 6
3043 7
3044 14
3045 13
3046 9
3047 7
3048 8
3049 5
3050 11
3051 10
3052 12
3053 7
3054 8
3055 9
3056 10
3057 10
3058 10
3059 10
3060 13
3061 10
3062 14
3063 4
3064 11
3065 12
3066 13
3067 11
3068 8
3069 10
3070 10
3071 8
3072 8
3073 7
3074 10
3075 11
3076 6
3077 14
3078 15
3079 7
3080 6
3081 9
3082 10
3083 8
3084 8
3085 14
3086 9
3087 10
3088 4
3089 3
3090 8
3091 8
3092 9
3093 9
3094 11
3095 8
3096 8
3097 4
3098 11
3099 8
3100 5
3101 8
3102 8
3103 11
3104 9
3105 5
3106 12
3107 9
3108 6
3109 11
3110 15
3111 3
3112 10
3113 14
3114 16
3115 9
3116 8
3117 7
3118 7
3119 9
3120 8
3121 4
3122 9
3123 13
3124 10
3125 10
3126 12
3127 10
3128 10
3129 9
3130 7
3131 10
3132 8
3133 11
3134 10
3135 11
3136 11
3137 9
3138 11
3139 10
3140 13
3141 10
3142 5
3143 6
3144 4
3145 14
3146 9
3147 9
3148 6
3149 6
3150 12
3151 10
3152 12
3153 6
3154 15
3155 3
3156 7
3157 6
3158 14
3159 13
3160 9
3161 10
3162 9
3163 10
3164 16
3165 6
3166 7
3167 10
3168 8
3169 11
3170 9
3171 8
3172 8
3173 9
3174 9
3175 8
3176 5
3177 7
3178 12
3179 9
3180 9
3181 5
3182 9
3183 10
3184 12
3185 7
3186 12
3187 16
3188 10
3189 7
3190 12
3191 9
3192 4
3193 5
3194 9
3195 7
3196 10
3197 8
3198 12
3199 11
3200 4
3201 9
3202 12
3203 12
3204 7
3205 6
3206 4
3207 12
3208 6
3209 11
3210 12
3211 8
3212 7
3213 11
3214 11
3215 9
3216 14
3217 7
3218 6
3219 11
3220 12
3221 4
3222 12
3223 9
3224 17
3225 10
3226 13
3227 10
3228 5
3229 15
3230 10
3231 11
3232 11
3233 5
3234 7
3235 7
3236 13
3237 8
3238 16
3239 13
3240 8
3241 6
3242 9
3243 9
3244 9
3245 9
3246 10
3247 13
3248 12
3249 15
3250 12
3251 19
3252 12
3253 12
3254 10
3255 18
3256 9
3257 13
3258 13
3259 14
3260 9
3261 8
3262 8
3263 9
3264 8
3265 9
3266 11
3267 13
3268 8
3269 9
3270 9
3271 5
3272 8
3273 8
3274 8
3275 6
3276 10
3277 7
3278 13
3279 8
3280 12
3281 8
3282 6
3283 5
3284 9
3285 13
3286 11
3287 9
3288 8
3289 15
3290 7
3291 11
3292 12
3293 8
3294 10
3295 7
3296 12
3297 11
3298 8
3299 8
3300 13
3301 10
3302 15
3303 9
3304 10
3305 14
3306 10
3307 7
3308 13
3309 9
3310 10
3311 11
3312 8
3313 10
3314 9
3315 3
3316 6
3317 7
3318 12
3319 10
3320 17
3321 4
3322 10
3323 8
3324 13
3325 5
3326 6
3327 15
3328 6
3329 10
3330 12
3331 8
3332 12
3333 12
3334 9
3335 11
3336 15
3337 8
3338 8
3339 8
3340 7
3341 4
3342 12
3343 12
3344 10
3345 10
3346 10
3347 11
3348 8
3349 15
3350 10
3351 7
3352 8
3353 8
3354 9
3355 10
3356 13
3357 7
3358 11
3359 14
3360 13
3361 7
3362 13
3363 9
3364 11
3365 9
3366 10
3367 10
3368 6
3369 7
3370 9
3371 4
3372 8
3373 11
3374 13
3375 12
3376 11
3377 13
3378 11
3379 8
3380 6
3381 8
3382 9
3383 12
3384 9
3385 10
3386 11
3387 5
3388 7
3389 15
3390 9
3391 4
3392 10
3393 10
3394 6
3395 8
3396 11
3397 8
3398 11
3399 11
3400 12
3401 11
3402 5
3403 12
3404 13
3405 12
3406 9
3407 13
3408 11
3409 6
3410 7
3411 9
3412 11
3413 12
3414 10
3415 18
3416 12
3417 11
3418 11
3419 8
3420 12
3421 10
3422 7
3423 10
3424 7
3425 6
3426 11
3427 7
3428 10
3429 8
3430 10
3431 9
3432 9
3433 10
3434 13
3435 12
3436 10
3437 13
3438 9
3439 6
3440 13
3441 10
3442 7
3443 9
3444 10
3445 10
3446 6
3447 4
3448 9
3449 12
3450 5
3451 4
3452 12
3453 10
3454 12
3455 13
3456 10
3457 8
3458 11
3459 16
3460 11
3461 14
3462 7
3463 8
3464 12
3465 10
3466 11
3467 9
3468 6
3469 11
3470 6
3471 9
3472 11
3473 9
3474 3
3475 8
3476 6
3477 13
3478 10
3479 11
3480 9
3481 13
3482 4
3483 12
3484 10
3485 16
3486 5
3487 11
3488 8
3489 18
3490 9
3491 8
3492 7
3493 14
3494 6
3495 8
3496 12
3497 10
3498 10
3499 11
3500 11
3501 5
3502 8
3503 8
3504 8
3505 11
3506 9
3507 14
3508 6
3509 8
3510 14
3511 5
3512 9
3513 10
3514 13
3515 10
3516 12
3517 8
3518 5
3519 14
3520 10
3521 8
3522 9
3523 12
3524 9
3525 6
3526 13
3527 13
3528 11
3529 9
3530 9
3531 10
3532 8
3533 9
3534 12
3535 10
3536 7
3537 12
3538 12
3539 7
3540 20
3541 8
3542 9
3543 8
3544 11
3545 8
3546 7
3547 7
3548 9
3549 11
3550 8
3551 6
3552 12
3553 11
3554 14
3555 14
3556 14
3557 9
3558 7
3559 10
3560 13
3561 5
3562 5
3563 8
3564 6
3565 9
3566 13
3567 10
3568 9
3569 12
3570 10
3571 6
3572 4
3573 15
3574 4
3575 9
3576 13
3577 7
3578 12
3579 10
3580 7
3581 10
3582 7
3583 13
3584 9
3585 12
3586 10
3587 10
3588 11
3589 10
3590 13
3591 11
3592 7
3593 8
3594 10
3595 7
3596 14
3597 11
3598 9
3599 11
3600 6
3601 9
3602 11
3603 11
3604 12
3605 15
3606 12
3607 9
3608 14
3609 10
3610 12
3611 11
3612 11
3613 4
3614 7
3615 13
3616 9
3617 8
3618 12
3619 11
3620 12
3621 11
3622 11
3623 11
3624 10
3625 7
3626 15
3627 9
3628 9
3629 14
3630 12
3631 15
3632 11
3633 8
3634 7
3635 6
3636 7
3637 11
3638 5
3639 10
3640 13
3641 12
3642 9
3643 8
3644 7
3645 11
3646 13
3647 6
3648 5
3649 8
3650 8
3651 9
3652 13
3653 11
3654 13
3655 6
3656 9
3657 6
3658 8
3659 9
3660 8
3661 9
3662 3
3663 7
3664 14
3665 8
3666 10
3667 4
3668 4
3669 15
3670 9
3671 10
3672 18
3673 10
3674 8
3675 12
3676 6
3677 11
3678 6
3679 9
3680 9
3681 13
3682 10
3683 4
3684 8
3685 9
3686 11
3687 9
3688 7
3689 9
3690 11
3691 6
3692 10
3693 11
3694 6
3695 13
3696 9
3697 8
3698 9
3699 9
3700 10
3701 13
3702 9
3703 7
3704 11
3705 8
3706 15
3707 9
3708 16
3709 12
3710 7
3711 8
3712 10
3713 7
3714 11
3715 9
3716 7
3717 10
3718 8
3719 8
3720 11
3721 10
3722 2
3723 6
3724 13
3725 6
3726 15
3727 10
3728 9
3729 11
3730 6
3731 15
3732 9
3733 10
3734 7
3735 8
3736 5
3737 13
3738 11
3739 14
3740 12
3741 7
3742 13
3743 9
3744 12
3745 10
3746 12
3747 8
3748 11
3749 10
3750 7
3751 10
3752 7
3753 6
3754 10
3755 13
3756 11
3757 14
3758 8
3759 11
3760 12
3761 9
3762 12
3763 9
3764 9
3765 7
3766 10
3767 10
3768 15
3769 18
3770 11
3771 10
3772 10
3773 11
3774 7
3775 9
3776 11
3777 9
3778 9
3779 7
3780 6
3781 5
3782 4
3783 7
3784 11
3785 9
3786 8
3787 9
3788 10
3789 8
3790 13
3791 8
3792 14
3793 6
3794 10
3795 12
3796 14
3797 7
3798 10
3799 10
3800 7
3801 6
3802 11
3803 11
3804 8
3805 6
3806 10
3807 7
3808 8
3809 11
3810 5
3811 15
3812 8
3813 5
3814 8
3815 13
3816 6
3817 13
3818 10
3819 8
3820 8
3821 11
3822 9
3823 8
3824 11
3825 8
3826 8
3827 6
3828 15
3829 8
3830 7
3831 13
3832 14
3833 4
3834 9
3835 8
3836 9
3837 10
3838 9
3839 8
3840 6
3841 5
3842 8
3843 9
3844 8
3845 10
3846 11
3847 5
3848 9
3849 7
3850 9
3851 12
3852 10
3853 9
3854 10
3855 6
3856 14
3857 9
3858 12
3859 10
3860 15
3861 8
3862 9
3863 15
3864 8
3865 10
3866 11
3867 7
3868 11
3869 7
3870 10
3871 9
3872 8
3873 7
3874 9
3875 12
3876 7
3877 13
3878 8
3879 10
3880 14
3881 13
3882 12
3883 2
3884 12
3885 12
3886 11
3887 7
3888 10
3889 13
3890 7
3891 7
3892 8
3893 4
3894 11
3895 10
3896 7
3897 11
3898 8
3899 10
3900 10
3901 6
3902 11
3903 7
3904 6
3905 11
3906 8
3907 11
3908 3
3909 12
3910 9
3911 8
3912 5
3913 8
3914 8
3915 8
3916 10
3917 13
3918 12
3919 10
3920 12
3921 10
3922 9
3923 11
3924 9
3925 7
3926 9
3927 11
3928 16
3929 20
3930 12
3931 12
3932 5
3933 10
3934 11
3935 7
3936 13
3937 9
3938 10
3939 5
3940 11
3941 9
3942 11
3943 11
3944 12
3945 13
3946 9
3947 9
3948 7
3949 12
3950 6
3951 6
3952 9
3953 14
3954 12
3955 14
3956 9
3957 13
3958 10
3959 8
3960 12
3961 8
3962 13
3963 9
3964 7
3965 6
3966 10
3967 5
3968 5
3969 13
3970 12
3971 6
3972 12
3973 9
3974 9
3975 12
3976 8
3977 17
3978 15
3979 12
3980 7
3981 10
3982 9
3983 13
3984 7
3985 10
3986 6
3987 8
3988 12
3989 11
3990 13
3991 12
3992 10
3993 11
3994 13
3995 12
3996 6
3997 13
3998 12
3999 8
4000 11
4001 6
4002 9
4003 10
4004 12
4005 15
4006 12
4007 10
4008 10
4009 11
4010 14
4011 12
4012 15
4013 8
4014 10
4015 11
4016 8
4017 11
4018 9
4019 7
4020 13
4021 3
4022 14
4023 15
4024 10
4025 13
4026 11
4027 8
4028 11
4029 8
4030 10
4031 11
4032 17
4033 9
4034 14
4035 12
4036 6
4037 10
4038 11
4039 14
4040 9
4041 10
4042 9
4043 9
4044 12
4045 14
4046 12
4047 9
4048 11
4049 12
4050 10
4051 12
4052 8
4053 4
4054 8
4055 6
4056 12
4057 10
4058 8
4059 9
4060 7
4061 9
4062 4
4063 13
4064 10
4065 7
4066 10
4067 7
4068 8
4069 9
4070 6
4071 13
4072 10
4073 10
4074 9
4075 11
4076 10
4077 9
4078 5
4079 8
4080 8
4081 9
4082 9
4083 9
4084 17
4085 10
4086 8
4087 12
4088 16
4089 9
4090 14
4091 8
4092 9
4093 6
4094 7
4095 13
4096 6
4097 9
4098 15
4099 10
4100 7
4101 13
4102 7
4103 9
4104 12
4105 15
4106 11
4107 14
4108 12
4109 7
4110 7
4111 5
4112 10
4113 9
4114 9
4115 7
4116 12
4117 6
4118 7
4119 11
4120 6
4121 6
4122 16
4123 12
4124 8
4125 7
4126 10
4127 9
4128 9
4129 8
4130 8
4131 6
4132 10
4133 9
4134 15
4135 9
4136 8
4137 13
4138 14
4139 12
4140 7
4141 8
4142 3
4143 9
4144 8
4145 9
4146 10
4147 16
4148 10
4149 7
4150 14
4151 11
4152 11
4153 13
4154 13
4155 11
4156 11
4157 13
4158 7
4159 4
4160 16
4161 7
4162 14
4163 11
4164 12
4165 10
4166 10
4167 8
4168 5
4169 7
4170 10
4171 16
4172 7
4173 9
4174 12
4175 10
4176 11
4177 10
4178 14
4179 12
4180 10
4181 9
4182 10
4183 12
4184 7
4185 7
4186 9
4187 11
4188 6
4189 8
4190 9
4191 11
4192 11
4193 7
4194 7
4195 5
4196 5
4197 9
4198 12
4199 11
4200 10
4201 14
4202 10
4203 12
4204 4
4205 5
4206 7
4207 12
4208 8
4209 10
4210 11
4211 11
4212 10
4213 8
4214 12
4215 9
4216 8
4217 7
4218 14
4219 9
4220 12
4221 13
4222 13
4223 10
4224 5
4225 8
4226 18
4227 8
4228 6
4229 14
4230 13
4231 10
4232 7
4233 17
4234 9
4235 10
4236 8
4237 5
4238 6
4239 9
4240 14
4241 13
4242 15
4243 6
4244 13
4245 16
4246 9
4247 8
4248 8
4249 8
4250 15
4251 13
4252 10
4253 13
4254 11
4255 6
4256 10
4257 7
4258 8
4259 13
4260 11
4261 7
4262 12
4263 3
4264 11
4265 5
4266 10
4267 11
4268 9
4269 13
4270 11
4271 8
4272 10
4273 8
4274 15
4275 9
4276 13
4277 8
4278 9
4279 10
4280 8
4281 11
4282 10
4283 11
4284 8
4285 11
4286 9
4287 12
4288 11
4289 14
4290 9
4291 12
4292 16
4293 8
4294 12
4295 10
4296 5
4297 5
4298 11
4299 12
4300 8
4301 12
4302 14
4303 11
4304 9
4305 8
4306 11
4307 10
4308 10
4309 7
4310 8
4311 11
4312 10
4313 8
4314 8
4315 12
4316 8
4317 10
4318 8
4319 10
4320 6
4321 6
4322 7
4323 6
4324 12
4325 9
4326 6
4327 8
4328 11
4329 7
4330 10
4331 7
4332 8
4333 6
4334 16
4335 10
4336 11
4337 15
4338 14
4339 15
4340 6
4341 9
4342 15
4343 19
4344 11
4345 8
4346 4
4347 14
4348 7
4349 9
4350 7
4351 11
4352 11
4353 6
4354 12
4355 10
4356 7
4357 14
4358 9
4359 12
4360 12
4361 9
4362 9
4363 8
4364 12
4365 13
4366 5
4367 8
4368 10
4369 7
4370 9
4371 13
4372 17
4373 9
4374 8
4375 13
4376 11
4377 11
4378 3
4379 14
4380 6
4381 7
4382 13
4383 7
4384 7
4385 13
4386 17
4387 7
4388 5
4389 11
4390 10
4391 9
4392 10
4393 8
4394 8
4395 11
4396 8
4397 5
4398 16
4399 9
4400 10
4401 10
4402 3
4403 9
4404 11
4405 10
4406 9
4407 8
4408 7
4409 8
4410 12
4411 15
4412 9
4413 8
4414 13
4415 10
4416 7
4417 11
4418 16
4419 13
4420 9
4421 16
4422 12
4423 14
4424 11
4425 11
4426 4
4427 6
4428 6
4429 12
4430 12
4431 6
4432 13
4433 7
4434 13
4435 13
4436 10
4437 10
4438 10
4439 9
4440 7
4441 6
4442 7
4443 8
4444 15
4445 14
4446 10
4447 9
4448 11
4449 10
4450 9
4451 7
4452 7
4453 9
4454 9
4455 7
4456 6
4457 5
4458 12
4459 10
4460 4
4461 9
4462 7
4463 9
4464 8
4465 13
4466 9
4467 5
4468 12
4469 13
4470 4
4471 12
4472 12
4473 18
4474 8
4475 10
4476 11
4477 7
4478 14
4479 9
4480 5
4481 13
4482 9
4483 6
4484 13
4485 10
4486 10
4487 5
4488 9
4489 9
4490 10
4491 10
4492 10
4493 7
4494 10
4495 12
4496 8
4497 6
4498 8
4499 7
4500 8
4501 4
4502 8
4503 13
4504 9
4505 8
4506 10
4507 12
4508 11
4509 15
4510 16
4511 14
4512 8
4513 7
4514 6
4515 12
4516 17
4517 9
4518 9
4519 11
4520 14
4521 11
4522 11
4523 9
4524 10
4525 8
4526 12
4527 10
4528 4
4529 7
4530 10
4531 12
4532 14
4533 9
4534 14
4535 9
4536 11
4537 8
4538 8
4539 9
4540 11
4541 11
4542 11
4543 8
4544 8
4545 13
4546 5
4547 7
4548 11
4549 8
4550 10
4551 14
4552 11
4553 14
4554 12
4555 12
4556 11
4557 14
4558 13
4559 14
4560 10
4561 9
4562 7
4563 9
4564 11
4565 8
4566 5
4567 10
4568 5
4569 7
4570 11
4571 11
4572 8
4573 10
4574 12
4575 7
4576 4
4577 10
4578 10
4579 14
4580 8
4581 9
4582 12
4583 8
4584 8
4585 12
4586 7
4587 4
4588 13
4589 12
4590 13
4591 11
4592 11
4593 9
4594 9
4595 10
4596 7
4597 13
4598 9
4599 9
4600 10
4601 6
4602 10
4603 7
4604 10
4605 13
4606 9
4607 9
4608 14
4609 12
4610 11
4611 8
4612 9
4613 7
4614 5
4615 9
4616 12
4617 8
4618 6
4619 12
4620 13
4621 10
4622 10
4623 9
4624 13
4625 8
4626 10
4627 9
4628 7
4629 12
4630 7
4631 14
4632 6
4633 9
4634 6
4635 10
4636 11
4637 8
4638 14
4639 12
4640 12
4641 16
4642 11
4643 11
4644 8
4645 11
4646 10
4647 12
4648 8
4649 11
4650 11
4651 6
4652 8
4653 11
4654 5
4655 11
4656 7
4657 8
4658 13
4659 7
4660 8
4661 10
4662 11
4663 9
4664 15
4665 12
4666 12
4667 8
4668 15
4669 6
4670 9
4671 9
4672 13
4673 6
4674 8
4675 9
4676 9
4677 10
4678 11
4679 10
4680 13
4681 9
4682 11
4683 6
4684 9
4685 8
4686 8
4687 4
4688 8
4689 9
4690 12
4691 11
4692 10
4693 10
4694 11
4695 8
4696 13
4697 11
4698 9
4699 10
4700 14
4701 11
4702 9
4703 12
4704 9
4705 8
4706 8
4707 6
4708 5
4709 11
4710 10
4711 7
4712 10
4713 8
4714 6
4715 6
4716 9
4717 10
4718 8
4719 11
4720 9
4721 15
4722 12
4723 16
4724 12
4725 5
4726 14
4727 10
4728 10
4729 13
4730 11
4731 12
4732 14
4733 10
4734 2
4735 18
4736 7
4737 14
4738 10
4739 12
4740 11
4741 9
4742 8
4743 2
4744 8
4745 12
4746 5
4747 9
4748 7
4749 10
4750 11
4751 9
4752 10
4753 8
4754 9
4755 9
4756 8
4757 9
4758 8
4759 7
4760 5
4761 11
4762 10
4763 11
4764 14
4765 11
4766 10
4767 13
4768 10
4769 12
4770 3
4771 6
4772 8
4773 12
4774 17
4775 11
4776 12
4777 15
4778 11
4779 10
4780 14
4781 9
4782 13
4783 9
4784 10
4785 8
4786 19
4787 15
4788 10
4789 8
4790 8
4791 11
4792 10
4793 11
4794 10
4795 9
4796 13
4797 12
4798 7
4799 12
4800 10
4801 9
4802 10
4803 11
4804 8
4805 6
4806 6
4807 10
4808 10
4809 13
4810 16
4811 5
4812 7
4813 5
4814 6
4815 9
4816 11
4817 9
4818 11
4819 7
4820 14
4821 4
4822 8
4823 7
4824 8
4825 6
4826 9
4827 8
4828 12
4829 10
4830 20
4831 8
4832 16
4833 8
4834 8
4835 10
4836 9
4837 9
4838 12
4839 12
4840 7
4841 8
4842 9
4843 7
4844 8
4845 13
4846 10
4847 5
4848 11
4849 14
4850 8
4851 10
4852 6
4853 11
4854 15
4855 7
4856 11
4857 8
4858 13
4859 11
4860 6
4861 16
4862 11
4863 8
4864 7
4865 9
4866 8
4867 13
4868 10
4869 10
4870 12
4871 4
4872 10
4873 11
4874 7
4875 12
4876 11
4877 8
4878 8
4879 7
4880 10
4881 10
4882 13
4883 9
4884 12
4885 8
4886 11
4887 10
4888 16
4889 8
4890 13
4891 10
4892 11
4893 9
4894 7
4895 12
4896 12
4897 9
4898 11
4899 12
4900 10
4901 10
4902 11
4903 12
4904 11
4905 9
4906 7
4907 12
4908 7
4909 11
4910 11
4911 10
4912 10
4913 7
4914 10
4915 9
4916 11
4917 9
4918 9
4919 9
4920 11
4921 9
4922 12
4923 10
4924 9
4925 10
4926 7
4927 11
4928 10
4929 10
4930 11
4931 14
4932 12
4933 5
4934 12
4935 9
4936 12
4937 11
4938 16
4939 9
4940 11
4941 12
4942 12
4943 10
4944 10
4945 16
4946 12
4947 5
4948 10
4949 9
4950 8
4951 5
4952 8
4953 12
4954 9
4955 9
4956 6
4957 14
4958 13
4959 12
4960 10
4961 5
4962 9
4963 8
4964 13
4965 17
4966 11
4967 11
4968 15
4969 8
4970 9
4971 8
4972 8
4973 12
4974 10
4975 8
4976 13
4977 6
4978 10
4979 10
4980 13
4981 12
4982 12
4983 17
4984 9
4985 8
4986 10
4987 10
4988 7
4989 9
4990 9
4991 8
4992 12
4993 15
4994 7
4995 15
4996 13
4997 12
4998 13
4999 8
5000 12
5001 11
5002 10
5003 11
5004 9
5005 9
5006 11
5007 8
5008 11
5009 9
5010 7
5011 12
5012 17
5013 12
5014 8
5015 11
5016 9
5017 12
5018 11
5019 8
5020 13
5021 11
5022 6
5023 12
5024 11
5025 9
5026 11
5027 9
5028 15
5029 16
5030 10
5031 10
5032 12
5033 9
5034 9
5035 13
5036 4
5037 11
5038 10
5039 12
5040 6
5041 8
5042 9
5043 10
5044 13
5045 9
5046 16
5047 14
5048 9
5049 8
5050 12
5051 9
5052 10
5053 7
5054 9
5055 9
5056 9
5057 11
5058 9
5059 6
5060 12
5061 7
5062 7
5063 14
5064 10
5065 13
5066 9
5067 9
5068 12
5069 9
5070 15
5071 16
5072 7
5073 16
5074 18
5075 13
5076 15
5077 11
5078 12
5079 10
5080 14
5081 9
5082 9
5083 7
5084 12
5085 13
5086 6
5087 10
5088 13
5089 11
5090 8
5091 7
5092 16
5093 3
5094 8
5095 15
5096 7
5097 8
5098 8
5099 9
5100 6
5101 12
5102 12
5103 8
5104 8
5105 7
5106 5
5107 10
5108 9
5109 5
5110 11
5111 11
5112 14
5113 10
5114 11
5115 9
5116 7
5117 8
5118 10
5119 17
5120 10
5121 11
5122 7
5123 9
5124 6
5125 11
5126 8
5127 6
5128 10
5129 10
5130 11
5131 8
5132 5
5133 12
5134 14
5135 9
5136 6
5137 10
5138 11
5139 12
5140 10
5141 11
5142 11
5143 11
5144 7
5145 13
5146 12
5147 15
5148 16
5149 12
5150 11
5151 15
5152 13
5153 6
5154 10
5155 9
5156 9
5157 9
5158 10
5159 16
5160 11
5161 9
5162 17
5163 3
5164 10
5165 6
5166 9
5167 10
5168 10
5169 8
5170 10
5171 11
5172 7
5173 14
5174 9
5175 12
5176 14
5177 14
5178 9
5179 9
5180 7
5181 5
5182 9
5183 14
5184 11
5185 12
5186 10
5187 8
5188 11
5189 13
5190 8
5191 7
5192 13
5193 9
5194 10
5195 8
5196 7
5197 9
5198 9
5199 9
5200 11
5201 15
5202 14
5203 12
5204 7
5205 14
5206 8
5207 8
5208 10
5209 13
5210 6
5211 12
5212 12
5213 9
5214 12
5215 15
5216 8
5217 11
5218 7
5219 11
5220 10
5221 7
5222 9
5223 8
5224 13
5225 13
5226 14
5227 10
5228 6
5229 12
5230 7
5231 11
5232 8
5233 11
5234 13
5235 10
5236 9
5237 4
5238 11
5239 9
5240 10
5241 9
5242 8
5243 7
5244 8
5245 8
5246 12
5247 7
5248 10
5249 7
5250 13
5251 10
5252 9
5253 9
5254 9
5255 6
5256 8
5257 20
5258 8
5259 9
5260 12
5261 13
5262 7
5263 13
5264 7
5265 9
5266 6
5267 7
5268 7
5269 14
5270 12
5271 10
5272 14
5273 9
5274 9
5275 12
5276 10
5277 8
5278 15
5279 9
5280 15
5281 8
5282 7
5283 7
5284 8
5285 11
5286 11
5287 11
5288 13
5289 13
5290 6
5291 12
5292 11
5293 12
5294 10
5295 8
5296 15
5297 7
5298 7
5299 12
5300 10
5301 7
5302 8
5303 12
5304 10
5305 8
5306 8
5307 12
5308 12
5309 13
5310 13
5311 6
5312 7
5313 17
5314 13
5315 12
5316 11
5317 14
5318 10
5319 7
5320 9
5321 11
5322 16
5323 8
5324 11
5325 8
5326 7
5327 6
5328 10
5329 12
5330 8
5331 4
5332 10
5333 9
5334 10
5335 16
5336 11
5337 11
5338 6
5339 11
5340 8
5341 6
5342 12
5343 8
5344 8
5345 15
5346 8
5347 10
5348 14
5349 7
5350 8
5351 11
5352 7
5353 8
5354 13
5355 12
5356 7
5357 9
5358 12
5359 10
5360 11
5361 18
5362 10
5363 3
5364 4
5365 10
5366 11
5367 12
5368 13
5369 12
5370 8
5371 7
5372 12
5373 9
5374 7
5375 13
5376 4
5377 9
5378 14
5379 14
5380 15
5381 10
5382 7
5383 12
5384 7
5385 12
5386 9
5387 13
5388 11
5389 14
5390 10
5391 11
5392 11
5393 11
5394 11
5395 9
5396 11
5397 12
5398 12
5399 11
5400 10
5401 11
5402 8
5403 11
5404 8
5405 10
5406 9
5407 14
5408 11
5409 9
5410 9
5411 12
5412 13
5413 11
5414 11
5415 13
5416 13
5417 7
5418 11
5419 11
5420 11
5421 14
5422 13
5423 7
5424 10
5425 9
5426 10
5427 13
5428 9
5429 11
5430 12
5431 6
5432 11
5433 10
5434 8
5435 11
5436 16
5437 12
5438 8
5439 9
5440 14
5441 10
5442 11
5443 11
5444 10
5445 13
5446 8
5447 8
5448 18
5449 12
5450 11
5451 7
5452 10
5453 14
5454 13
5455 14
5456 13
5457 9
5458 4
5459 6
5460 13
5461 13
5462 9
5463 12
5464 13
5465 13
5466 9
5467 10
5468 5
5469 9
5470 10
5471 6
5472 14
5473 7
5474 14
5475 7
5476 9
5477 11
5478 12
5479 12
5480 11
5481 10
5482 7
5483 7
5484 13
5485 12
5486 9
5487 8
5488 8
5489 16
5490 6
5491 9
5492 11
5493 12
5494 8
5495 14
5496 7
5497 6
5498 8
5499 12
5500 11
5501 14
5502 13
5503 15
5504 10
5505 11
5506 13
5507 14
5508 13
5509 9
5510 14
5511 9
5512 10
5513 5
5514 7
5515 11
5516 8
5517 9
5518 9
5519 11
5520 13
5521 9
5522 7
5523 8
5524 12
5525 17
5526 11
5527 12
5528 6
5529 11
5530 10
5531 8
5532 10
5533 16
5534 11
5535 10
5536 12
5537 9
5538 12
5539 6
5540 10
5541 12
5542 12
5543 12
5544 12
5545 12
5546 10
5547 7
5548 14
5549 9
5550 10
5551 12
5552 11
5553 9
5554 8
5555 9
5556 10
5557 7
5558 11
5559 10
5560 9
5561 10
5562 14
5563 13
5564 11
5565 8
5566 12
5567 9
5568 11
5569 14
5570 8
5571 14
5572 6
5573 7
5574 9
5575 13
5576 8
5577 12
5578 16
5579 14
5580 19
5581 10
5582 11
5583 8
5584 5
5585 14
5586 8
5587 7
5588 12
5589 12
5590 16
5591 7
5592 7
5593 10
5594 9
5595 15
5596 10
5597 7
5598 6
5599 12
5600 14
5601 5
5602 12
5603 9
5604 7
5605 16
5606 10
5607 7
5608 15
5609 12
5610 11
5611 9
5612 4
5613 10
5614 6
5615 5
5616 10
5617 10
5618 10
5619 11
5620 15
5621 11
5622 11
5623 12
5624 15
5625 12
5626 12
5627 10
5628 12
5629 9
5630 7
5631 5
5632 6
5633 12
5634 12
5635 11
5636 11
5637 11
5638 7
5639 10
5640 11
5641 11
5642 9
5643 12
5644 11
5645 12
5646 10
5647 10
5648 5
5649 12
5650 11
5651 8
5652 9
5653 9
5654 11
5655 10
5656 8
5657 15
5658 12
5659 9
5660 9
5661 6
5662 12
5663 9
5664 11
5665 18
5666 12
5667 11
5668 10
5669 10
5670 11
5671 14
5672 8
5673 11
5674 6
5675 10
5676 10
5677 14
5678 10
5679 11
5680 13
5681 10
5682 7
5683 9
5684 11
5685 12
5686 8
5687 7
5688 11
5689 9
5690 6
5691 9
5692 8
5693 9
5694 7
5695 15
5696 10
5697 10
5698 8
5699 10
5700 11
5701 6
5702 7
5703 10
5704 10
5705 15
5706 10
5707 8
5708 11
5709 7
5710 13
5711 4
5712 6
5713 8
5714 9
5715 8
5716 10
5717 6
5718 14
5719 12
5720 8
5721 7
5722 12
5723 13
5724 8
5725 14
5726 10
5727 7
5728 12
5729 9
5730 10
5731 15
5732 16
5733 9
5734 4
5735 11
5736 19
5737 16
5738 12
5739 7
5740 11
5741 10
5742 11
5743 8
5744 8
5745 8
5746 8
5747 10
5748 12
5749 8
5750 3
5751 11
5752 12
5753 9
5754 11
5755 11
5756 6
5757 5
5758 10
5759 7
5760 11
5761 10
5762 7
5763 14
5764 10
5765 10
5766 7
5767 14
5768 8
5769 7
5770 4
5771 8
5772 9
5773 13
5774 11
5775 10
5776 10
5777 10
5778 12
5779 9
5780 8
5781 10
5782 10
5783 8
5784 11
5785 6
5786 10
5787 15
5788 7
5789 15
5790 12
5791 13
5792 11
5793 6
5794 4
5795 14
5796 11
5797 9
5798 5
5799 10
5800 14
5801 16
5802 9
5803 12
5804 15
5805 8
5806 11
5807 11
5808 19
5809 15
5810 5
5811 7
5812 8
5813 9
5814 5
5815 10
5816 11
5817 9
5818 14
5819 10
5820 11
5821 11
5822 6
5823 7
5824 16
5825 8
5826 14
5827 16
5828 9
5829 8
5830 11
5831 14
5832 8
5833 5
5834 11
5835 13
5836 8
5837 11
5838 9
5839 15
5840 11
5841 11
5842 15
5843 10
5844 4
5845 10
5846 14
5847 9
5848 8
5849 15
5850 14
5851 8
5852 9
5853 4
5854 12
5855 14
5856 14
5857 9
5858 11
5859 6
5860 8
5861 10
5862 13
5863 6
5864 9
5865 16
5866 12
5867 13
5868 17
5869 8
5870 7
5871 13
5872 9
5873 9
5874 9
5875 13
5876 16
5877 13
5878 13
5879 14
5880 11
5881 12
5882 11
5883 11
5884 10
5885 12
5886 15
5887 11
5888 10
5889 5
5890 8
5891 10
5892 5
5893 5
5894 7
5895 13
5896 11
5897 7
5898 14
5899 10
5900 11
5901 11
5902 12
5903 7
5904 9
5905 10
5906 7
5907 7
5908 9
5909 13
5910 7
5911 7
5912 9
5913 7
5914 11
5915 10
5916 11
5917 10
5918 12
5919 9
5920 9
5921 7
5922 12
5923 9
5924 12
5925 13
5926 18
5927 14
5928 9
5929 7
5930 9
5931 4
5932 10
5933 5
5934 8
5935 9
5936 6
5937 9
5938 16
5939 7
5940 12
5941 11
5942 13
5943 7
5944 6
5945 14
5946 10
5947 9
5948 15
5949 11
5950 10
5951 10
5952 12
5953 11
5954 9
5955 9
5956 10
5957 9
5958 14
5959 11
5960 9
5961 7
5962 6
5963 14
5964 10
5965 8
5966 6
5967 9
5968 6
5969 12
5970 15
5971 9
5972 11
5973 12
5974 14
5975 8
5976 8
5977 13
5978 10
5979 9
5980 8
5981 8
5982 6
5983 11
5984 12
5985 10
5986 9
5987 9
5988 9
5989 8
5990 8
5991 7
5992 10
5993 9
5994 15
5995 12
5996 12
5997 15
5998 13
5999 14
6000 14
6001 9
6002 8
6003 6
6004 12
6005 12
6006 10
6007 10
6008 8
6009 15
6010 8
6011 7
6012 11
6013 8
6014 9
6015 9
6016 12
6017 11
6018 12
6019 6
6020 15
6021 9
6022 19
6023 10
6024 6
6025 9
6026 8
6027 12
6028 7
6029 9
6030 13
6031 10
6032 12
6033 5
6034 10
6035 10
6036 6
6037 11
6038 11
6039 7
6040 9
6041 10
6042 11
6043 14
6044 13
6045 7
6046 6
6047 6
6048 10
6049 12
6050 12
6051 14
6052 11
6053 15
6054 13
6055 6
6056 10
6057 9
6058 7
6059 11
6060 11
6061 17
6062 12
6063 10
6064 10
6065 11
6066 6
6067 15
6068 11
6069 12
6070 10
6071 5
6072 8
6073 10
6074 13
6075 11
6076 7
6077 13
6078 11
6079 17
6080 12
6081 8
6082 9
6083 11
6084 11
6085 14
6086 10
6087 12
6088 10
6089 10
6090 12
6091 13
6092 10
6093 12
6094 9
6095 9
6096 13
6097 10
6098 9
6099 7
6100 10
6101 8
6102 9
6103 11
6104 12
6105 11
6106 10
6107 6
6108 11
6109 7
6110 7
6111 21
6112 5
6113 13
6114 11
6115 15
6116 11
6117 9
6118 12
6119 5
6120 12
6121 11
6122 7
6123 9
6124 9
6125 8
6126 9
6127 7
6128 13
6129 6
6130 11
6131 16
6132 7
6133 9
6134 7
6135 10
6136 10
6137 9
6138 9
6139 17
6140 7
6141 17
6142 13
6143 6
6144 10
6145 12
6146 11
6147 6
6148 12
6149 11
6150 8
6151 11
6152 6
6153 16
6154 13
6155 8
6156 15
6157 8
6158 10
6159 14
6160 12
6161 12
6162 13
6163 13
6164 14
6165 10
6166 10
6167 5
6168 15
6169 6
6170 12
6171 13
6172 4
6173 16
6174 11
6175 7
6176 10
6177 10
6178 9
6179 10
6180 13
6181 11
6182 6
6183 8
6184 10
6185 9
6186 14
6187 5
6188 15
6189 10
6190 15
6191 10
6192 5
6193 11
6194 11
6195 14
6196 6
6197 11
6198 9
6199 11
6200 12
6201 13
6202 12
6203 9
6204 6
6205 6
6206 15
6207 11
6208 14
6209 10
6210 11
6211 7
6212 12
6213 9
6214 5
6215 6
6216 18
6217 11
6218 12
6219 14
6220 6
6221 13
6222 14
6223 11
6224 11
6225 10
6226 12
6227 6
6228 12
6229 8
6230 11
6231 12
6232 9
6233 15
6234 14
6235 12
6236 17
6237 10
6238 10
6239 10
6240 18
6241 12
6242 10
6243 10
6244 9
6245 13
6246 13
6247 5
6248 8
6249 11
6250 12
6251 10
6252 6
6253 8
6254 7
6255 11
6256 8
6257 12
6258 10
6259 10
6260 13
6261 8
6262 13
6263 7
6264 8
6265 10
6266 11
6267 12
6268 11
6269 16
6270 13
6271 4
6272 9
6273 12
6274 14
6275 11
6276 12
6277 11
6278 9
6279 12
6280 16
6281 12
6282 16
6283 7
6284 9
6285 11
6286 4
6287 12
6288 11
6289 9
6290 11
6291 7
6292 12
6293 8
6294 12
6295 11
6296 6
6297 13
6298 13
6299 15
6300 10
6301 10
6302 14
6303 13
6304 13
6305 9
6306 12
6307 11
6308 8
6309 12
6310 8
6311 6
6312 6
6313 10
6314 6
6315 9
6316 9
6317 11
6318 7
6319 9
6320 10
6321 12
6322 13
6323 10
6324 10
6325 5
6326 15
6327 11
6328 12
6329 16
6330 9
6331 8
6332 16
6333 11
6334 12
6335 8
6336 11
6337 12
6338 10
6339 10
6340 21
6341 14
6342 5
6343 9
6344 11
6345 9
6346 10
6347 16
6348 8
6349 11
6350 8
6351 16
6352 15
6353 10
6354 11
6355 12
6356 11
6357 9
6358 13
6359 10
6360 11
6361 10
6362 8
6363 5
6364 8
6365 8
6366 11
6367 11
6368 8
6369 15
6370 10
6371 13
6372 15
6373 9
6374 7
6375 10
6376 6
6377 10
6378 9
6379 13
6380 7
6381 13
6382 10
6383 3
6384 10
6385 9
6386 5
6387 11
6388 12
6389 10
6390 4
6391 9
6392 10
6393 11
6394 11
6395 10
6396 11
6397 10
6398 11
6399 6
6400 11
6401 7
6402 9
6403 13
6404 9
6405 6
6406 8
6407 10
6408 12
6409 9
6410 9
6411 12
6412 4
6413 9
6414 10
6415 15
6416 10
6417 7
6418 5
6419 9
6420 10
6421 15
6422 13
6423 14
6424 12
6425 8
6426 9
6427 8
6428 9
6429 8
6430 5
6431 6
6432 9
6433 5
6434 5
6435 8
6436 7
6437 10
6438 5
6439 16
6440 6
6441 14
6442 12
6443 11
6444 12
6445 12
6446 9
6447 11
6448 12
6449 10
6450 11
6451 12
6452 8
6453 13
6454 4
6455 8
6456 8
6457 15
6458 13
6459 13
6460 9
6461 9
6462 7
6463 10
6464 15
6465 5
6466 4
6467 11
6468 15
6469 6
6470 6
6471 11
6472 9
6473 11
6474 12
6475 7
6476 16
6477 2
6478 16
6479 14
6480 9
6481 10
6482 12
6483 6
6484 9
6485 7
6486 16
6487 12
6488 8
6489 11
6490 10
6491 5
6492 14
6493 3
6494 17
6495 10
6496 8
6497 10
6498 11
6499 14
6500 10
6501 12
6502 11
6503 12
6504 10
6505 10
6506 9
6507 9
6508 4
6509 8
6510 12
6511 12
6512 11
6513 5
6514 10
6515 12
6516 11
6517 7
6518 11
6519 11
6520 11
6521 11
6522 7
6523 12
6524 13
6525 5
6526 6
6527 14
6528 11
6529 6
6530 6
6531 6
6532 7
6533 9
6534 10
6535 12
6536 10
6537 9
6538 12
6539 9
6540 12
6541 12
6542 15
6543 12
6544 20
6545 15
6546 9
6547 9
6548 6
6549 12
6550 10
6551 7
6552 10
6553 8
6554 7
6555 7
6556 6
6557 11
6558 15
6559 10
6560 3
6561 12
6562 12
6563 4
6564 6
6565 9
6566 7
6567 10
6568 19
6569 10
6570 15
6571 7
6572 10
6573 5
6574 8
6575 12
6576 9
6577 14
6578 3
6579 10
6580 11
6581 8
6582 10
6583 6
6584 8
6585 6
6586 5
6587 14
6588 10
6589 11
6590 11
6591 9
6592 12
6593 14
6594 9
6595 12
6596 6
6597 7
6598 11
6599 14
6600 12
6601 10
6602 9
6603 16
6604 11
6605 10
6606 9
6607 10
6608 9
6609 8
6610 11
6611 9
6612 8
6613 7
6614 13
6615 11
6616 12
6617 4
6618 14
6619 6
6620 10
6621 9
6622 9
6623 6
6624 6
6625 17
6626 10
6627 12
6628 14
6629 8
6630 11
6631 6
6632 14
6633 16
6634 12
6635 14
6636 15
6637 6
6638 8
6639 10
6640 8
6641 12
6642 5
6643 10
6644 10
6645 8
6646 14
6647 10
6648 12
6649 11
6650 17
6651 16
6652 15
6653 12
6654 9
6655 7
6656 12
6657 9
6658 14
6659 13
6660 12
6661 12
6662 13
6663 5
6664 12
6665 18
6666 11
6667 6
6668 5
6669 7
6670 11
6671 11
6672 14
6673 9
6674 11
6675 10
6676 13
6677 10
6678 12
6679 12
6680 10
6681 11
6682 9
6683 9
6684 9
6685 10
6686 8
6687 15
6688 13
6689 11
6690 11
6691 11
6692 6
6693 5
6694 10
6695 10
6696 10
6697 14
6698 10
6699 7
6700 9
6701 9
6702 14
6703 7
6704 12
6705 9
6706 8
6707 13
6708 17
6709 12
6710 11
6711 8
6712 6
6713 12
6714 9
6715 8
6716 10
6717 12
6718 9
6719 3
6720 7
6721 8
6722 9
6723 8
6724 12
6725 9
6726 8
6727 8
6728 6
6729 12
6730 8
6731 11
6732 10
6733 8
6734 12
6735 11
6736 13
6737 12
6738 9
6739 8
6740 12
6741 7
6742 10
6743 21
6744 11
6745 11
6746 7
6747 13
6748 12
6749 8
6750 12
6751 9
6752 12
6753 7
6754 7
6755 6
6756 15
6757 12
6758 17
6759 8
6760 14
6761 5
6762 11
6763 7
6764 6
6765 11
6766 8
6767 8
6768 7
6769 14
6770 11
6771 11
6772 11
6773 12
6774 14
6775 13
6776 9
6777 20
6778 10
6779 14
6780 18
6781 9
6782 6
6783 13
6784 7
6785 11
6786 10
6787 12
6788 13
6789 9
6790 13
6791 13
6792 4
6793 9
6794 12
6795 11
6796 6
6797 9
6798 14
6799 10
6800 10
6801 12
6802 10
6803 16
6804 10
6805 10
6806 14
6807 4
6808 6
6809 10
6810 10
6811 12
6812 12
6813 12
6814 10
6815 12
6816 11
6817 14
6818 12
6819 10
6820 4
6821 10
6822 6
6823 8
6824 10
6825 9
6826 13
6827 12
6828 12
6829 7
6830 19
6831 11
6832 7
6833 13
6834 12
6835 8
6836 15
6837 10
6838 8
6839 14
6840 12
6841 8
6842 9
6843 15
6844 7
6845 8
6846 14
6847 8
6848 5
6849 16
6850 7
6851 12
6852 10
6853 11
6854 8
6855 15
6856 15
6857 11
6858 8
6859 13
6860 7
6861 7
6862 11
6863 10
6864 14
6865 13
6866 6
6867 13
6868 8
6869 12
6870 17
6871 5
6872 6
6873 12
6874 12
6875 8
6876 7
6877 14
6878 7
6879 8
6880 12
6881 14
6882 9
6883 12
6884 10
6885 6
6886 11
6887 10
6888 10
6889 12
6890 17
6891 13
6892 8
6893 8
6894 10
6895 10
6896 7
6897 13
6898 12
6899 12
6900 11
6901 11
6902 15
6903 14
6904 15
6905 14
6906 9
6907 9
6908 9
6909 15
6910 8
6911 5
6912 10
6913 13
6914 14
6915 11
6916 5
6917 7
6918 10
6919 10
6920 10
6921 9
6922 14
6923 12
6924 6
6925 12
6926 9
6927 12
6928 12
6929 8
6930 14
6931 8
6932 8
6933 13
6934 15
6935 9
6936 10
6937 6
6938 11
6939 15
6940 6
6941 9
6942 17
6943 11
6944 6
6945 12
6946 12
6947 11
6948 11
6949 8
6950 13
6951 6
6952 16
6953 9
6954 14
6955 12
6956 14
6957 8
6958 11
6959 10
6960 8
6961 10
6962 4
6963 12
6964 12
6965 11
6966 14
6967 9
6968 5
6969 11
6970 15
6971 9
6972 16
6973 9
6974 18
6975 14
6976 13
6977 1
6978 10
6979 14
6980 11
6981 11
6982 14
6983 7
6984 13
6985 12
6986 15
6987 13
6988 8
6989 12
6990 11
6991 7
6992 10
6993 5
6994 11
6995 13
6996 15
6997 8
6998 10
6999 21
7000 9
7001 11
7002 14
7003 11
7004 17
7005 11
7006 8
7007 14
7008 12
7009 8
7010 9
7011 12
7012 11
7013 6
7014 10
7015 9
7016 7
7017 9
7018 7
7019 3
7020 6
7021 9
7022 12
7023 11
7024 9
7025 9
7026 9
7027 8
7028 11
7029 6
7030 14
7031 10
7032 14
7033 6
7034 11
7035 9
7036 6
7037 7
7038 20
7039 10
7040 10
7041 8
7042 12
7043 6
7044 9
7045 17
7046 11
7047 13
7048 7
7049 8
7050 7
7051 11
7052 11
7053 6
7054 6
7055 12
7056 12
7057 14
7058 8
7059 12
7060 6
7061 11
7062 9
7063 13
7064 6
7065 13
7066 15
7067 9
7068 7
7069 8
7070 14
7071 13
7072 11
7073 6
7074 14
7075 11
7076 9
7077 9
7078 12
7079 12
7080 11
7081 8
7082 11
7083 12
7084 11
7085 8
7086 10
7087 9
7088 16
7089 13
7090 8
7091 10
7092 9
7093 15
7094 10
7095 7
7096 9
7097 12
7098 17
7099 8
7100 9
7101 12
7102 9
7103 17
7104 14
7105 9
7106 6
7107 14
7108 13
7109 8
7110 12
7111 13
7112 5
7113 4
7114 9
7115 11
7116 12
7117 14
7118 12
7119 10
7120 19
7121 10
7122 16
7123 10
7124 14
7125 9
7126 8
7127 13
7128 15
7129 11
7130 6
7131 9
7132 7
7133 10
7134 17
7135 9
7136 19
7137 8
7138 5
7139 9
7140 10
7141 8
7142 10
7143 9
7144 12
7145 12
7146 13
7147 13
7148 7
7149 10
7150 14
7151 9
7152 4
7153 11
7154 6
7155 15
7156 12
7157 14
7158 7
7159 8
7160 7
7161 9
7162 10
7163 9
7164 9
7165 11
7166 12
7167 8
7168 8
7169 8
7170 9
7171 8
7172 8
7173 8
7174 8
7175 9
7176 13
7177 10
7178 6
7179 8
7180 11
7181 10
7182 10
7183 12
7184 15
7185 8
7186 7
7187 4
7188 15
7189 13
7190 10
7191 9
7192 11
7193 13
7194 9
7195 16
7196 14
7197 5
7198 6
7199 9
7200 7
7201 10
7202 10
7203 10
7204 9
7205 8
7206 14
7207 12
7208 9
7209 15
7210 18
7211 14
7212 13
7213 10
7214 14
7215 11
7216 11
7217 13
7218 10
7219 14
7220 11
7221 5
7222 11
7223 7
7224 12
7225 13
7226 13
7227 14
7228 14
7229 14
7230 11
7231 6
7232 13
7233 9
7234 7
7235 9
7236 9
7237 16
7238 10
7239 14
7240 8
7241 12
7242 13
7243 9
7244 11
7245 10
7246 11
7247 9
7248 16
7249 17
7250 7
7251 12
7252 7
7253 8
7254 10
7255 9
7256 16
7257 8
7258 9
7259 13
7260 7
7261 10
7262 11
7263 7
7264 12
7265 3
7266 16
7267 8
7268 10
7269 13
7270 5
7271 11
7272 7
7273 13
7274 11
7275 10
7276 11
7277 11
7278 12
7279 10
7280 10
7281 11
7282 17
7283 16
7284 5
7285 7
7286 13
7287 13
7288 7
7289 8
7290 11
7291 8
7292 17
7293 7
7294 9
7295 20
7296 13
7297 10
7298 9
7299 11
7300 12
7301 14
7302 9
7303 12
7304 12
7305 10
7306 10
7307 7
7308 8
7309 14
7310 10
7311 10
7312 7
7313 13
7314 5
7315 10
7316 11
7317 14
7318 12
7319 14
7320 4
7321 8
7322 13
7323 6
7324 4
7325 7
7326 13
7327 18
7328 8
7329 8
7330 13
7331 8
7332 6
7333 5
7334 15
7335 14
7336 12
7337 7
7338 11
7339 13
7340 12
7341 8
7342 15
7343 12
7344 17
7345 14
7346 12
7347 7
7348 7
7349 16
7350 11
7351 12
7352 11
7353 11
7354 8
7355 11
7356 13
7357 7
7358 8
7359 15
7360 13
7361 7
7362 9
7363 12
7364 10
7365 11
7366 9
7367 8
7368 12
7369 7
7370 12
7371 6
7372 10
7373 12
7374 5
7375 6
7376 15
7377 11
7378 10
7379 6
7380 7
7381 10
7382 8
7383 11
7384 8
7385 6
7386 10
7387 10
7388 15
7389 15
7390 11
7391 15
7392 12
7393 8
7394 12
7395 9
7396 9
7397 4
7398 11
7399 17
7400 6
7401 8
7402 12
7403 16
7404 12
7405 13
7406 7
7407 7
7408 6
7409 8
7410 10
7411 5
7412 12
7413 12
7414 8
7415 16
7416 13
7417 9
7418 6
7419 8
7420 10
7421 10
7422 12
7423 11
7424 14
7425 8
7426 12
7427 7
7428 13
7429 20
7430 15
7431 9
7432 10
7433 7
7434 11
7435 6
7436 6
7437 4
7438 8
7439 12
7440 9
7441 7
7442 10
7443 9
7444 11
7445 13
7446 12
7447 10
7448 10
7449 17
7450 9
7451 6
7452 12
7453 11
7454 13
7455 11
7456 9
7457 11
7458 4
7459 8
7460 9
7461 11
7462 18
7463 8
7464 11
7465 7
7466 10
7467 8
7468 11
7469 12
7470 9
7471 14
7472 12
7473 9
7474 14
7475 15
7476 8
7477 10
7478 10
7479 11
7480 11
7481 7
7482 8
7483 10
7484 11
7485 7
7486 8
7487 10
7488 9
7489 14
7490 11
7491 8
7492 11
7493 17
7494 11
7495 15
7496 13
7497 11
7498 11
7499 13
7500 8
7501 15
7502 10
7503 11
7504 10
7505 11
7506 12
7507 9
7508 12
7509 10
7510 13
7511 14
7512 8
7513 9
7514 9
7515 11
7516 11
7517 7
7518 11
7519 12
7520 6
7521 8
7522 16
7523 6
7524 10
7525 10
7526 15
7527 8
7528 13
7529 14
7530 9
7531 12
7532 9
7533 7
7534 13
7535 12
7536 10
7537 11
7538 10
7539 9
7540 3
7541 9
7542 10
7543 7
7544 9
7545 14
7546 14
7547 12
7548 11
7549 15
7550 12
7551 13
7552 14
7553 9
7554 8
7555 12
7556 10
7557 8
7558 11
7559 11
7560 13
7561 11
7562 16
7563 7
7564 11
7565 8
7566 15
7567 11
7568 15
7569 10
7570 12
7571 10
7572 15
7573 8
7574 10
7575 13
7576 7
7577 10
7578 12
7579 15
7580 10
7581 10
7582 10
7583 8
7584 15
7585 12
7586 16
7587 15
7588 10
7589 10
7590 10
7591 9
7592 13
7593 12
7594 9
7595 17
7596 10
7597 13
7598 12
7599 7
7600 10
7601 9
7602 10
7603 8
7604 8
7605 9
7606 10
7607 14
7608 12
7609 11
7610 5
7611 14
7612 15
7613 11
7614 7
7615 13
7616 11
7617 12
7618 8
7619 12
7620 10
7621 7
7622 10
7623 9
7624 8
7625 4
7626 11
7627 5
7628 8
7629 9
7630 4
7631 13
7632 12
7633 11
7634 12
7635 11
7636 12
7637 10
7638 8
7639 7
7640 18
7641 11
7642 13
7643 10
7644 9
7645 9
7646 11
7647 10
7648 6
7649 12
7650 11
7651 7
7652 7
7653 15
7654 11
7655 13
7656 8
7657 9
7658 9
7659 9
7660 12
7661 13
7662 6
7663 7
7664 15
7665 10
7666 6
7667 8
7668 12
7669 13
7670 7
7671 10
7672 12
7673 8
7674 9
7675 10
7676 10
7677 9
7678 10
7679 12
7680 12
7681 8
7682 11
7683 11
7684 14
7685 17
7686 5
7687 14
7688 10
7689 11
7690 13
7691 14
7692 7
7693 15
7694 10
7695 12
7696 16
7697 9
7698 11
7699 11
7700 7
7701 10
7702 11
7703 9
7704 7
7705 12
7706 6
7707 9
7708 13
7709 9
7710 12
7711 7
7712 6
7713 8
7714 8
7715 13
7716 15
7717 13
7718 9
7719 4
7720 6
7721 9
7722 18
7723 6
7724 12
7725 9
7726 9
7727 12
7728 13
7729 11
7730 10
7731 10
7732 10
7733 11
7734 11
7735 11
7736 14
7737 11
7738 10
7739 13
7740 17
7741 8
7742 17
7743 10
7744 10
7745 11
7746 13
7747 14
7748 13
7749 5
7750 9
7751 7
7752 11
7753 7
7754 11
7755 13
7756 10
7757 10
7758 12
7759 11
7760 10
7761 14
7762 11
7763 10
7764 12
7765 18
7766 7
7767 9
7768 11
7769 13
7770 8
7771 7
7772 5
7773 4
7774 12
7775 3
7776 5
7777 7
7778 12
7779 8
7780 11
7781 9
7782 10
7783 11
7784 9
7785 7
7786 20
7787 10
7788 13
7789 14
7790 11
7791 11
7792 17
7793 9
7794 18
7795 10
7796 11
7797 12
7798 9
7799 12
7800 12
7801 9
7802 11
7803 10
7804 12
7805 10
7806 12
7807 12
7808 9
7809 14
7810 16
7811 13
7812 15
7813 10
7814 11
7815 13
7816 12
7817 17
7818 9
7819 10
7820 9
7821 8
7822 10
7823 10
7824 9
7825 12
7826 16
7827 10
7828 17
7829 7
7830 8
7831 11
7832 11
7833 11
7834 6
7835 8
7836 10
7837 10
7838 9
7839 11
7840 12
7841 12
7842 11
7843 13
7844 7
7845 9
7846 11
7847 12
7848 12
7849 7
7850 11
7851 9
7852 8
7853 7
7854 9
7855 13
7856 9
7857 12
7858 6
7859 9
7860 14
7861 10
7862 10
7863 9
7864 15
7865 11
7866 10
7867 9
7868 13
7869 13
7870 7
7871 8
7872 17
7873 9
7874 17
7875 9
7876 12
7877 10
7878 9
7879 11
7880 4
7881 7
7882 10
7883 7
7884 11
7885 7
7886 7
7887 12
7888 11
7889 9
7890 6
7891 10
7892 8
7893 8
7894 13
7895 11
7896 13
7897 14
7898 9
7899 15
7900 13
7901 9
7902 9
7903 15
7904 11
7905 10
7906 10
7907 9
7908 10
7909 8
7910 10
7911 11
7912 11
7913 13
7914 9
7915 8
7916 14
7917 8
7918 16
7919 13
7920 11
7921 11
7922 11
7923 15
7924 8
7925 12
7926 9
7927 13
7928 8
7929 4
7930 11
7931 10
7932 10
7933 12
7934 9
7935 10
7936 11
7937 8
7938 11
7939 15
7940 7
7941 8
7942 10
7943 11
7944 16
7945 8
7946 10
7947 13
7948 12
7949 6
7950 7
7951 15
7952 10
7953 12
7954 10
7955 8
7956 14
7957 14
7958 8
7959 14
7960 14
7961 12
7962 10
7963 13
7964 6
7965 11
7966 16
7967 7
7968 13
7969 10
7970 13
7971 11
7972 14
7973 14
7974 11
7975 10
7976 6
7977 8
7978 12
7979 9
7980 19
7981 11
7982 13
7983 13
7984 9
7985 11
7986 16
7987 10
7988 16
7989 10
7990 13
7991 10
7992 10
7993 7
7994 11
7995 9
7996 10
7997 15
7998 10
7999 12
8000 12
8001 9
8002 8
8003 8
8004 13
8005 12
8006 12
8007 10
8008 14
8009 14
8010 8
8011 7
8012 14
8013 7
8014 19
8015 9
8016 13
8017 12
8018 5
8019 8
8020 13
8021 10
8022 6
8023 13
8024 11
8025 7
8026 6
8027 11
8028 7
8029 19
8030 10
8031 9
8032 15
8033 12
8034 16
8035 11
8036 9
8037 12
8038 9
8039 11
8040 12
8041 15
8042 14
8043 12
8044 9
8045 9
8046 11
8047 13
8048 11
8049 8
8050 13
8051 12
8052 11
8053 9
8054 11
8055 8
8056 12
8057 16
8058 14
8059 14
8060 19
8061 10
8062 14
8063 8
8064 7
8065 20
8066 9
8067 10
8068 10
8069 9
8070 13
8071 8
8072 3
8073 11
8074 10
8075 14
8076 14
8077 7
8078 12
8079 11
8080 4
8081 14
8082 14
8083 8
8084 15
8085 14
8086 6
8087 7
8088 14
8089 15
8090 13
8091 12
8092 10
8093 8
8094 12
8095 15
8096 13
8097 15
8098 10
8099 10
8100 11
8101 7
8102 7
8103 11
8104 9
8105 8
8106 7
8107 6
8108 5
8109 12
8110 10
8111 17
8112 8
8113 12
8114 15
8115 8
8116 11
8117 10
8118 5
8119 7
8120 11
8121 11
8122 20
8123 9
8124 11
8125 7
8126 10
8127 8
8128 12
8129 7
8130 7
8131 8
8132 9
8133 13
8134 15
8135 12
8136 7
8137 11
8138 7
8139 14
8140 13
8141 17
8142 17
8143 10
8144 11
8145 9
8146 9
8147 11
8148 14
8149 7
8150 8
8151 10
8152 10
8153 14
8154 9
8155 10
8156 14
8157 12
8158 8
8159 13
8160 10
8161 9
8162 9
8163 7
8164 14
8165 13
8166 11
8167 8
8168 8
8169 11
8170 13
8171 13
8172 4
8173 13
8174 13
8175 11
8176 10
8177 12
8178 13
8179 17
8180 10
8181 14
8182 10
8183 11
8184 10
8185 15
8186 11
8187 7
8188 9
8189 9
8190 14
8191 8
8192 12
8193 12
8194 9
8195 9
8196 14
8197 12
8198 7
8199 12
8200 6
8201 13
8202 4
8203 11
8204 16
8205 14
8206 14
8207 14
8208 12
8209 10
8210 13
8211 9
8212 5
8213 16
8214 14
8215 10
8216 14
8217 16
8218 9
8219 10
8220 14
8221 8
8222 9
8223 12
8224 4
8225 12
8226 13
8227 6
8228 11
8229 16
8230 9
8231 8
8232 14
8233 8
8234 16
8235 7
8236 10
8237 13
8238 9
8239 11
8240 9
8241 13
8242 14
8243 14
8244 15
8245 6
8246 13
8247 14
8248 12
8249 8
8250 6
8251 10
8252 12
8253 9
8254 11
8255 8
8256 11
8257 10
8258 10
8259 15
8260 10
8261 8
8262 8
8263 10
8264 14
8265 8
8266 11
8267 7
8268 10
8269 9
8270 7
8271 13
8272 7
8273 7
8274 8
8275 9
8276 11
8277 11
8278 8
8279 10
8280 2
8281 15
8282 8
8283 13
8284 8
8285 11
8286 18
8287 10
8288 10
8289 13
8290 11
8291 12
8292 13
8293 7
8294 11
8295 8
8296 14
8297 11
8298 10
8299 8
8300 11
8301 8
8302 15
8303 11
8304 14
8305 12
8306 11
8307 11
8308 5
8309 12
8310 7
8311 9
8312 13
8313 4
8314 8
8315 10
8316 9
8317 14
8318 11
8319 11
8320 10
8321 7
8322 12
8323 8
8324 7
8325 11
8326 17
8327 9
8328 14
8329 14
8330 11
8331 3
8332 5
8333 6
8334 9
8335 9
8336 8
8337 12
8338 7
8339 7
8340 9
8341 12
8342 5
8343 13
8344 14
8345 4
8346 10
8347 11
8348 4
8349 9
8350 13
8351 16
8352 11
8353 8
8354 14
8355 9
8356 9
8357 9
8358 14
8359 12
8360 16
8361 12
8362 14
8363 14
8364 12
8365 13
8366 8
8367 14
8368 12
8369 6
8370 9
8371 7
8372 15
8373 9
8374 10
8375 13
8376 16
8377 9
8378 3
8379 13
8380 15
8381 9
8382 8
8383 16
8384 12
8385 11
8386 19
8387 12
8388 15
8389 10
8390 9
8391 12
8392 11
8393 10
8394 13
8395 12
8396 18
8397 10
8398 15
8399 11
8400 12
8401 12
8402 11
8403 9
8404 10
8405 10
8406 7
8407 12
8408 8
8409 9
8410 12
8411 7
8412 11
8413 8
8414 11
8415 13
8416 8
8417 11
8418 17
8419 12
8420 12
8421 9
8422 11
8423 8
8424 11
8425 14
8426 16
8427 18
8428 13
8429 10
8430 11
8431 11
8432 11
8433 10
8434 15
8435 11
8436 13
8437 12
8438 9
8439 13
8440 9
8441 9
8442 13
8443 9
8444 11
8445 12
8446 10
8447 10
8448 12
8449 10
8450 12
8451 11
8452 12
8453 8
8454 9
8455 12
8456 12
8457 12
8458 6
8459 15
8460 12
8461 10
8462 14
8463 13
8464 8
8465 12
8466 7
8467 11
8468 9
8469 10
8470 9
8471 12
8472 10
8473 8
8474 10
8475 10
8476 8
8477 11
8478 12
8479 11
8480 16
8481 11
8482 9
8483 11
8484 7
8485 9
8486 12
8487 8
8488 12
8489 12
8490 14
8491 9
8492 12
8493 13
8494 12
8495 8
8496 11
8497 14
8498 12
8499 8
8500 10
8501 10
8502 10
8503 10
8504 11
8505 18
8506 13
8507 12
8508 11
8509 9
8510 13
8511 14
8512 11
8513 7
8514 9
8515 14
8516 12
8517 13
8518 10
8519 11
8520 15
8521 3
8522 10
8523 8
8524 7
8525 13
8526 17
8527 11
8528 6
8529 9
8530 10
8531 17
8532 14
8533 11
8534 9
8535 9
8536 14
8537 12
8538 12
8539 13
8540 13
8541 11
8542 13
8543 11
8544 8
8545 6
8546 11
8547 11
8548 7
8549 7
8550 6
8551 12
8552 12
8553 11
8554 10
8555 11
8556 11
8557 15
8558 9
8559 16
8560 11
8561 7
8562 11
8563 10
8564 12
8565 7
8566 10
8567 12
8568 11
8569 19
8570 13
8571 10
8572 17
8573 14
8574 11
8575 10
8576 9
8577 12
8578 8
8579 14
8580 17
8581 11
8582 8
8583 18
8584 12
8585 6
8586 14
8587 9
8588 7
8589 12
8590 6
8591 10
8592 9
8593 13
8594 10
8595 11
8596 6
8597 9
8598 14
8599 5
8600 13
8601 13
8602 10
8603 8
8604 12
8605 11
8606 12
8607 8
8608 17
8609 13
8610 12
8611 10
8612 12
8613 7
8614 15
8615 11
8616 6
8617 12
8618 12
8619 11
8620 13
8621 15
8622 12
8623 14
8624 10
8625 6
8626 11
8627 4
8628 11
8629 16
8630 18
8631 10
8632 13
8633 7
8634 12
8635 15
8636 12
8637 7
8638 7
8639 8
8640 12
8641 9
8642 13
8643 13
8644 7
8645 7
8646 8
8647 10
8648 7
8649 8
8650 11
8651 7
8652 6
8653 13
8654 7
8655 10
8656 12
8657 9
8658 16
8659 12
8660 7
8661 12
8662 10
8663 9
8664 14
8665 10
8666 11
8667 10
8668 13
8669 6
8670 7
8671 9
8672 8
8673 9
8674 7
8675 10
8676 9
8677 19
8678 14
8679 16
8680 14
8681 14
8682 13
8683 10
8684 10
8685 10
8686 11
8687 16
8688 12
8689 6
8690 7
8691 13
8692 15
8693 14
8694 12
8695 9
8696 10
8697 13
8698 8
8699 11
8700 15
8701 8
8702 13
8703 13
8704 11
8705 10
8706 17
8707 14
8708 10
8709 12
8710 10
8711 10
8712 12
8713 15
8714 12
8715 20
8716 13
8717 11
8718 11
8719 10
8720 7
8721 14
8722 14
8723 8
8724 11
8725 8
8726 14
8727 7
8728 11
8729 9
8730 8
8731 11
8732 8
8733 6
8734 15
8735 10
8736 13
8737 12
8738 9
8739 13
8740 9
8741 11
8742 14
8743 8
8744 9
8745 12
8746 11
8747 11
8748 13
8749 7
8750 9
8751 12
8752 10
8753 11
8754 7
8755 6
8756 10
8757 10
8758 14
8759 17
8760 16
8761 10
8762 7
8763 13
8764 22
8765 8
8766 8
8767 14
8768 14
8769 15
8770 5
8771 15
8772 10
8773 16
8774 10
8775 7
8776 12
8777 8
8778 9
8779 14
8780 10
8781 14
8782 13
8783 9
8784 6
8785 5
8786 9
8787 8
8788 7
8789 14
8790 10
8791 12
8792 11
8793 11
8794 11
8795 7
8796 7
8797 10
8798 6
8799 12
8800 13
8801 9
8802 12
8803 14
8804 8
8805 17
8806 13
8807 11
8808 9
8809 14
8810 10
8811 18
8812 15
8813 14
8814 20
8815 10
8816 9
8817 12
8818 11
8819 12
8820 16
8821 7
8822 11
8823 8
8824 8
8825 12
8826 8
8827 14
8828 10
8829 7
8830 16
8831 11
8832 14
8833 7
8834 13
8835 9
8836 12
8837 12
8838 6
8839 12
8840 8
8841 4
8842 17
8843 11
8844 3
8845 11
8846 12
8847 16
8848 11
8849 16
8850 16
8851 12
8852 9
8853 6
8854 11
8855 13
8856 9
8857 13
8858 11
8859 12
8860 7
8861 8
8862 10
8863 7
8864 4
8865 10
8866 9
8867 12
8868 14
8869 19
8870 9
8871 11
8872 11
8873 11
8874 14
8875 15
8876 15
8877 18
8878 5
8879 7
8880 8
8881 7
8882 10
8883 12
8884 7
8885 12
8886 13
8887 16
8888 18
8889 13
8890 12
8891 8
8892 9
8893 13
8894 9
8895 8
8896 10
8897 11
8898 12
8899 13
8900 8
8901 9
8902 10
8903 4
8904 8
8905 10
8906 12
8907 10
8908 14
8909 9
8910 12
8911 15
8912 10
8913 11
8914 9
8915 15
8916 12
8917 13
8918 11
8919 9
8920 12
8921 8
8922 11
8923 14
8924 13
8925 11
8926 10
8927 18
8928 14
8929 6
8930 10
8931 8
8932 10
8933 11
8934 13
8935 13
8936 14
8937 13
8938 11
8939 16
8940 20
8941 9
8942 7
8943 13
8944 17
8945 5
8946 7
8947 8
8948 12
8949 9
8950 11
8951 11
8952 11
8953 11
8954 6
8955 10
8956 14
8957 11
8958 17
8959 9
8960 12
8961 10
8962 8
8963 9
8964 4
8965 13
8966 9
8967 10
8968 13
8969 10
8970 11
8971 7
8972 10
8973 6
8974 11
8975 12
8976 10
8977 12
8978 8
8979 8
8980 11
8981 5
8982 14
8983 11
8984 13
8985 12
8986 9
8987 12
8988 13
8989 10
8990 5
8991 7
8992 8
8993 7
8994 14
8995 10
8996 6
8997 16
8998 17
8999 10
9000 11
9001 11
9002 15
9003 8
9004 14
9005 10
9006 8
9007 15
9008 9
9009 15
9010 10
9011 9
9012 13
9013 8
9014 11
9015 14
9016 9
9017 16
9018 11
9019 7
9020 5
9021 8
9022 10
9023 4
9024 12
9025 10
9026 8
9027 4
9028 12
9029 11
9030 8
9031 9
9032 12
9033 12
9034 10
9035 11
9036 9
9037 10
9038 12
9039 7
9040 8
9041 12
9042 13
9043 11
9044 11
9045 16
9046 9
9047 12
9048 12
9049 10
9050 10
9051 11
9052 13
9053 18
9054 8
9055 8
9056 11
9057 13
9058 6
9059 11
9060 10
9061 10
9062 7
9063 9
9064 12
9065 9
9066 12
9067 9
9068 9
9069 11
9070 4
9071 8
9072 10
9073 6
9074 8
9075 13
9076 10
9077 12
9078 10
9079 12
9080 10
9081 12
9082 15
9083 13
9084 16
9085 14
9086 10
9087 10
9088 11
9089 11
9090 10
9091 13
9092 8
9093 14
9094 9
9095 9
9096 17
9097 10
9098 12
9099 9
9100 9
9101 13
9102 12
9103 6
9104 17
9105 9
9106 12
9107 10
9108 12
9109 9
9110 14
9111 7
9112 9
9113 15
9114 11
9115 15
9116 12
9117 8
9118 10
9119 14
9120 10
9121 12
9122 9
9123 12
9124 13
9125 9
9126 12
9127 10
9128 7
9129 15
9130 7
9131 9
9132 2
9133 16
9134 9
9135 8
9136 12
9137 11
9138 7
9139 8
9140 7
9141 7
9142 14
9143 9
9144 8
9145 15
9146 9
9147 10
9148 9
9149 15
9150 12
9151 10
9152 8
9153 13
9154 6
9155 10
9156 14
9157 9
9158 13
9159 12
9160 13
9161 9
9162 14
9163 10
9164 8
9165 12
9166 7
9167 15
9168 4
9169 6
9170 10
9171 11
9172 13
9173 8
9174 10
9175 19
9176 21
9177 12
9178 5
9179 13
9180 13
9181 12
9182 16
9183 16
9184 8
9185 14
9186 7
9187 16
9188 13
9189 13
9190 10
9191 10
9192 14
9193 6
9194 11
9195 5
9196 10
9197 11
9198 16
9199 15
9200 14
9201 8
9202 11
9203 10
9204 10
9205 8
9206 10
9207 15
9208 15
9209 14
9210 10
9211 10
9212 10
9213 9
9214 13
9215 14
9216 12
9217 8
9218 15
9219 17
9220 9
9221 14
9222 8
9223 12
9224 6
9225 10
9226 11
9227 11
9228 8
9229 12
9230 8
9231 14
9232 6
9233 14
9234 12
9235 9
9236 12
9237 12
9238 6
9239 15
9240 12
9241 13
9242 10
9243 11
9244 13
9245 14
9246 13
9247 5
9248 5
9249 9
9250 14
9251 11
9252 10
9253 10
9254 14
9255 11
9256 16
9257 10
9258 10
9259 9
9260 13
9261 8
9262 7
9263 12
9264 8
9265 6
9266 17
9267 5
9268 14
9269 12
9270 8
9271 10
9272 7
9273 15
9274 16
9275 12
9276 11
9277 10
9278 8
9279 10
9280 15
9281 8
9282 14
9283 10
9284 16
9285 13
9286 10
9287 7
9288 10
9289 7
9290 8
9291 15
9292 19
9293 10
9294 12
9295 9
9296 13
9297 12
9298 3
9299 13
9300 10
9301 12
9302 10
9303 10
9304 6
9305 12
9306 15
9307 11
9308 12
9309 15
9310 12
9311 12
9312 13
9313 6
9314 11
9315 8
9316 17
9317 10
9318 14
9319 13
9320 16
9321 14
9322 9
9323 11
9324 3
9325 13
9326 10
9327 15
9328 11
9329 12
9330 9
9331 8
9332 17
9333 10
9334 11
9335 13
9336 14
9337 14
9338 7
9339 17
9340 11
9341 13
9342 10
9343 8
9344 13
9345 7
9346 17
9347 9
9348 16
9349 9
9350 8
9351 11
9352 12
9353 5
9354 12
9355 12
9356 10
9357 14
9358 6
9359 6
9360 16
9361 13
9362 11
9363 10
9364 9
9365 13
9366 8
9367 16
9368 11
9369 8
9370 9
9371 10
9372 13
9373 14
9374 10
9375 13
9376 11
9377 9
9378 9
9379 10
9380 8
9381 10
9382 12
9383 8
9384 10
9385 7
9386 14
9387 4
9388 7
9389 10
9390 14
9391 11
9392 11
9393 9
9394 14
9395 12
9396 10
9397 5
9398 13
9399 9
9400 13
9401 10
9402 14
9403 12
9404 9
9405 13
9406 16
9407 11
9408 12
9409 9
9410 11
9411 5
9412 12
9413 8
9414 11
9415 10
9416 12
9417 5
9418 10
9419 8
9420 17
9421 13
9422 11
9423 10
9424 9
9425 13
9426 17
9427 7
9428 11
9429 15
9430 8
9431 14
9432 16
9433 7
9434 19
9435 9
9436 11
9437 11
9438 9
9439 11
9440 14
9441 9
9442 8
9443 17
9444 15
9445 9
9446 13
9447 8
9448 12
9449 9
9450 5
9451 12
9452 6
9453 12
9454 16
9455 6
9456 17
9457 5
9458 7
9459 16
9460 11
9461 13
9462 13
9463 9
9464 8
9465 11
9466 11
9467 12
9468 11
9469 10
9470 13
9471 13
9472 14
9473 15
9474 9
9475 6
9476 7
9477 14
9478 10
9479 13
9480 9
9481 10
9482 9
9483 12
9484 7
9485 16
9486 16
9487 13
9488 9
9489 8
9490 6
9491 10
9492 9
9493 10
9494 8
9495 10
9496 8
9497 10
9498 6
9499 14
9500 12
9501 7
9502 10
9503 5
9504 13
9505 9
9506 12
9507 12
9508 11
9509 16
9510 14
9511 5
9512 6
9513 8
9514 7
9515 6
9516 8
9517 10
9518 7
9519 7
9520 7
9521 10
9522 10
9523 12
9524 3
9525 8
9526 6
9527 15
9528 12
9529 7
9530 11
9531 10
9532 8
9533 12
9534 13
9535 8
9536 12
9537 9
9538 9
9539 9
9540 9
9541 12
9542 8
9543 14
9544 8
9545 13
9546 11
9547 13
9548 8
9549 13
9550 15
9551 10
9552 11
9553 11
9554 10
9555 9
9556 17
9557 11
9558 11
9559 14
9560 10
9561 6
9562 15
9563 7
9564 8
9565 9
9566 9
9567 9
9568 8
9569 11
9570 13
9571 11
9572 9
9573 11
9574 8
9575 13
9576 11
9577 6
9578 11
9579 6
9580 6
9581 16
9582 17
9583 7
9584 11
9585 17
9586 13
9587 11
9588 15
9589 12
9590 14
9591 11
9592 12
9593 12
9594 8
9595 9
9596 12
9597 10
9598 9
9599 13
9600 11
9601 5
9602 8
9603 13
9604 10
9605 5
9606 9
9607 8
9608 16
9609 16
9610 9
9611 13
9612 11
9613 15
9614 9
9615 12
9616 9
9617 9
9618 14
9619 12
9620 13
9621 9
9622 16
9623 11
9624 11
9625 12
9626 13
9627 13
9628 5
9629 12
9630 8
9631 9
9632 9
9633 13
9634 8
9635 8
9636 16
9637 13
9638 10
9639 7
9640 18
9641 5
9642 12
9643 9
9644 14
9645 13
9646 13
9647 12
9648 13
9649 19
9650 9
9651 10
9652 16
9653 11
9654 9
9655 12
9656 15
9657 10
9658 9
9659 11
9660 16
9661 9
9662 10
9663 12
9664 11
9665 20
9666 15
9667 13
9668 9
9669 6
9670 11
9671 11
9672 12
9673 9
9674 8
9675 16
9676 7
9677 10
9678 10
9679 9
9680 10
9681 11
9682 14
9683 11
9684 8
9685 9
9686 9
9687 15
9688 7
9689 11
9690 16
9691 14
9692 12
9693 7
9694 16
9695 16
9696 12
9697 17
9698 9
9699 8
9700 5
9701 13
9702 11
9703 8
9704 14
9705 14
9706 12
9707 10
9708 15
9709 10
9710 11
9711 10
9712 13
9713 6
9714 13
9715 8
9716 13
9717 15
9718 12
9719 16
9720 14
9721 6
9722 13
9723 11
9724 11
9725 13
9726 13
9727 12
9728 9
9729 10
9730 8
9731 7
9732 13
9733 12
9734 10
9735 7
9736 12
9737 9
9738 11
9739 6
9740 7
9741 11
9742 9
9743 8
9744 19
9745 11
9746 10
9747 11
9748 8
9749 11
9750 9
9751 8
9752 7
9753 9
9754 7
9755 15
9756 14
9757 8
9758 15
9759 14
9760 13
9761 7
9762 10
9763 7
9764 11
9765 19
9766 9
9767 9
9768 9
9769 5
9770 13
9771 16
9772 10
9773 8
9774 12
9775 13
9776 15
9777 16
9778 8
9779 10
9780 18
9781 10
9782 12
9783 14
9784 11
9785 9
9786 9
9787 13
9788 7
9789 15
9790 10
9791 17
9792 10
9793 10
9794 7
9795 8
9796 8
9797 3
9798 14
9799 9
9800 7
9801 14
9802 15
9803 10
9804 13
9805 8
9806 11
9807 10
9808 10
9809 13
9810 10
9811 6
9812 12
9813 12
9814 7
9815 13
9816 13
9817 13
9818 8
9819 17
9820 12
9821 7
9822 15
9823 13
9824 11
9825 9
9826 8
9827 20
9828 16
9829 6
9830 18
9831 8
9832 12
9833 15
9834 14
9835 13
9836 12
9837 12
9838 7
9839 15
9840 9
9841 6
9842 11
9843 10
9844 6
9845 5
9846 14
9847 15
9848 9
9849 17
9850 13
9851 8
9852 21
9853 11
9854 19
9855 8
9856 14
9857 9
9858 11
9859 13
9860 16
9861 12
9862 9
9863 12
9864 4
9865 12
9866 13
9867 10
9868 6
9869 12
9870 11
9871 13
9872 13
9873 16
9874 11
9875 13
9876 16
9877 11
9878 14
9879 16
9880 12
9881 13
9882 9
9883 10
9884 10
9885 12
9886 13
9887 15
9888 14
9889 8
9890 12
9891 10
9892 10
9893 8
9894 12
9895 11
9896 11
9897 10
9898 12
9899 6
9900 7
9901 14
9902 10
9903 18
9904 10
9905 11
9906 12
9907 4
9908 6
9909 12
9910 9
9911 15
9912 8
9913 10
9914 7
9915 13
9916 10
9917 11
9918 16
9919 8
9920 6
9921 13
9922 9
9923 12
9924 11
9925 12
9926 17
9927 14
9928 6
9929 7
9930 21
9931 11
9932 6
9933 12
9934 9
9935 7
9936 10
9937 10
9938 5
9939 9
9940 11
9941 6
9942 14
9943 8
9944 15
9945 11
9946 12
9947 11
9948 11
9949 13
9950 10
9951 8
9952 8
9953 8
9954 8
9955 13
9956 9
9957 10
9958 7
9959 10
9960 12
9961 13
9962 6
9963 7
9964 12
9965 14
9966 8
9967 9
9968 15
9969 10
9970 10
9971 13
9972 17
9973 9
9974 12
9975 5
9976 10
9977 5
9978 13
9979 14
9980 9
9981 9
9982 9
9983 12
9984 13
9985 9
9986 12
9987 13
9988 9
9989 10
9990 13
9991 9
9992 9
9993 8
9994 11
9995 10
9996 15
9997 15
9998 9
9999 7
10000 6
